BEGIN DSCRDATA
% INDEX	K01	L01	M01	N01	K02	L02	M02	N02	K03	L03	M03	N03	K04	L04	M04	N04	K05	L05	M05	N05	K06	L06	M06	N06	K07	L07	M07	N07	K08	L08	M08	N08	K09	L09	M09	N09	K10	L10	M10	N10	K11	L11	M11	N11	K12	L12	M12	N12	K13	L13	M13	N13	K14	L14	M14	N14
0	0	0	0	0	0	0	0	0	0	0	0	0	0	0	0	0	0	0	0	0	0	0	0	0	0	0	0	0	0	0	0	0	0	0	0	0	0	0	0	0	0	0	0	0	0	0	0	0	0	0	0	0	0	0	0	0
1	1E-30	3.862E-7	87.24	1E-30	1.529E-10	7.151E-8	108.4	8.563E-13	1E-30	8.695E-9	6.162	1E-30	1E-30	1E-30	0.044	1E-30	1E-30	1E-30	1E-30	1E-30	1E-30	1E-30	1E-30	1E-30	1E-30	1E-30	1E-30	1E-30	1E-30	1E-30	1E-30	1E-30	1E-30	1E-30	1E-30	1E-30	1E-30	1E-30	1E-30	1E-30	1E-30	1E-30	1E-30	1E-30	1E-30	1E-30	1E-30	1E-30	1E-30	1E-30	1E-30	1E-30	1E-30	1E-30	1E-30	1E-30
2	1E-30	1.306E-7	145.7	1E-30	2.614E-10	4.956E-7	109.2	9.208E-13	1E-30	1.608E-8	7.627	1E-30	1E-30	1E-30	0.06	1E-30	1E-30	1E-30	1E-30	1E-30	1E-30	1E-30	1E-30	1E-30	1E-30	1E-30	1E-30	1E-30	1E-30	1E-30	1E-30	1E-30	1E-30	1E-30	1E-30	1E-30	1E-30	1E-30	1E-30	1E-30	1E-30	1E-30	1E-30	1E-30	1E-30	1E-30	1E-30	1E-30	1E-30	1E-30	1E-30	1E-30	1E-30	1E-30	1E-30	1E-30
3	1E-30	1.696E-7	193.4	1E-30	2.281E-10	5.568E-7	127.3	1.006E-12	1E-30	1.378E-8	6.805	1E-30	1E-30	1E-30	0.066	1E-30	1E-30	1E-30	1E-30	1E-30	1E-30	1E-30	1E-30	1E-30	1E-30	1E-30	1E-30	1E-30	1E-30	1E-30	1E-30	1E-30	1E-30	1E-30	1E-30	1E-30	1E-30	1E-30	1E-30	1E-30	1E-30	1E-30	1E-30	1E-30	1E-30	1E-30	1E-30	1E-30	1E-30	1E-30	1E-30	1E-30	1E-30	1E-30	1E-30	1E-30
4	1E-30	1.09E-7	21.25	1E-30	2.212E-12	6.73E-10	2.111	4.617E-12	1E-30	2.275E-8	25.9	1E-30	1E-30	1E-30	0.01	1E-30	1E-30	1E-30	1E-30	1E-30	1E-30	1E-30	1E-30	1E-30	1E-30	1E-30	1E-30	1E-30	1E-30	1E-30	1E-30	1E-30	1E-30	1E-30	1E-30	1E-30	1E-30	1E-30	1E-30	1E-30	1E-30	1E-30	1E-30	1E-30	1E-30	1E-30	1E-30	1E-30	1E-30	1E-30	1E-30	1E-30	1E-30	1E-30	1E-30	1E-30
5	1E-30	2.882E-7	276.3	1E-30	1.476E-10	8.093E-7	179.6	7.889E-13	1E-30	8.265E-10	17.21	1E-30	1E-30	1E-30	0.118	1E-30	1E-30	1E-30	1E-30	1E-30	1E-30	1E-30	1E-30	1E-30	1E-30	1E-30	1E-30	1E-30	1E-30	1E-30	1E-30	1E-30	1E-30	1E-30	1E-30	1E-30	1E-30	1E-30	1E-30	1E-30	1E-30	1E-30	1E-30	1E-30	1E-30	1E-30	1E-30	1E-30	1E-30	1E-30	1E-30	1E-30	1E-30	1E-30	1E-30	1E-30
6	1E-30	4E-7	388.2	1E-30	1.029E-10	1.098E-6	246	7.389E-13	1E-30	1.369E-9	11.45	1E-30	1E-30	1E-30	0.157	1E-30	1E-30	1E-30	1E-30	1E-30	1E-30	1E-30	1E-30	1E-30	1E-30	1E-30	1E-30	1E-30	1E-30	1E-30	1E-30	1E-30	1E-30	1E-30	1E-30	1E-30	1E-30	1E-30	1E-30	1E-30	1E-30	1E-30	1E-30	1E-30	1E-30	1E-30	1E-30	1E-30	1E-30	1E-30	1E-30	1E-30	1E-30	1E-30	1E-30	1E-30
7	1E-30	4.827E-8	57.11	1E-30	6.909E-10	1.52E-7	38.09	1.03E-12	1E-30	5.227E-8	7.509	1E-30	1E-30	1E-30	0.023	1E-30	1E-30	1E-30	1E-30	1E-30	1E-30	1E-30	1E-30	1E-30	1E-30	1E-30	1E-30	1E-30	1E-30	1E-30	1E-30	1E-30	1E-30	1E-30	1E-30	1E-30	1E-30	1E-30	1E-30	1E-30	1E-30	1E-30	1E-30	1E-30	1E-30	1E-30	1E-30	1E-30	1E-30	1E-30	1E-30	1E-30	1E-30	1E-30	1E-30	1E-30
8	1E-30	4.744E-7	499.4	1E-30	8.043E-11	1.347E-6	309	7.848E-13	1E-30	1.515E-8	7.73	1E-30	1E-30	1E-30	0.18	1E-30	1E-30	1E-30	1E-30	1E-30	1E-30	1E-30	1E-30	1E-30	1E-30	1E-30	1E-30	1E-30	1E-30	1E-30	1E-30	1E-30	1E-30	1E-30	1E-30	1E-30	1E-30	1E-30	1E-30	1E-30	1E-30	1E-30	1E-30	1E-30	1E-30	1E-30	1E-30	1E-30	1E-30	1E-30	1E-30	1E-30	1E-30	1E-30	1E-30	1E-30
9	1E-30	6.258E-8	73.87	1E-30	6.005E-10	2.281E-7	52.17	1.129E-12	1E-30	9.439E-9	4.687	1E-30	1E-30	1E-30	0.026	1E-30	1E-30	1E-30	1E-30	1E-30	1E-30	1E-30	1E-30	1E-30	1E-30	1E-30	1E-30	1E-30	1E-30	1E-30	1E-30	1E-30	1E-30	1E-30	1E-30	1E-30	1E-30	1E-30	1E-30	1E-30	1E-30	1E-30	1E-30	1E-30	1E-30	1E-30	1E-30	1E-30	1E-30	1E-30	1E-30	1E-30	1E-30	1E-30	1E-30	1E-30
10	1E-30	3.862E-7	87.24	1E-30	1.529E-10	7.151E-8	108.4	8.563E-13	1E-30	8.695E-9	6.162	1E-30	1E-30	1E-30	0.044	1E-30	1E-30	1E-30	1E-30	1E-30	1E-30	1E-30	1E-30	1E-30	1E-30	1E-30	1E-30	1E-30	1E-30	1E-30	1E-30	1E-30	1E-30	1E-30	1E-30	1E-30	1E-30	1E-30	1E-30	1E-30	1E-30	1E-30	1E-30	1E-30	1E-30	1E-30	1E-30	1E-30	1E-30	1E-30	1E-30	1E-30	1E-30	1E-30	1E-30	1E-30
11	1E-30	1.306E-7	145.7	1E-30	2.614E-10	4.956E-7	109.2	9.208E-13	1E-30	1.608E-8	7.627	1E-30	1E-30	1E-30	0.06	1E-30	1E-30	1E-30	1E-30	1E-30	1E-30	1E-30	1E-30	1E-30	1E-30	1E-30	1E-30	1E-30	1E-30	1E-30	1E-30	1E-30	1E-30	1E-30	1E-30	1E-30	1E-30	1E-30	1E-30	1E-30	1E-30	1E-30	1E-30	1E-30	1E-30	1E-30	1E-30	1E-30	1E-30	1E-30	1E-30	1E-30	1E-30	1E-30	1E-30	1E-30
12	1E-30	1.696E-7	193.4	1E-30	2.281E-10	5.568E-7	127.3	1.006E-12	1E-30	1.378E-8	6.805	1E-30	1E-30	1E-30	0.066	1E-30	1E-30	1E-30	1E-30	1E-30	1E-30	1E-30	1E-30	1E-30	1E-30	1E-30	1E-30	1E-30	1E-30	1E-30	1E-30	1E-30	1E-30	1E-30	1E-30	1E-30	1E-30	1E-30	1E-30	1E-30	1E-30	1E-30	1E-30	1E-30	1E-30	1E-30	1E-30	1E-30	1E-30	1E-30	1E-30	1E-30	1E-30	1E-30	1E-30	1E-30
13	1E-30	1.09E-7	21.25	1E-30	2.212E-12	6.73E-10	2.111	4.617E-12	1E-30	2.275E-8	25.9	1E-30	1E-30	1E-30	0.01	1E-30	1E-30	1E-30	1E-30	1E-30	1E-30	1E-30	1E-30	1E-30	1E-30	1E-30	1E-30	1E-30	1E-30	1E-30	1E-30	1E-30	1E-30	1E-30	1E-30	1E-30	1E-30	1E-30	1E-30	1E-30	1E-30	1E-30	1E-30	1E-30	1E-30	1E-30	1E-30	1E-30	1E-30	1E-30	1E-30	1E-30	1E-30	1E-30	1E-30	1E-30
14	1E-30	2.882E-7	276.3	1E-30	1.476E-10	8.093E-7	179.6	7.889E-13	1E-30	8.265E-10	17.21	1E-30	1E-30	1E-30	0.118	1E-30	1E-30	1E-30	1E-30	1E-30	1E-30	1E-30	1E-30	1E-30	1E-30	1E-30	1E-30	1E-30	1E-30	1E-30	1E-30	1E-30	1E-30	1E-30	1E-30	1E-30	1E-30	1E-30	1E-30	1E-30	1E-30	1E-30	1E-30	1E-30	1E-30	1E-30	1E-30	1E-30	1E-30	1E-30	1E-30	1E-30	1E-30	1E-30	1E-30	1E-30
15	1E-30	4E-7	388.2	1E-30	1.029E-10	1.098E-6	246	7.389E-13	1E-30	1.369E-9	11.45	1E-30	1E-30	1E-30	0.157	1E-30	1E-30	1E-30	1E-30	1E-30	1E-30	1E-30	1E-30	1E-30	1E-30	1E-30	1E-30	1E-30	1E-30	1E-30	1E-30	1E-30	1E-30	1E-30	1E-30	1E-30	1E-30	1E-30	1E-30	1E-30	1E-30	1E-30	1E-30	1E-30	1E-30	1E-30	1E-30	1E-30	1E-30	1E-30	1E-30	1E-30	1E-30	1E-30	1E-30	1E-30
16	1E-30	4.827E-8	57.11	1E-30	6.909E-10	1.52E-7	38.09	1.03E-12	1E-30	5.227E-8	7.509	1E-30	1E-30	1E-30	0.023	1E-30	1E-30	1E-30	1E-30	1E-30	1E-30	1E-30	1E-30	1E-30	1E-30	1E-30	1E-30	1E-30	1E-30	1E-30	1E-30	1E-30	1E-30	1E-30	1E-30	1E-30	1E-30	1E-30	1E-30	1E-30	1E-30	1E-30	1E-30	1E-30	1E-30	1E-30	1E-30	1E-30	1E-30	1E-30	1E-30	1E-30	1E-30	1E-30	1E-30	1E-30
17	1E-30	4.744E-7	499.4	1E-30	8.043E-11	1.347E-6	309	7.848E-13	1E-30	1.515E-8	7.73	1E-30	1E-30	1E-30	0.18	1E-30	1E-30	1E-30	1E-30	1E-30	1E-30	1E-30	1E-30	1E-30	1E-30	1E-30	1E-30	1E-30	1E-30	1E-30	1E-30	1E-30	1E-30	1E-30	1E-30	1E-30	1E-30	1E-30	1E-30	1E-30	1E-30	1E-30	1E-30	1E-30	1E-30	1E-30	1E-30	1E-30	1E-30	1E-30	1E-30	1E-30	1E-30	1E-30	1E-30	1E-30
18	1E-30	6.258E-8	73.87	1E-30	6.005E-10	2.281E-7	52.17	1.129E-12	1E-30	9.439E-9	4.687	1E-30	1E-30	1E-30	0.026	1E-30	1E-30	1E-30	1E-30	1E-30	1E-30	1E-30	1E-30	1E-30	1E-30	1E-30	1E-30	1E-30	1E-30	1E-30	1E-30	1E-30	1E-30	1E-30	1E-30	1E-30	1E-30	1E-30	1E-30	1E-30	1E-30	1E-30	1E-30	1E-30	1E-30	1E-30	1E-30	1E-30	1E-30	1E-30	1E-30	1E-30	1E-30	1E-30	1E-30	1E-30
19	1E-30	3.862E-7	87.24	1E-30	1.529E-10	7.151E-8	108.4	8.563E-13	1E-30	8.695E-9	6.162	1E-30	1E-30	1E-30	0.044	1E-30	1E-30	1E-30	1E-30	1E-30	1E-30	1E-30	1E-30	1E-30	1E-30	1E-30	1E-30	1E-30	1E-30	1E-30	1E-30	1E-30	1E-30	1E-30	1E-30	1E-30	1E-30	1E-30	1E-30	1E-30	1E-30	1E-30	1E-30	1E-30	1E-30	1E-30	1E-30	1E-30	1E-30	1E-30	1E-30	1E-30	1E-30	1E-30	1E-30	1E-30
20	1E-30	1.306E-7	145.7	1E-30	2.614E-10	4.956E-7	109.2	9.208E-13	1E-30	1.608E-8	7.627	1E-30	1E-30	1E-30	0.06	1E-30	1E-30	1E-30	1E-30	1E-30	1E-30	1E-30	1E-30	1E-30	1E-30	1E-30	1E-30	1E-30	1E-30	1E-30	1E-30	1E-30	1E-30	1E-30	1E-30	1E-30	1E-30	1E-30	1E-30	1E-30	1E-30	1E-30	1E-30	1E-30	1E-30	1E-30	1E-30	1E-30	1E-30	1E-30	1E-30	1E-30	1E-30	1E-30	1E-30	1E-30
21	1E-30	1.696E-7	193.4	1E-30	2.281E-10	5.568E-7	127.3	1.006E-12	1E-30	1.378E-8	6.805	1E-30	1E-30	1E-30	0.066	1E-30	1E-30	1E-30	1E-30	1E-30	1E-30	1E-30	1E-30	1E-30	1E-30	1E-30	1E-30	1E-30	1E-30	1E-30	1E-30	1E-30	1E-30	1E-30	1E-30	1E-30	1E-30	1E-30	1E-30	1E-30	1E-30	1E-30	1E-30	1E-30	1E-30	1E-30	1E-30	1E-30	1E-30	1E-30	1E-30	1E-30	1E-30	1E-30	1E-30	1E-30
22	1E-30	1.09E-7	21.25	1E-30	2.212E-12	6.73E-10	2.111	4.617E-12	1E-30	2.275E-8	25.9	1E-30	1E-30	1E-30	0.01	1E-30	1E-30	1E-30	1E-30	1E-30	1E-30	1E-30	1E-30	1E-30	1E-30	1E-30	1E-30	1E-30	1E-30	1E-30	1E-30	1E-30	1E-30	1E-30	1E-30	1E-30	1E-30	1E-30	1E-30	1E-30	1E-30	1E-30	1E-30	1E-30	1E-30	1E-30	1E-30	1E-30	1E-30	1E-30	1E-30	1E-30	1E-30	1E-30	1E-30	1E-30
23	1E-30	2.882E-7	276.3	1E-30	1.476E-10	8.093E-7	179.6	7.889E-13	1E-30	8.265E-10	17.21	1E-30	1E-30	1E-30	0.118	1E-30	1E-30	1E-30	1E-30	1E-30	1E-30	1E-30	1E-30	1E-30	1E-30	1E-30	1E-30	1E-30	1E-30	1E-30	1E-30	1E-30	1E-30	1E-30	1E-30	1E-30	1E-30	1E-30	1E-30	1E-30	1E-30	1E-30	1E-30	1E-30	1E-30	1E-30	1E-30	1E-30	1E-30	1E-30	1E-30	1E-30	1E-30	1E-30	1E-30	1E-30
24	1E-30	4E-7	388.2	1E-30	1.029E-10	1.098E-6	246	7.389E-13	1E-30	1.369E-9	11.45	1E-30	1E-30	1E-30	0.157	1E-30	1E-30	1E-30	1E-30	1E-30	1E-30	1E-30	1E-30	1E-30	1E-30	1E-30	1E-30	1E-30	1E-30	1E-30	1E-30	1E-30	1E-30	1E-30	1E-30	1E-30	1E-30	1E-30	1E-30	1E-30	1E-30	1E-30	1E-30	1E-30	1E-30	1E-30	1E-30	1E-30	1E-30	1E-30	1E-30	1E-30	1E-30	1E-30	1E-30	1E-30
25	1E-30	4.827E-8	57.11	1E-30	6.909E-10	1.52E-7	38.09	1.03E-12	1E-30	5.227E-8	7.509	1E-30	1E-30	1E-30	0.023	1E-30	1E-30	1E-30	1E-30	1E-30	1E-30	1E-30	1E-30	1E-30	1E-30	1E-30	1E-30	1E-30	1E-30	1E-30	1E-30	1E-30	1E-30	1E-30	1E-30	1E-30	1E-30	1E-30	1E-30	1E-30	1E-30	1E-30	1E-30	1E-30	1E-30	1E-30	1E-30	1E-30	1E-30	1E-30	1E-30	1E-30	1E-30	1E-30	1E-30	1E-30
26	1E-30	4.744E-7	499.4	1E-30	8.043E-11	1.347E-6	309	7.848E-13	1E-30	1.515E-8	7.73	1E-30	1E-30	1E-30	0.18	1E-30	1E-30	1E-30	1E-30	1E-30	1E-30	1E-30	1E-30	1E-30	1E-30	1E-30	1E-30	1E-30	1E-30	1E-30	1E-30	1E-30	1E-30	1E-30	1E-30	1E-30	1E-30	1E-30	1E-30	1E-30	1E-30	1E-30	1E-30	1E-30	1E-30	1E-30	1E-30	1E-30	1E-30	1E-30	1E-30	1E-30	1E-30	1E-30	1E-30	1E-30
27	1E-30	6.258E-8	73.87	1E-30	6.005E-10	2.281E-7	52.17	1.129E-12	1E-30	9.439E-9	4.687	1E-30	1E-30	1E-30	0.026	1E-30	1E-30	1E-30	1E-30	1E-30	1E-30	1E-30	1E-30	1E-30	1E-30	1E-30	1E-30	1E-30	1E-30	1E-30	1E-30	1E-30	1E-30	1E-30	1E-30	1E-30	1E-30	1E-30	1E-30	1E-30	1E-30	1E-30	1E-30	1E-30	1E-30	1E-30	1E-30	1E-30	1E-30	1E-30	1E-30	1E-30	1E-30	1E-30	1E-30	1E-30
END DSCRDATA
