BEGIN DSCRDATA
% INDEX	K01	L01	M01	N01	K02	L02	M02	N02	K03	L03	M03	N03	K04	L04	M04	N04	K05	L05	M05	N05	K06	L06	M06	N06	K07	L07	M07	N07	K08	L08	M08	N08	K09	L09	M09	N09	K10	L10	M10	N10	K11	L11	M11	N11	K12	L12	M12	N12	K13	L13	M13	N13	K14	L14	M14	N14
0	0	0	0	0	0	0	0	0	0	0	0	0	0	0	0	0	0	0	0	0	0	0	0	0	0	0	0	0	0	0	0	0	0	0	0	0	0	0	0	0	0	0	0	0	0	0	0	0	0	0	0	0	0	0	0	0
1	1E-30	1.176E-7	78.98	1E-30	1E-30	4.438E-7	31	1.158E-12	1E-30	9.463E-8	21.59	1E-30	1E-30	1E-30	0.022	1E-30	1E-30	1E-30	1E-30	1E-30	1E-30	1E-30	1E-30	1E-30	1E-30	1E-30	1E-30	1E-30	1E-30	1E-30	1E-30	1E-30	1E-30	1E-30	1E-30	1E-30	1E-30	1E-30	1E-30	1E-30	1E-30	1E-30	1E-30	1E-30	1E-30	1E-30	1E-30	1E-30	1E-30	1E-30	1E-30	1E-30	1E-30	1E-30	1E-30	1E-30
2	9.598E-10	6.076E-6	766.5	1E-30	1E-30	5.12E-8	4544	7.844E-13	1E-30	3.384E-9	9721	1E-30	1E-30	1E-30	0.15	1E-30	1E-30	1E-30	1E-30	1E-30	1E-30	1E-30	1E-30	1E-30	1E-30	1E-30	1E-30	1E-30	1E-30	1E-30	1E-30	1E-30	1E-30	1E-30	1E-30	1E-30	1E-30	1E-30	1E-30	1E-30	1E-30	1E-30	1E-30	1E-30	1E-30	1E-30	1E-30	1E-30	1E-30	1E-30	1E-30	1E-30	1E-30	1E-30	1E-30	1E-30
3	1E-30	1.925E-7	103.2	1E-30	1E-30	4.165E-7	26.11	1.158E-12	1E-30	1.224E-7	21.78	1E-30	1E-30	1E-30	0.022	1E-30	1E-30	1E-30	1E-30	1E-30	1E-30	1E-30	1E-30	1E-30	1E-30	1E-30	1E-30	1E-30	1E-30	1E-30	1E-30	1E-30	1E-30	1E-30	1E-30	1E-30	1E-30	1E-30	1E-30	1E-30	1E-30	1E-30	1E-30	1E-30	1E-30	1E-30	1E-30	1E-30	1E-30	1E-30	1E-30	1E-30	1E-30	1E-30	1E-30	1E-30
4	1E-30	3.873E-7	191.3	1E-30	1E-30	7.577E-7	49.07	9.349E-13	1E-30	1.089E-7	17.85	1E-30	1E-30	1E-30	0.042	1E-30	1E-30	1E-30	1E-30	1E-30	1E-30	1E-30	1E-30	1E-30	1E-30	1E-30	1E-30	1E-30	1E-30	1E-30	1E-30	1E-30	1E-30	1E-30	1E-30	1E-30	1E-30	1E-30	1E-30	1E-30	1E-30	1E-30	1E-30	1E-30	1E-30	1E-30	1E-30	1E-30	1E-30	1E-30	1E-30	1E-30	1E-30	1E-30	1E-30	1E-30
5	1E-30	4.838E-8	3.521	1E-30	1E-30	6.735E-8	4.901	2.539E-12	1E-30	5.137E-8	20.79	1E-30	1E-30	1E-30	4E-3	1E-30	1E-30	1E-30	1E-30	1E-30	1E-30	1E-30	1E-30	1E-30	1E-30	1E-30	1E-30	1E-30	1E-30	1E-30	1E-30	1E-30	1E-30	1E-30	1E-30	1E-30	1E-30	1E-30	1E-30	1E-30	1E-30	1E-30	1E-30	1E-30	1E-30	1E-30	1E-30	1E-30	1E-30	1E-30	1E-30	1E-30	1E-30	1E-30	1E-30	1E-30
6	1E-30	9.425E-8	8.186	1E-30	1E-30	3.921E-9	0.3405	3.026E-12	1E-30	5.944E-8	27.95	1E-30	1E-30	1E-30	7E-3	1E-30	1E-30	1E-30	1E-30	1E-30	1E-30	1E-30	1E-30	1E-30	1E-30	1E-30	1E-30	1E-30	1E-30	1E-30	1E-30	1E-30	1E-30	1E-30	1E-30	1E-30	1E-30	1E-30	1E-30	1E-30	1E-30	1E-30	1E-30	1E-30	1E-30	1E-30	1E-30	1E-30	1E-30	1E-30	1E-30	1E-30	1E-30	1E-30	1E-30	1E-30
7	1E-30	4.323E-7	301.7	1E-30	1E-30	1.179E-6	113.4	9.349E-13	1E-30	5.406E-8	12.85	1E-30	1E-30	1E-30	0.063	1E-30	1E-30	1E-30	1E-30	1E-30	1E-30	1E-30	1E-30	1E-30	1E-30	1E-30	1E-30	1E-30	1E-30	1E-30	1E-30	1E-30	1E-30	1E-30	1E-30	1E-30	1E-30	1E-30	1E-30	1E-30	1E-30	1E-30	1E-30	1E-30	1E-30	1E-30	1E-30	1E-30	1E-30	1E-30	1E-30	1E-30	1E-30	1E-30	1E-30	1E-30
8	1E-30	8.209E-7	413.9	1E-30	1E-30	2.377E-6	138.8	1.128E-12	1E-30	8.084E-8	13.16	1E-30	1E-30	1E-30	0.09	1E-30	1E-30	1E-30	1E-30	1E-30	1E-30	1E-30	1E-30	1E-30	1E-30	1E-30	1E-30	1E-30	1E-30	1E-30	1E-30	1E-30	1E-30	1E-30	1E-30	1E-30	1E-30	1E-30	1E-30	1E-30	1E-30	1E-30	1E-30	1E-30	1E-30	1E-30	1E-30	1E-30	1E-30	1E-30	1E-30	1E-30	1E-30	1E-30	1E-30	1E-30
9	1E-30	9.89E-7	510	1E-30	1E-30	2.638E-6	158.4	1.184E-12	1E-30	7.302E-8	12.15	1E-30	1E-30	1E-30	0.09	1E-30	1E-30	1E-30	1E-30	1E-30	1E-30	1E-30	1E-30	1E-30	1E-30	1E-30	1E-30	1E-30	1E-30	1E-30	1E-30	1E-30	1E-30	1E-30	1E-30	1E-30	1E-30	1E-30	1E-30	1E-30	1E-30	1E-30	1E-30	1E-30	1E-30	1E-30	1E-30	1E-30	1E-30	1E-30	1E-30	1E-30	1E-30	1E-30	1E-30	1E-30
10	1E-30	4.576E-8	31.13	1E-30	1E-30	2.234E-7	14.42	1.259E-12	1E-30	1.108E-7	30.84	1E-30	1E-30	1E-30	0.015	1E-30	1E-30	1E-30	1E-30	1E-30	1E-30	1E-30	1E-30	1E-30	1E-30	1E-30	1E-30	1E-30	1E-30	1E-30	1E-30	1E-30	1E-30	1E-30	1E-30	1E-30	1E-30	1E-30	1E-30	1E-30	1E-30	1E-30	1E-30	1E-30	1E-30	1E-30	1E-30	1E-30	1E-30	1E-30	1E-30	1E-30	1E-30	1E-30	1E-30	1E-30
END DSCRDATA
