BEGIN DSCRDATA
% INDEX	K01	L01	M01	N01	K02	L02	M02	N02	K03	L03	M03	N03	K04	L04	M04	N04	K05	L05	M05	N05	K06	L06	M06	N06	K07	L07	M07	N07	K08	L08	M08	N08	K09	L09	M09	N09	K10	L10	M10	N10	K11	L11	M11	N11	K12	L12	M12	N12	K13	L13	M13	N13	K14	L14	M14	N14
0	0	0	0	0	0	0	0	0	0	0	0	0	0	0	0	0	0	0	0	0	0	0	0	0	0	0	0	0	0	0	0	0	0	0	0	0	0	0	0	0	0	0	0	0	0	0	0	0	0	0	0	0	0	0	0	0
1	1E-30	5.603E-6	374.1	1E-30	9.506E-11	1.341E-6	713.3	9.911E-13	1E-30	3.421E-7	23.43	1E-30	1E-30	1E-30	0.2	1E-30	1E-30	1E-30	1E-30	1E-30	1E-30	1E-30	1E-30	1E-30	1E-30	1E-30	1E-30	1E-30	1E-30	1E-30	1E-30	1E-30	1E-30	1E-30	1E-30	1E-30	1E-30	1E-30	1E-30	1E-30	1E-30	1E-30	1E-30	1E-30	1E-30	1E-30	1E-30	1E-30	1E-30	1E-30	1E-30	1E-30	1E-30	1E-30	1E-30	1E-30
2	1E-30	5.603E-6	374.1	1E-30	9.506E-11	1.341E-6	713.3	9.911E-13	1E-30	3.421E-7	23.43	1E-30	1E-30	1E-30	0.2	1E-30	1E-30	1E-30	1E-30	1E-30	1E-30	1E-30	1E-30	1E-30	1E-30	1E-30	1E-30	1E-30	1E-30	1E-30	1E-30	1E-30	1E-30	1E-30	1E-30	1E-30	1E-30	1E-30	1E-30	1E-30	1E-30	1E-30	1E-30	1E-30	1E-30	1E-30	1E-30	1E-30	1E-30	1E-30	1E-30	1E-30	1E-30	1E-30	1E-30	1E-30
3	1E-30	5.603E-6	374.1	1E-30	9.506E-11	1.341E-6	713.3	9.911E-13	1E-30	3.421E-7	23.43	1E-30	1E-30	1E-30	0.2	1E-30	1E-30	1E-30	1E-30	1E-30	1E-30	1E-30	1E-30	1E-30	1E-30	1E-30	1E-30	1E-30	1E-30	1E-30	1E-30	1E-30	1E-30	1E-30	1E-30	1E-30	1E-30	1E-30	1E-30	1E-30	1E-30	1E-30	1E-30	1E-30	1E-30	1E-30	1E-30	1E-30	1E-30	1E-30	1E-30	1E-30	1E-30	1E-30	1E-30	1E-30
4	1E-30	6.076E-7	37.9	1E-30	7.487E-10	1.364E-7	83.7	8.319E-13	1E-30	1.378E-7	30.48	1E-30	1E-30	1E-30	0.07	1E-30	1E-30	1E-30	1E-30	1E-30	1E-30	1E-30	1E-30	1E-30	1E-30	1E-30	1E-30	1E-30	1E-30	1E-30	1E-30	1E-30	1E-30	1E-30	1E-30	1E-30	1E-30	1E-30	1E-30	1E-30	1E-30	1E-30	1E-30	1E-30	1E-30	1E-30	1E-30	1E-30	1E-30	1E-30	1E-30	1E-30	1E-30	1E-30	1E-30	1E-30
5	1E-30	6.076E-7	37.9	1E-30	7.487E-10	1.364E-7	83.7	8.319E-13	1E-30	1.378E-7	30.48	1E-30	1E-30	1E-30	0.07	1E-30	1E-30	1E-30	1E-30	1E-30	1E-30	1E-30	1E-30	1E-30	1E-30	1E-30	1E-30	1E-30	1E-30	1E-30	1E-30	1E-30	1E-30	1E-30	1E-30	1E-30	1E-30	1E-30	1E-30	1E-30	1E-30	1E-30	1E-30	1E-30	1E-30	1E-30	1E-30	1E-30	1E-30	1E-30	1E-30	1E-30	1E-30	1E-30	1E-30	1E-30
6	1E-30	6.076E-7	37.9	1E-30	7.487E-10	1.364E-7	83.7	8.319E-13	1E-30	1.378E-7	30.48	1E-30	1E-30	1E-30	0.07	1E-30	1E-30	1E-30	1E-30	1E-30	1E-30	1E-30	1E-30	1E-30	1E-30	1E-30	1E-30	1E-30	1E-30	1E-30	1E-30	1E-30	1E-30	1E-30	1E-30	1E-30	1E-30	1E-30	1E-30	1E-30	1E-30	1E-30	1E-30	1E-30	1E-30	1E-30	1E-30	1E-30	1E-30	1E-30	1E-30	1E-30	1E-30	1E-30	1E-30	1E-30
7	1E-30	7.172E-7	44.76	1E-30	6.927E-10	1.83E-7	98.29	1.173E-12	1E-30	1.238E-7	24.96	1E-30	1E-30	1E-30	0.07	1E-30	1E-30	1E-30	1E-30	1E-30	1E-30	1E-30	1E-30	1E-30	1E-30	1E-30	1E-30	1E-30	1E-30	1E-30	1E-30	1E-30	1E-30	1E-30	1E-30	1E-30	1E-30	1E-30	1E-30	1E-30	1E-30	1E-30	1E-30	1E-30	1E-30	1E-30	1E-30	1E-30	1E-30	1E-30	1E-30	1E-30	1E-30	1E-30	1E-30	1E-30
8	1E-30	7.172E-7	44.76	1E-30	6.927E-10	1.83E-7	98.29	1.173E-12	1E-30	1.238E-7	24.96	1E-30	1E-30	1E-30	0.07	1E-30	1E-30	1E-30	1E-30	1E-30	1E-30	1E-30	1E-30	1E-30	1E-30	1E-30	1E-30	1E-30	1E-30	1E-30	1E-30	1E-30	1E-30	1E-30	1E-30	1E-30	1E-30	1E-30	1E-30	1E-30	1E-30	1E-30	1E-30	1E-30	1E-30	1E-30	1E-30	1E-30	1E-30	1E-30	1E-30	1E-30	1E-30	1E-30	1E-30	1E-30
9	1E-30	7.172E-7	44.76	1E-30	6.927E-10	1.83E-7	98.29	1.173E-12	1E-30	1.238E-7	24.96	1E-30	1E-30	1E-30	0.07	1E-30	1E-30	1E-30	1E-30	1E-30	1E-30	1E-30	1E-30	1E-30	1E-30	1E-30	1E-30	1E-30	1E-30	1E-30	1E-30	1E-30	1E-30	1E-30	1E-30	1E-30	1E-30	1E-30	1E-30	1E-30	1E-30	1E-30	1E-30	1E-30	1E-30	1E-30	1E-30	1E-30	1E-30	1E-30	1E-30	1E-30	1E-30	1E-30	1E-30	1E-30
10	1E-30	1.115E-6	72.97	1E-30	4.147E-10	2.947E-7	165.8	1.041E-12	1E-30	1.194E-7	24.86	1E-30	1E-30	1E-30	0.1	1E-30	1E-30	1E-30	1E-30	1E-30	1E-30	1E-30	1E-30	1E-30	1E-30	1E-30	1E-30	1E-30	1E-30	1E-30	1E-30	1E-30	1E-30	1E-30	1E-30	1E-30	1E-30	1E-30	1E-30	1E-30	1E-30	1E-30	1E-30	1E-30	1E-30	1E-30	1E-30	1E-30	1E-30	1E-30	1E-30	1E-30	1E-30	1E-30	1E-30	1E-30
11	1E-30	1.115E-6	72.97	1E-30	4.147E-10	2.947E-7	165.8	1.041E-12	1E-30	1.194E-7	24.86	1E-30	1E-30	1E-30	0.1	1E-30	1E-30	1E-30	1E-30	1E-30	1E-30	1E-30	1E-30	1E-30	1E-30	1E-30	1E-30	1E-30	1E-30	1E-30	1E-30	1E-30	1E-30	1E-30	1E-30	1E-30	1E-30	1E-30	1E-30	1E-30	1E-30	1E-30	1E-30	1E-30	1E-30	1E-30	1E-30	1E-30	1E-30	1E-30	1E-30	1E-30	1E-30	1E-30	1E-30	1E-30
12	1E-30	1.115E-6	72.97	1E-30	4.147E-10	2.947E-7	165.8	1.041E-12	1E-30	1.194E-7	24.86	1E-30	1E-30	1E-30	0.1	1E-30	1E-30	1E-30	1E-30	1E-30	1E-30	1E-30	1E-30	1E-30	1E-30	1E-30	1E-30	1E-30	1E-30	1E-30	1E-30	1E-30	1E-30	1E-30	1E-30	1E-30	1E-30	1E-30	1E-30	1E-30	1E-30	1E-30	1E-30	1E-30	1E-30	1E-30	1E-30	1E-30	1E-30	1E-30	1E-30	1E-30	1E-30	1E-30	1E-30	1E-30
13	1E-30	1.758E-6	112.9	1E-30	2.732E-10	4.626E-7	256	1.112E-12	1E-30	1.262E-7	26.75	1E-30	1E-30	1E-30	0.13	1E-30	1E-30	1E-30	1E-30	1E-30	1E-30	1E-30	1E-30	1E-30	1E-30	1E-30	1E-30	1E-30	1E-30	1E-30	1E-30	1E-30	1E-30	1E-30	1E-30	1E-30	1E-30	1E-30	1E-30	1E-30	1E-30	1E-30	1E-30	1E-30	1E-30	1E-30	1E-30	1E-30	1E-30	1E-30	1E-30	1E-30	1E-30	1E-30	1E-30	1E-30
14	1E-30	1.758E-6	112.9	1E-30	2.732E-10	4.626E-7	256	1.112E-12	1E-30	1.262E-7	26.75	1E-30	1E-30	1E-30	0.13	1E-30	1E-30	1E-30	1E-30	1E-30	1E-30	1E-30	1E-30	1E-30	1E-30	1E-30	1E-30	1E-30	1E-30	1E-30	1E-30	1E-30	1E-30	1E-30	1E-30	1E-30	1E-30	1E-30	1E-30	1E-30	1E-30	1E-30	1E-30	1E-30	1E-30	1E-30	1E-30	1E-30	1E-30	1E-30	1E-30	1E-30	1E-30	1E-30	1E-30	1E-30
15	1E-30	1.758E-6	112.9	1E-30	2.732E-10	4.626E-7	256	1.112E-12	1E-30	1.262E-7	26.75	1E-30	1E-30	1E-30	0.13	1E-30	1E-30	1E-30	1E-30	1E-30	1E-30	1E-30	1E-30	1E-30	1E-30	1E-30	1E-30	1E-30	1E-30	1E-30	1E-30	1E-30	1E-30	1E-30	1E-30	1E-30	1E-30	1E-30	1E-30	1E-30	1E-30	1E-30	1E-30	1E-30	1E-30	1E-30	1E-30	1E-30	1E-30	1E-30	1E-30	1E-30	1E-30	1E-30	1E-30	1E-30
16	1E-30	2.583E-6	158.7	1E-30	1.987E-10	6.666E-7	363	1.001E-12	1E-30	1.375E-7	29.36	1E-30	1E-30	1E-30	0.15	1E-30	1E-30	1E-30	1E-30	1E-30	1E-30	1E-30	1E-30	1E-30	1E-30	1E-30	1E-30	1E-30	1E-30	1E-30	1E-30	1E-30	1E-30	1E-30	1E-30	1E-30	1E-30	1E-30	1E-30	1E-30	1E-30	1E-30	1E-30	1E-30	1E-30	1E-30	1E-30	1E-30	1E-30	1E-30	1E-30	1E-30	1E-30	1E-30	1E-30	1E-30
17	1E-30	2.583E-6	158.7	1E-30	1.987E-10	6.666E-7	363	1.001E-12	1E-30	1.375E-7	29.36	1E-30	1E-30	1E-30	0.15	1E-30	1E-30	1E-30	1E-30	1E-30	1E-30	1E-30	1E-30	1E-30	1E-30	1E-30	1E-30	1E-30	1E-30	1E-30	1E-30	1E-30	1E-30	1E-30	1E-30	1E-30	1E-30	1E-30	1E-30	1E-30	1E-30	1E-30	1E-30	1E-30	1E-30	1E-30	1E-30	1E-30	1E-30	1E-30	1E-30	1E-30	1E-30	1E-30	1E-30	1E-30
18	1E-30	2.583E-6	158.7	1E-30	1.987E-10	6.666E-7	363	1.001E-12	1E-30	1.375E-7	29.36	1E-30	1E-30	1E-30	0.15	1E-30	1E-30	1E-30	1E-30	1E-30	1E-30	1E-30	1E-30	1E-30	1E-30	1E-30	1E-30	1E-30	1E-30	1E-30	1E-30	1E-30	1E-30	1E-30	1E-30	1E-30	1E-30	1E-30	1E-30	1E-30	1E-30	1E-30	1E-30	1E-30	1E-30	1E-30	1E-30	1E-30	1E-30	1E-30	1E-30	1E-30	1E-30	1E-30	1E-30	1E-30
19	1E-30	3.444E-6	205.2	1E-30	1.61E-10	8.455E-7	457	1.175E-12	1E-30	1.285E-7	25.93	1E-30	1E-30	1E-30	0.17	1E-30	1E-30	1E-30	1E-30	1E-30	1E-30	1E-30	1E-30	1E-30	1E-30	1E-30	1E-30	1E-30	1E-30	1E-30	1E-30	1E-30	1E-30	1E-30	1E-30	1E-30	1E-30	1E-30	1E-30	1E-30	1E-30	1E-30	1E-30	1E-30	1E-30	1E-30	1E-30	1E-30	1E-30	1E-30	1E-30	1E-30	1E-30	1E-30	1E-30	1E-30
20	1E-30	3.444E-6	205.2	1E-30	1.61E-10	8.455E-7	457	1.175E-12	1E-30	1.285E-7	25.93	1E-30	1E-30	1E-30	0.17	1E-30	1E-30	1E-30	1E-30	1E-30	1E-30	1E-30	1E-30	1E-30	1E-30	1E-30	1E-30	1E-30	1E-30	1E-30	1E-30	1E-30	1E-30	1E-30	1E-30	1E-30	1E-30	1E-30	1E-30	1E-30	1E-30	1E-30	1E-30	1E-30	1E-30	1E-30	1E-30	1E-30	1E-30	1E-30	1E-30	1E-30	1E-30	1E-30	1E-30	1E-30
21	1E-30	3.444E-6	205.2	1E-30	1.61E-10	8.455E-7	457	1.175E-12	1E-30	1.285E-7	25.93	1E-30	1E-30	1E-30	0.17	1E-30	1E-30	1E-30	1E-30	1E-30	1E-30	1E-30	1E-30	1E-30	1E-30	1E-30	1E-30	1E-30	1E-30	1E-30	1E-30	1E-30	1E-30	1E-30	1E-30	1E-30	1E-30	1E-30	1E-30	1E-30	1E-30	1E-30	1E-30	1E-30	1E-30	1E-30	1E-30	1E-30	1E-30	1E-30	1E-30	1E-30	1E-30	1E-30	1E-30	1E-30
END DSCRDATA
