BEGIN DSCRDATA
% INDEX	K01	L01	M01	N01	K02	L02	M02	N02	K03	L03	M03	N03	K04	L04	M04	N04	K05	L05	M05	N05	K06	L06	M06	N06	K07	L07	M07	N07	K08	L08	M08	N08	K09	L09	M09	N09	K10	L10	M10	N10	K11	L11	M11	N11	K12	L12	M12	N12	K13	L13	M13	N13	K14	L14	M14	N14
0	0	0	0	0	0	0	0	0	0	0	0	0	0	0	0	0	0	0	0	0	0	0	0	0	0	0	0	0	0	0	0	0	0	0	0	0	0	0	0	0	0	0	0	0	0	0	0	0	0	0	0	0	0	0	0	0
1	1E-30	6.791E-7	40.3	1E-30	1E-30	1.505E-7	90.57	1.128E-12	1E-30	1.261E-7	23.7	1E-30	1E-30	1E-30	0.015	1E-30	1E-30	1E-30	1E-30	1E-30	1E-30	1E-30	1E-30	1E-30	1E-30	1E-30	1E-30	1E-30	1E-30	1E-30	1E-30	1E-30	1E-30	1E-30	1E-30	1E-30	1E-30	1E-30	1E-30	1E-30	1E-30	1E-30	1E-30	1E-30	1E-30	1E-30	1E-30	1E-30	1E-30	1E-30	1E-30	1E-30	1E-30	1E-30	1E-30	1E-30
2	1E-30	6.791E-7	40.3	1E-30	1E-30	1.505E-7	90.57	1.128E-12	1E-30	1.261E-7	23.7	1E-30	1E-30	1E-30	0.015	1E-30	1E-30	1E-30	1E-30	1E-30	1E-30	1E-30	1E-30	1E-30	1E-30	1E-30	1E-30	1E-30	1E-30	1E-30	1E-30	1E-30	1E-30	1E-30	1E-30	1E-30	1E-30	1E-30	1E-30	1E-30	1E-30	1E-30	1E-30	1E-30	1E-30	1E-30	1E-30	1E-30	1E-30	1E-30	1E-30	1E-30	1E-30	1E-30	1E-30	1E-30
3	1E-30	7.953E-8	11.58	1E-30	1E-30	1.183E-7	6.282	1.221E-12	1E-30	4.041E-8	27.52	1E-30	1E-30	1E-30	3E-3	1E-30	1E-30	1E-30	1E-30	1E-30	1E-30	1E-30	1E-30	1E-30	1E-30	1E-30	1E-30	1E-30	1E-30	1E-30	1E-30	1E-30	1E-30	1E-30	1E-30	1E-30	1E-30	1E-30	1E-30	1E-30	1E-30	1E-30	1E-30	1E-30	1E-30	1E-30	1E-30	1E-30	1E-30	1E-30	1E-30	1E-30	1E-30	1E-30	1E-30	1E-30
4	1E-30	7.953E-8	11.58	1E-30	1E-30	1.183E-7	6.282	1.221E-12	1E-30	4.041E-8	27.52	1E-30	1E-30	1E-30	3E-3	1E-30	1E-30	1E-30	1E-30	1E-30	1E-30	1E-30	1E-30	1E-30	1E-30	1E-30	1E-30	1E-30	1E-30	1E-30	1E-30	1E-30	1E-30	1E-30	1E-30	1E-30	1E-30	1E-30	1E-30	1E-30	1E-30	1E-30	1E-30	1E-30	1E-30	1E-30	1E-30	1E-30	1E-30	1E-30	1E-30	1E-30	1E-30	1E-30	1E-30	1E-30
5	1E-30	1.369E-6	122.6	1E-30	1E-30	5.408E-7	286.2	9.759E-13	1E-30	7.129E-7	30.25	1E-30	1E-30	1E-30	0.04	1E-30	1E-30	1E-30	1E-30	1E-30	1E-30	1E-30	1E-30	1E-30	1E-30	1E-30	1E-30	1E-30	1E-30	1E-30	1E-30	1E-30	1E-30	1E-30	1E-30	1E-30	1E-30	1E-30	1E-30	1E-30	1E-30	1E-30	1E-30	1E-30	1E-30	1E-30	1E-30	1E-30	1E-30	1E-30	1E-30	1E-30	1E-30	1E-30	1E-30	1E-30
6	1E-30	1.369E-6	122.6	1E-30	1E-30	5.408E-7	286.2	9.759E-13	1E-30	7.129E-7	30.25	1E-30	1E-30	1E-30	0.04	1E-30	1E-30	1E-30	1E-30	1E-30	1E-30	1E-30	1E-30	1E-30	1E-30	1E-30	1E-30	1E-30	1E-30	1E-30	1E-30	1E-30	1E-30	1E-30	1E-30	1E-30	1E-30	1E-30	1E-30	1E-30	1E-30	1E-30	1E-30	1E-30	1E-30	1E-30	1E-30	1E-30	1E-30	1E-30	1E-30	1E-30	1E-30	1E-30	1E-30	1E-30
7	1E-30	1.3824E-9	3.033	1E-30	1E-30	3.618E-7	22.78	1.693E-12	1E-30	1.005E-7	46.89	1E-30	1E-30	1E-30	8E-3	1E-30	1E-30	1E-30	1E-30	1E-30	1E-30	1E-30	1E-30	1E-30	1E-30	1E-30	1E-30	1E-30	1E-30	1E-30	1E-30	1E-30	1E-30	1E-30	1E-30	1E-30	1E-30	1E-30	1E-30	1E-30	1E-30	1E-30	1E-30	1E-30	1E-30	1E-30	1E-30	1E-30	1E-30	1E-30	1E-30	1E-30	1E-30	1E-30	1E-30	1E-30
8	1E-30	1.3824E-9	3.033	1E-30	1E-30	3.618E-7	22.78	1.693E-12	1E-30	1.005E-7	46.89	1E-30	1E-30	1E-30	8E-3	1E-30	1E-30	1E-30	1E-30	1E-30	1E-30	1E-30	1E-30	1E-30	1E-30	1E-30	1E-30	1E-30	1E-30	1E-30	1E-30	1E-30	1E-30	1E-30	1E-30	1E-30	1E-30	1E-30	1E-30	1E-30	1E-30	1E-30	1E-30	1E-30	1E-30	1E-30	1E-30	1E-30	1E-30	1E-30	1E-30	1E-30	1E-30	1E-30	1E-30	1E-30
9	1E-30	2.592E-6	178.4	1E-30	1E-30	9.665E-7	451.3	1.357E-12	1E-30	5.435E-7	28.53	1E-30	1E-30	1E-30	0.06	1E-30	1E-30	1E-30	1E-30	1E-30	1E-30	1E-30	1E-30	1E-30	1E-30	1E-30	1E-30	1E-30	1E-30	1E-30	1E-30	1E-30	1E-30	1E-30	1E-30	1E-30	1E-30	1E-30	1E-30	1E-30	1E-30	1E-30	1E-30	1E-30	1E-30	1E-30	1E-30	1E-30	1E-30	1E-30	1E-30	1E-30	1E-30	1E-30	1E-30	1E-30
10	1E-30	2.592E-6	178.4	1E-30	1E-30	9.665E-7	451.3	1.357E-12	1E-30	5.435E-7	28.53	1E-30	1E-30	1E-30	0.06	1E-30	1E-30	1E-30	1E-30	1E-30	1E-30	1E-30	1E-30	1E-30	1E-30	1E-30	1E-30	1E-30	1E-30	1E-30	1E-30	1E-30	1E-30	1E-30	1E-30	1E-30	1E-30	1E-30	1E-30	1E-30	1E-30	1E-30	1E-30	1E-30	1E-30	1E-30	1E-30	1E-30	1E-30	1E-30	1E-30	1E-30	1E-30	1E-30	1E-30	1E-30
END DSCRDATA
