BEGIN DSCRDATA
% INDEX	K01	L01	M01	K02	L02	M02	K03	L03	M03	K04	L04	M04	K05	L05	M05	K06	L06	M06	K07	L07	M07	K08	L08	M08	K09	L09	M09	K10	L10	M10	K11	L11	M11	K12	L12	M12	K13	L13	M13	K14	L14	M14	K15	L15	M15	K16	L16	M16
0	0	0	0	0	0	0	0	0	0	0	0	0	0	0	0	0	0	0	0	0	0	0	0	0	0	0	0	0	0	0	0	0	0	0	0	0	0	0	0	0	0	0	0	0	0	0	0	0
1	3.21E-15	1E-30	1E-10	1E10	7.57E-10	0.0118	1E10	1E-30	6820	1E10	2.81E-6	15300	1E10	1.56E-8	20.9	1E10	4.69E-10	0.0109	5.17E-15	2.26E-8	77.3	1E-30	1E10	1E10	1E-30	1E10	1E10	1E-30	1E10	1E10	1E-30	1E10	1E10	1E-30	1E10	1E10	1E-30	1E10	1E10	1E-30	1E10	1E10	1E-30	1E10	1E10	1E-30	1E10	1E10
2	3.21E-15	1E-30	1E-10	1E10	7.57E-10	0.0118	1E10	1E-30	6820	1E10	2.81E-6	15300	1E10	1.56E-8	20.9	1E10	4.69E-10	0.0109	5.17E-15	2.26E-8	77.3	1E-30	1E10	1E10	1E-30	1E10	1E10	1E-30	1E10	1E10	1E-30	1E10	1E10	1E-30	1E10	1E10	1E-30	1E10	1E10	1E-30	1E10	1E10	1E-30	1E10	1E10	1E-30	1E10	1E10
3	3.21E-15	1E-30	1E-10	1E10	7.57E-10	0.0118	1E10	1E-30	6820	1E10	2.81E-6	15300	1E10	1.56E-8	20.9	1E10	4.69E-10	0.0109	5.17E-15	2.26E-8	77.3	1E-30	1E10	1E10	1E-30	1E10	1E10	1E-30	1E10	1E10	1E-30	1E10	1E10	1E-30	1E10	1E10	1E-30	1E10	1E10	1E-30	1E10	1E10	1E-30	1E10	1E10	1E-30	1E10	1E10
4	2.61E-14	1E-30	1E-10	1E10	7.92E-10	0.0135	1E10	1E-30	11600	1E10	1.62E-6	9020	1E10	1.01E-7	209	1E10	6.33E-10	0.0148	3.26E-15	3.59E-8	123	1E-30	1E10	1E10	1E-30	1E10	1E10	1E-30	1E10	1E10	1E-30	1E10	1E10	1E-30	1E10	1E10	1E-30	1E10	1E10	1E-30	1E10	1E10	1E-30	1E10	1E10	1E-30	1E10	1E10
5	2.61E-14	1E-30	1E-10	1E10	7.92E-10	0.0135	1E10	1E-30	11600	1E10	1.62E-6	9020	1E10	1.01E-7	209	1E10	6.33E-10	0.0148	3.26E-15	3.59E-8	123	1E-30	1E10	1E10	1E-30	1E10	1E10	1E-30	1E10	1E10	1E-30	1E10	1E10	1E-30	1E10	1E10	1E-30	1E10	1E10	1E-30	1E10	1E10	1E-30	1E10	1E10	1E-30	1E10	1E10
6	2.61E-14	1E-30	1E-10	1E10	7.92E-10	0.0135	1E10	1E-30	11600	1E10	1.62E-6	9020	1E10	1.01E-7	209	1E10	6.33E-10	0.0148	3.26E-15	3.59E-8	123	1E-30	1E10	1E10	1E-30	1E10	1E10	1E-30	1E10	1E10	1E-30	1E10	1E10	1E-30	1E10	1E10	1E-30	1E10	1E10	1E-30	1E10	1E10	1E-30	1E10	1E10	1E-30	1E10	1E10
7	2.61E-14	1E-30	1E-10	1E10	5.36E-10	0.0214	1E10	1E-30	4830	1E10	2.18E-7	1140	1E10	5.06E-8	105	1E10	3.1E-9	0.0371	3.26E-15	3.59E-8	123	1E-30	1E10	1E10	1E-30	1E10	1E10	1E-30	1E10	1E10	1E-30	1E10	1E10	1E-30	1E10	1E10	1E-30	1E10	1E10	1E-30	1E10	1E10	1E-30	1E10	1E10	1E-30	1E10	1E10
8	2.61E-14	1E-30	1E-10	1E10	5.36E-10	0.0214	1E10	1E-30	4830	1E10	2.18E-7	1140	1E10	5.06E-8	105	1E10	3.1E-9	0.0371	3.26E-15	3.59E-8	123	1E-30	1E10	1E10	1E-30	1E10	1E10	1E-30	1E10	1E10	1E-30	1E10	1E10	1E-30	1E10	1E10	1E-30	1E10	1E10	1E-30	1E10	1E10	1E-30	1E10	1E10	1E-30	1E10	1E10
9	2.61E-14	1E-30	1E-10	1E10	5.36E-10	0.0214	1E10	1E-30	4830	1E10	2.18E-7	1140	1E10	5.06E-8	105	1E10	3.1E-9	0.0371	3.26E-15	3.59E-8	123	1E-30	1E10	1E10	1E-30	1E10	1E10	1E-30	1E10	1E10	1E-30	1E10	1E10	1E-30	1E10	1E10	1E-30	1E10	1E10	1E-30	1E10	1E10	1E-30	1E10	1E10	1E-30	1E10	1E10
10	2.61E-14	1E-30	1E-10	1E10	5.61E-10	0.0269	1E10	1E-30	4020	1E10	6.14E-8	320	1E10	2.66E-8	31	1E10	3.81E-8	1.82	2.1E-15	5.31E-8	185	1E-30	1E10	1E10	1E-30	1E10	1E10	1E-30	1E10	1E10	1E-30	1E10	1E10	1E-30	1E10	1E10	1E-30	1E10	1E10	1E-30	1E10	1E10	1E-30	1E10	1E10	1E-30	1E10	1E10
11	2.61E-14	1E-30	1E-10	1E10	5.61E-10	0.0269	1E10	1E-30	4020	1E10	6.14E-8	320	1E10	2.66E-8	31	1E10	3.81E-8	1.82	2.1E-15	5.31E-8	185	1E-30	1E10	1E10	1E-30	1E10	1E10	1E-30	1E10	1E10	1E-30	1E10	1E10	1E-30	1E10	1E10	1E-30	1E10	1E10	1E-30	1E10	1E10	1E-30	1E10	1E10	1E-30	1E10	1E10
12	2.61E-14	1E-30	1E-10	1E10	5.61E-10	0.0269	1E10	1E-30	4020	1E10	6.14E-8	320	1E10	2.66E-8	31	1E10	3.81E-8	1.82	2.1E-15	5.31E-8	185	1E-30	1E10	1E10	1E-30	1E10	1E10	1E-30	1E10	1E10	1E-30	1E10	1E10	1E-30	1E10	1E10	1E-30	1E10	1E10	1E-30	1E10	1E10	1E-30	1E10	1E10	1E-30	1E10	1E10
13	2.49E-14	1E-30	1E-10	1E10	6.74E-10	0.0209	1E10	1E-30	4610	1E10	8.1E-8	422	1E10	2.72E-8	33.2	1E10	1.35E-7	3.01	2.1E-15	5.31E-8	185	1E-30	1E10	1E10	1E-30	1E10	1E10	1E-30	1E10	1E10	1E-30	1E10	1E10	1E-30	1E10	1E10	1E-30	1E10	1E10	1E-30	1E10	1E10	1E-30	1E10	1E10	1E-30	1E10	1E10
14	2.49E-14	1E-30	1E-10	1E10	6.74E-10	0.0209	1E10	1E-30	4610	1E10	8.1E-8	422	1E10	2.72E-8	33.2	1E10	1.35E-7	3.01	2.1E-15	5.31E-8	185	1E-30	1E10	1E10	1E-30	1E10	1E10	1E-30	1E10	1E10	1E-30	1E10	1E10	1E-30	1E10	1E10	1E-30	1E10	1E10	1E-30	1E10	1E10	1E-30	1E10	1E10	1E-30	1E10	1E10
15	2.49E-14	1E-30	1E-10	1E10	6.74E-10	0.0209	1E10	1E-30	4610	1E10	8.1E-8	422	1E10	2.72E-8	33.2	1E10	1.35E-7	3.01	2.1E-15	5.31E-8	185	1E-30	1E10	1E10	1E-30	1E10	1E10	1E-30	1E10	1E10	1E-30	1E10	1E10	1E-30	1E10	1E10	1E-30	1E10	1E10	1E-30	1E10	1E10	1E-30	1E10	1E10	1E-30	1E10	1E10
16	2.61E-14	1E-30	1E-10	1E10	9.75E-10	0.0229	1E10	1E-30	4720	1E10	8.1E-8	462	1E10	1.88E-8	22.4	1E10	4.18E-9	0.456	1.6E-15	7.67E-8	104	1E-30	1E10	1E10	1E-30	1E10	1E10	1E-30	1E10	1E10	1E-30	1E10	1E10	1E-30	1E10	1E10	1E-30	1E10	1E10	1E-30	1E10	1E10	1E-30	1E10	1E10	1E-30	1E10	1E10
17	2.61E-14	1E-30	1E-10	1E10	9.75E-10	0.0229	1E10	1E-30	4720	1E10	8.1E-8	462	1E10	1.88E-8	22.4	1E10	4.18E-9	0.456	1.6E-15	7.67E-8	104	1E-30	1E10	1E10	1E-30	1E10	1E10	1E-30	1E10	1E10	1E-30	1E10	1E10	1E-30	1E10	1E10	1E-30	1E10	1E10	1E-30	1E10	1E10	1E-30	1E10	1E10	1E-30	1E10	1E10
18	2.61E-14	1E-30	1E-10	1E10	9.75E-10	0.0229	1E10	1E-30	4720	1E10	8.1E-8	462	1E10	1.88E-8	22.4	1E10	4.18E-9	0.456	1.6E-15	7.67E-8	104	1E-30	1E10	1E10	1E-30	1E10	1E10	1E-30	1E10	1E10	1E-30	1E10	1E10	1E-30	1E10	1E10	1E-30	1E10	1E10	1E-30	1E10	1E10	1E-30	1E10	1E10	1E-30	1E10	1E10
19	2.61E-14	1E-30	1E-10	1E10	9.1E-10	0.0363	1E10	1E-30	4720	1E10	6E-8	216	1E10	3.19E-8	38.1	1E10	8.93E-8	7.75	2.71E-15	4.73E-8	158	1E-30	1E10	1E10	1E-30	1E10	1E10	1E-30	1E10	1E10	1E-30	1E10	1E10	1E-30	1E10	1E10	1E-30	1E10	1E10	1E-30	1E10	1E10	1E-30	1E10	1E10	1E-30	1E10	1E10
20	2.61E-14	1E-30	1E-10	1E10	9.1E-10	0.0363	1E10	1E-30	4720	1E10	6E-8	216	1E10	3.19E-8	38.1	1E10	8.93E-8	7.75	2.71E-15	4.73E-8	158	1E-30	1E10	1E10	1E-30	1E10	1E10	1E-30	1E10	1E10	1E-30	1E10	1E10	1E-30	1E10	1E10	1E-30	1E10	1E10	1E-30	1E10	1E10	1E-30	1E10	1E10	1E-30	1E10	1E10
21	2.61E-14	1E-30	1E-10	1E10	9.1E-10	0.0363	1E10	1E-30	4720	1E10	6E-8	216	1E10	3.19E-8	38.1	1E10	8.93E-8	7.75	2.71E-15	4.73E-8	158	1E-30	1E10	1E10	1E-30	1E10	1E10	1E-30	1E10	1E10	1E-30	1E10	1E10	1E-30	1E10	1E10	1E-30	1E10	1E10	1E-30	1E10	1E10	1E-30	1E10	1E10	1E-30	1E10	1E10
22	6.25E-14	1E-30	1E-10	1E10	1.04E-9	0.0339	1E10	1E-30	8590	1E10	6.89E-8	422	1E10	2.54E-8	28.2	1E10	2.3E-8	2.23	1E-30	1E10	1E10	1E-30	1E10	1E10	1E-30	1E10	1E10	1E-30	1E10	1E10	1E-30	1E10	1E10	1E-30	1E10	1E10	1E-30	1E10	1E10	1E-30	1E10	1E10	1E-30	1E10	1E10	1E-30	1E10	1E10
23	6.25E-14	1E-30	1E-10	1E10	1.04E-9	0.0339	1E10	1E-30	8590	1E10	6.89E-8	422	1E10	2.54E-8	28.2	1E10	2.3E-8	2.23	1E-30	1E10	1E10	1E-30	1E10	1E10	1E-30	1E10	1E10	1E-30	1E10	1E10	1E-30	1E10	1E10	1E-30	1E10	1E10	1E-30	1E10	1E10	1E-30	1E10	1E10	1E-30	1E10	1E10	1E-30	1E10	1E10
24	6.25E-14	1E-30	1E-10	1E10	1.04E-9	0.0339	1E10	1E-30	8590	1E10	6.89E-8	422	1E10	2.54E-8	28.2	1E10	2.3E-8	2.23	1E-30	1E10	1E10	1E-30	1E10	1E10	1E-30	1E10	1E10	1E-30	1E10	1E10	1E-30	1E10	1E10	1E-30	1E10	1E10	1E-30	1E10	1E10	1E-30	1E10	1E10	1E-30	1E10	1E10	1E-30	1E10	1E10
25	5.2E-14	1E-30	1E-10	1E10	1.15E-9	0.0355	1E10	1E-30	8590	1E10	7.91E-8	556	1E10	2.72E-8	30.3	1E10	2.3E-8	5.61	1E-30	1E10	1E10	1E-30	1E10	1E10	1E-30	1E10	1E10	1E-30	1E10	1E10	1E-30	1E10	1E10	1E-30	1E10	1E10	1E-30	1E10	1E10	1E-30	1E10	1E10	1E-30	1E10	1E10	1E-30	1E10	1E10
26	5.2E-14	1E-30	1E-10	1E10	1.15E-9	0.0355	1E10	1E-30	8590	1E10	7.91E-8	556	1E10	2.72E-8	30.3	1E10	2.3E-8	5.61	1E-30	1E10	1E10	1E-30	1E10	1E10	1E-30	1E10	1E10	1E-30	1E10	1E10	1E-30	1E10	1E10	1E-30	1E10	1E10	1E-30	1E10	1E10	1E-30	1E10	1E10	1E-30	1E10	1E10	1E-30	1E10	1E10
27	5.2E-14	1E-30	1E-10	1E10	1.15E-9	0.0355	1E10	1E-30	8590	1E10	7.91E-8	556	1E10	2.72E-8	30.3	1E10	2.3E-8	5.61	1E-30	1E10	1E10	1E-30	1E10	1E10	1E-30	1E10	1E10	1E-30	1E10	1E10	1E-30	1E10	1E10	1E-30	1E10	1E10	1E-30	1E10	1E10	1E-30	1E10	1E10	1E-30	1E10	1E10	1E-30	1E10	1E10
28	5.57E-14	1E-30	1E-10	1E10	1.2E-9	0.0309	1E10	1E-30	5800	1E10	6.89E-8	367	1E10	4.62E-8	40.8	1E10	2.46E-8	10.5	1E-30	1E10	1E10	1E-30	1E10	1E10	1E-30	1E10	1E10	1E-30	1E10	1E10	1E-30	1E10	1E10	1E-30	1E10	1E10	1E-30	1E10	1E10	1E-30	1E10	1E10	1E-30	1E10	1E10	1E-30	1E10	1E10
29	5.57E-14	1E-30	1E-10	1E10	1.2E-9	0.0309	1E10	1E-30	5800	1E10	6.89E-8	367	1E10	4.62E-8	40.8	1E10	2.46E-8	10.5	1E-30	1E10	1E10	1E-30	1E10	1E10	1E-30	1E10	1E10	1E-30	1E10	1E10	1E-30	1E10	1E10	1E-30	1E10	1E10	1E-30	1E10	1E10	1E-30	1E10	1E10	1E-30	1E10	1E10	1E-30	1E10	1E10
30	5.57E-14	1E-30	1E-10	1E10	1.2E-9	0.0309	1E10	1E-30	5800	1E10	6.89E-8	367	1E10	4.62E-8	40.8	1E10	2.46E-8	10.5	1E-30	1E10	1E10	1E-30	1E10	1E10	1E-30	1E10	1E10	1E-30	1E10	1E10	1E-30	1E10	1E10	1E-30	1E10	1E10	1E-30	1E10	1E10	1E-30	1E10	1E10	1E-30	1E10	1E10	1E-30	1E10	1E10
31	4.85E-14	1E-30	1E-10	1E10	1.35E-9	0.038	1E10	1E-30	5800	1E10	8.1E-8	432	1E10	5.06E-8	44.8	1E10	2.46E-8	10.5	1E-30	1E10	1E10	1E-30	1E10	1E10	1E-30	1E10	1E10	1E-30	1E10	1E10	1E-30	1E10	1E10	1E-30	1E10	1E10	1E-30	1E10	1E10	1E-30	1E10	1E10	1E-30	1E10	1E10	1E-30	1E10	1E10
32	4.85E-14	1E-30	1E-10	1E10	1.35E-9	0.038	1E10	1E-30	5800	1E10	8.1E-8	432	1E10	5.06E-8	44.8	1E10	2.46E-8	10.5	1E-30	1E10	1E10	1E-30	1E10	1E10	1E-30	1E10	1E10	1E-30	1E10	1E10	1E-30	1E10	1E10	1E-30	1E10	1E10	1E-30	1E10	1E10	1E-30	1E10	1E10	1E-30	1E10	1E10	1E-30	1E10	1E10
33	5.97E-14	1E-30	1E-10	1E10	1.45E-9	0.0355	1E10	1E-30	4830	1E10	4.56E-8	153	1E10	4.94E-8	43.7	1E10	2.05E-8	4.46	1E-30	1E10	1E10	1E-30	1E10	1E10	1E-30	1E10	1E10	1E-30	1E10	1E10	1E-30	1E10	1E10	1E-30	1E10	1E10	1E-30	1E10	1E10	1E-30	1E10	1E10	1E-30	1E10	1E10	1E-30	1E10	1E10
34	5.97E-14	1E-30	1E-10	1E10	1.45E-9	0.0355	1E10	1E-30	4830	1E10	4.56E-8	153	1E10	4.94E-8	43.7	1E10	2.05E-8	4.46	1E-30	1E10	1E10	1E-30	1E10	1E10	1E-30	1E10	1E10	1E-30	1E10	1E10	1E-30	1E10	1E10	1E-30	1E10	1E10	1E-30	1E10	1E10	1E-30	1E10	1E10	1E-30	1E10	1E10	1E-30	1E10	1E10
35	5.97E-14	1E-30	1E-10	1E10	1.59E-9	0.0302	1E10	1E-30	5060	1E10	5.23E-8	176	1E10	8.79E-8	77.6	1E10	1.7E-8	5	1E-30	1E10	1E10	1E-30	1E10	1E10	1E-30	1E10	1E10	1E-30	1E10	1E10	1E-30	1E10	1E10	1E-30	1E10	1E10	1E-30	1E10	1E10	1E-30	1E10	1E10	1E-30	1E10	1E10	1E-30	1E10	1E10
36	5.97E-14	1E-30	1E-10	1E10	1.59E-9	0.0302	1E10	1E-30	5060	1E10	5.23E-8	176	1E10	8.79E-8	77.6	1E10	1.7E-8	5	1E-30	1E10	1E10	1E-30	1E10	1E10	1E-30	1E10	1E10	1E-30	1E10	1E10	1E-30	1E10	1E10	1E-30	1E10	1E10	1E-30	1E10	1E10	1E-30	1E10	1E10	1E-30	1E10	1E10	1E-30	1E10	1E10
37	5.97E-14	1E-30	1E-10	1E10	1.74E-9	0.0302	1E10	1E-30	5540	1E10	5.87E-8	197	1E10	8.59E-8	75.9	1E10	1.95E-8	5.75	1E-30	1E10	1E10	1E-30	1E10	1E10	1E-30	1E10	1E10	1E-30	1E10	1E10	1E-30	1E10	1E10	1E-30	1E10	1E10	1E-30	1E10	1E10	1E-30	1E10	1E10	1E-30	1E10	1E10	1E-30	1E10	1E10
38	5.97E-14	1E-30	1E-10	1E10	1.74E-9	0.0302	1E10	1E-30	5540	1E10	5.87E-8	197	1E10	8.59E-8	75.9	1E10	1.95E-8	5.75	1E-30	1E10	1E10	1E-30	1E10	1E10	1E-30	1E10	1E10	1E-30	1E10	1E10	1E-30	1E10	1E10	1E-30	1E10	1E10	1E-30	1E10	1E10	1E-30	1E10	1E10	1E-30	1E10	1E10	1E-30	1E10	1E10
39	5.32E-14	1E-30	1E-10	1E10	1.82E-9	0.038	1E10	1E-30	5540	1E10	5.35E-8	180	1E10	9E-8	79.5	1E10	1.87E-8	5.49	1E-30	1E10	1E10	1E-30	1E10	1E10	1E-30	1E10	1E10	1E-30	1E10	1E10	1E-30	1E10	1E10	1E-30	1E10	1E10	1E-30	1E10	1E10	1E-30	1E10	1E10	1E-30	1E10	1E10	1E-30	1E10	1E10
40	5.32E-14	1E-30	1E-10	1E10	1.82E-9	0.038	1E10	1E-30	5540	1E10	5.35E-8	180	1E10	9E-8	79.5	1E10	1.87E-8	5.49	1E-30	1E10	1E10	1E-30	1E10	1E10	1E-30	1E10	1E10	1E-30	1E10	1E10	1E-30	1E10	1E10	1E-30	1E10	1E10	1E-30	1E10	1E10	1E-30	1E10	1E10	1E-30	1E10	1E10	1E-30	1E10	1E10
41	5.83E-14	1E-30	1E-10	1E10	1.9E-9	0.0302	1E10	1E-30	8200	1E10	8.48E-8	496	1E10	4.31E-8	41.8	1E10	3.99E-8	13.5	1E-30	1E10	1E10	1E-30	1E10	1E10	1E-30	1E10	1E10	1E-30	1E10	1E10	1E-30	1E10	1E10	1E-30	1E10	1E10	1E-30	1E10	1E10	1E-30	1E10	1E10	1E-30	1E10	1E10	1E-30	1E10	1E10
42	5.83E-14	1E-30	1E-10	1E10	1.9E-9	0.0302	1E10	1E-30	8200	1E10	8.48E-8	496	1E10	4.31E-8	41.8	1E10	3.99E-8	13.5	1E-30	1E10	1E10	1E-30	1E10	1E10	1E-30	1E10	1E10	1E-30	1E10	1E10	1E-30	1E10	1E10	1E-30	1E10	1E10	1E-30	1E10	1E10	1E-30	1E10	1E10	1E-30	1E10	1E10	1E-30	1E10	1E10
43	7.87E-14	1E-30	1E-10	1E10	2.08E-9	0.0289	1E10	1E-30	8390	1E10	8.88E-8	624	1E10	3.58E-8	34	1E10	3.1E-8	7.93	1E-30	1E10	1E10	1E-30	1E10	1E10	1E-30	1E10	1E10	1E-30	1E10	1E10	1E-30	1E10	1E10	1E-30	1E10	1E10	1E-30	1E10	1E10	1E-30	1E10	1E10	1E-30	1E10	1E10	1E-30	1E10	1E10
44	7.87E-14	1E-30	1E-10	1E10	2.08E-9	0.0289	1E10	1E-30	8390	1E10	8.88E-8	624	1E10	3.58E-8	34	1E10	3.1E-8	7.93	1E-30	1E10	1E10	1E-30	1E10	1E10	1E-30	1E10	1E10	1E-30	1E10	1E10	1E-30	1E10	1E10	1E-30	1E10	1E10	1E-30	1E10	1E10	1E-30	1E10	1E10	1E-30	1E10	1E10	1E-30	1E10	1E10
45	7.34E-14	1E-30	1E-10	1E10	2.18E-9	0.0398	1E10	1E-30	8390	1E10	1.07E-7	610	1E10	3.42E-8	33.2	1E10	5.14E-8	11.2	1E-30	1E10	1E10	1E-30	1E10	1E10	1E-30	1E10	1E10	1E-30	1E10	1E10	1E-30	1E10	1E10	1E-30	1E10	1E10	1E-30	1E10	1E10	1E-30	1E10	1E10	1E-30	1E10	1E10	1E-30	1E10	1E10
46	7.34E-14	1E-30	1E-10	1E10	2.18E-9	0.0398	1E10	1E-30	8390	1E10	1.07E-7	610	1E10	3.42E-8	33.2	1E10	5.14E-8	11.2	1E-30	1E10	1E10	1E-30	1E10	1E10	1E-30	1E10	1E10	1E-30	1E10	1E10	1E-30	1E10	1E10	1E-30	1E10	1E10	1E-30	1E10	1E10	1E-30	1E10	1E10	1E-30	1E10	1E10	1E-30	1E10	1E10
47	7.51E-14	1E-30	1E-10	1E10	2.23E-9	0.0408	1E10	1E-30	8390	1E10	9.74E-8	556	1E10	4.21E-8	40.8	1E10	4.18E-8	12.3	1E-30	1E10	1E10	1E-30	1E10	1E10	1E-30	1E10	1E10	1E-30	1E10	1E10	1E-30	1E10	1E10	1E-30	1E10	1E10	1E-30	1E10	1E10	1E-30	1E10	1E10	1E-30	1E10	1E10	1E-30	1E10	1E10
48	7.51E-14	1E-30	1E-10	1E10	2.23E-9	0.0408	1E10	1E-30	8390	1E10	9.74E-8	556	1E10	4.21E-8	40.8	1E10	4.18E-8	12.3	1E-30	1E10	1E10	1E-30	1E10	1E10	1E-30	1E10	1E10	1E-30	1E10	1E10	1E-30	1E10	1E10	1E-30	1E10	1E10	1E-30	1E10	1E10	1E-30	1E10	1E10	1E-30	1E10	1E10	1E-30	1E10	1E10
49	7.51E-14	1E-30	1E-10	1E10	2.39E-9	0.0513	1E10	1E-30	6980	1E10	1.02E-7	432	1E10	5.81E-8	69.3	1E10	4.58E-8	11.2	1E-30	1E10	1E10	1E-30	1E10	1E10	1E-30	1E10	1E10	1E-30	1E10	1E10	1E-30	1E10	1E10	1E-30	1E10	1E10	1E-30	1E10	1E10	1E-30	1E10	1E10	1E-30	1E10	1E10	1E-30	1E10	1E10
50	7.51E-14	1E-30	1E-10	1E10	2.39E-9	0.0513	1E10	1E-30	6980	1E10	1.02E-7	432	1E10	5.81E-8	69.3	1E10	4.58E-8	11.2	1E-30	1E10	1E10	1E-30	1E10	1E10	1E-30	1E10	1E10	1E-30	1E10	1E10	1E-30	1E10	1E10	1E-30	1E10	1E10	1E-30	1E10	1E10	1E-30	1E10	1E10	1E-30	1E10	1E10	1E-30	1E10	1E10
51	7.51E-14	1E-30	1E-10	1E10	2.51E-9	0.0513	1E10	1E-30	8390	1E10	1.31E-7	750	1E10	3.84E-8	37.2	1E10	5.51E-8	13.2	1E-30	1E10	1E10	1E-30	1E10	1E10	1E-30	1E10	1E10	1E-30	1E10	1E10	1E-30	1E10	1E10	1E-30	1E10	1E10	1E-30	1E10	1E10	1E-30	1E10	1E10	1E-30	1E10	1E10	1E-30	1E10	1E10
52	7.51E-14	1E-30	1E-10	1E10	2.51E-9	0.0513	1E10	1E-30	8390	1E10	1.31E-7	750	1E10	3.84E-8	37.2	1E10	5.51E-8	13.2	1E-30	1E10	1E10	1E-30	1E10	1E10	1E-30	1E10	1E10	1E-30	1E10	1E10	1E-30	1E10	1E10	1E-30	1E10	1E10	1E-30	1E10	1E10	1E-30	1E10	1E10	1E-30	1E10	1E10	1E-30	1E10	1E10
53	6.4E-14	1E-30	1E-10	1E10	2.68E-9	0.0447	1E10	1E-30	8390	1E10	1.07E-7	610	1E10	3.42E-8	29.6	1E10	4.8E-8	11.5	1E-30	1E10	1E10	1E-30	1E10	1E10	1E-30	1E10	1E10	1E-30	1E10	1E10	1E-30	1E10	1E10	1E-30	1E10	1E10	1E-30	1E10	1E10	1E-30	1E10	1E10	1E-30	1E10	1E10	1E-30	1E10	1E10
54	6.4E-14	1E-30	1E-10	1E10	2.68E-9	0.0447	1E10	1E-30	8390	1E10	1.07E-7	610	1E10	3.42E-8	29.6	1E10	4.8E-8	11.5	1E-30	1E10	1E10	1E-30	1E10	1E10	1E-30	1E10	1E10	1E-30	1E10	1E10	1E-30	1E10	1E10	1E-30	1E10	1E10	1E-30	1E10	1E10	1E-30	1E10	1E10	1E-30	1E10	1E10	1E-30	1E10	1E10
55	6.11E-14	1E-30	1E-10	1E10	2.81E-9	0.0502	1E10	1E-30	7830	1E10	1.04E-7	507	1E10	3.75E-8	30.3	1E10	5.14E-8	12.3	1E-30	1E10	1E10	1E-30	1E10	1E10	1E-30	1E10	1E10	1E-30	1E10	1E10	1E-30	1E10	1E10	1E-30	1E10	1E10	1E-30	1E10	1E10	1E-30	1E10	1E10	1E-30	1E10	1E10	1E-30	1E10	1E10
56	6.11E-14	1E-30	1E-10	1E10	2.81E-9	0.0502	1E10	1E-30	7830	1E10	1.04E-7	507	1E10	3.75E-8	30.3	1E10	5.14E-8	12.3	1E-30	1E10	1E10	1E-30	1E10	1E10	1E-30	1E10	1E10	1E-30	1E10	1E10	1E-30	1E10	1E10	1E-30	1E10	1E10	1E-30	1E10	1E10	1E-30	1E10	1E10	1E-30	1E10	1E10	1E-30	1E10	1E10
57	6.54E-14	1E-30	1E-10	1E10	2.94E-9	0.0457	1E10	1E-30	9410	1E10	1.07E-7	610	1E10	4.21E-8	34.7	1E10	5.14E-8	12.3	1E-30	1E10	1E10	1E-30	1E10	1E10	1E-30	1E10	1E10	1E-30	1E10	1E10	1E-30	1E10	1E10	1E-30	1E10	1E10	1E-30	1E10	1E10	1E-30	1E10	1E10	1E-30	1E10	1E10	1E-30	1E10	1E10
58	6.54E-14	1E-30	1E-10	1E10	2.94E-9	0.0457	1E10	1E-30	9410	1E10	1.07E-7	610	1E10	4.21E-8	34.7	1E10	5.14E-8	12.3	1E-30	1E10	1E10	1E-30	1E10	1E10	1E-30	1E10	1E10	1E-30	1E10	1E10	1E-30	1E10	1E10	1E-30	1E10	1E10	1E-30	1E10	1E10	1E-30	1E10	1E10	1E-30	1E10	1E10	1E-30	1E10	1E10
59	6.54E-14	1E-30	1E-10	1E10	2.94E-9	0.0576	1E10	1E-30	9410	1E10	1.14E-7	653	1E10	4.21E-8	36.4	1E10	6.62E-8	15.8	1E-30	1E10	1E10	1E-30	1E10	1E10	1E-30	1E10	1E10	1E-30	1E10	1E10	1E-30	1E10	1E10	1E-30	1E10	1E10	1E-30	1E10	1E10	1E-30	1E10	1E10	1E-30	1E10	1E10	1E-30	1E10	1E10
60	6.54E-14	1E-30	1E-10	1E10	2.94E-9	0.0576	1E10	1E-30	9410	1E10	1.14E-7	653	1E10	4.21E-8	36.4	1E10	6.62E-8	15.8	1E-30	1E10	1E10	1E-30	1E10	1E10	1E-30	1E10	1E10	1E-30	1E10	1E10	1E-30	1E10	1E10	1E-30	1E10	1E10	1E-30	1E10	1E10	1E-30	1E10	1E10	1E-30	1E10	1E10	1E-30	1E10	1E10
61	6.54E-14	1E-30	1E-10	1E10	3.08E-9	0.0725	1E10	1E-30	9860	1E10	1.28E-7	733	1E10	5.06E-8	43.7	1E10	6.62E-8	20.4	1E-30	1E10	1E10	1E-30	1E10	1E10	1E-30	1E10	1E10	1E-30	1E10	1E10	1E-30	1E10	1E10	1E-30	1E10	1E10	1E-30	1E10	1E10	1E-30	1E10	1E10	1E-30	1E10	1E10	1E-30	1E10	1E10
62	6.54E-14	1E-30	1E-10	1E10	3.08E-9	0.0725	1E10	1E-30	9860	1E10	1.28E-7	733	1E10	5.06E-8	43.7	1E10	6.62E-8	20.4	1E-30	1E10	1E10	1E-30	1E10	1E10	1E-30	1E10	1E10	1E-30	1E10	1E10	1E-30	1E10	1E10	1E-30	1E10	1E10	1E-30	1E10	1E10	1E-30	1E10	1E10	1E-30	1E10	1E10	1E-30	1E10	1E10
63	6.7E-14	1E-30	1E-10	1E10	3.23E-9	0.0631	1E10	1E-30	9630	1E10	1.31E-7	750	1E10	4.72E-8	40.8	1E10	6.62E-8	17.8	1E-30	1E10	1E10	1E-30	1E10	1E10	1E-30	1E10	1E10	1E-30	1E10	1E10	1E-30	1E10	1E10	1E-30	1E10	1E10	1E-30	1E10	1E10	1E-30	1E10	1E10	1E-30	1E10	1E10	1E-30	1E10	1E10
64	6.7E-14	1E-30	1E-10	1E10	3.23E-9	0.0631	1E10	1E-30	9630	1E10	1.31E-7	750	1E10	4.72E-8	40.8	1E10	6.62E-8	17.8	1E-30	1E10	1E10	1E-30	1E10	1E10	1E-30	1E10	1E10	1E-30	1E10	1E10	1E-30	1E10	1E10	1E-30	1E10	1E10	1E-30	1E10	1E10	1E-30	1E10	1E10	1E-30	1E10	1E10	1E-30	1E10	1E10
65	6.85E-14	1E-30	1E-10	1E10	3.3E-9	0.0603	1E10	1E-30	9630	1E10	1.31E-7	767	1E10	4.72E-8	39.9	1E10	5.77E-8	15.8	1E-30	1E10	1E10	1E-30	1E10	1E10	1E-30	1E10	1E10	1E-30	1E10	1E10	1E-30	1E10	1E10	1E-30	1E10	1E10	1E-30	1E10	1E10	1E-30	1E10	1E10	1E-30	1E10	1E10	1E-30	1E10	1E10
66	6.85E-14	1E-30	1E-10	1E10	3.3E-9	0.0603	1E10	1E-30	9630	1E10	1.31E-7	767	1E10	4.72E-8	39.9	1E10	5.77E-8	15.8	1E-30	1E10	1E10	1E-30	1E10	1E10	1E-30	1E10	1E10	1E-30	1E10	1E10	1E-30	1E10	1E10	1E-30	1E10	1E10	1E-30	1E10	1E10	1E-30	1E10	1E10	1E-30	1E10	1E10	1E-30	1E10	1E10
67	8.05E-14	1E-30	1E-10	1E10	3.46E-9	0.0677	1E10	1E-30	10100	1E10	1.47E-7	861	1E10	4.31E-8	37.2	1E10	6.47E-8	13.8	1E-30	1E10	1E10	1E-30	1E10	1E10	1E-30	1E10	1E10	1E-30	1E10	1E10	1E-30	1E10	1E10	1E-30	1E10	1E10	1E-30	1E10	1E10	1E-30	1E10	1E10	1E-30	1E10	1E10	1E-30	1E10	1E10
68	8.05E-14	1E-30	1E-10	1E10	3.46E-9	0.0677	1E10	1E-30	10100	1E10	1.47E-7	861	1E10	4.31E-8	37.2	1E10	6.47E-8	13.8	1E-30	1E10	1E10	1E-30	1E10	1E10	1E-30	1E10	1E10	1E-30	1E10	1E10	1E-30	1E10	1E10	1E-30	1E10	1E10	1E-30	1E10	1E10	1E-30	1E10	1E10	1E-30	1E10	1E10	1E-30	1E10	1E10
69	7.87E-14	1E-30	1E-10	1E10	3.62E-9	0.0708	1E10	1E-30	10600	1E10	1.41E-7	804	1E10	5.06E-8	41.8	1E10	6.18E-8	15.5	1E-30	1E10	1E10	1E-30	1E10	1E10	1E-30	1E10	1E10	1E-30	1E10	1E10	1E-30	1E10	1E10	1E-30	1E10	1E10	1E-30	1E10	1E10	1E-30	1E10	1E10	1E-30	1E10	1E10	1E-30	1E10	1E10
70	7.87E-14	1E-30	1E-10	1E10	3.62E-9	0.0708	1E10	1E-30	10600	1E10	1.41E-7	804	1E10	5.06E-8	41.8	1E10	6.18E-8	15.5	1E-30	1E10	1E10	1E-30	1E10	1E10	1E-30	1E10	1E10	1E-30	1E10	1E10	1E-30	1E10	1E10	1E-30	1E10	1E10	1E-30	1E10	1E10	1E-30	1E10	1E10	1E-30	1E10	1E10	1E-30	1E10	1E10
71	7.51E-14	1E-30	1E-10	1E10	3.71E-9	0.0832	1E10	1E-30	10300	1E10	1.51E-7	861	1E10	5.3E-8	45.8	1E10	6.62E-8	15.8	1E-30	1E10	1E10	1E-30	1E10	1E10	1E-30	1E10	1E10	1E-30	1E10	1E10	1E-30	1E10	1E10	1E-30	1E10	1E10	1E-30	1E10	1E10	1E-30	1E10	1E10	1E-30	1E10	1E10	1E-30	1E10	1E10
72	7.51E-14	1E-30	1E-10	1E10	3.71E-9	0.0832	1E10	1E-30	10300	1E10	1.51E-7	861	1E10	5.3E-8	45.8	1E10	6.62E-8	15.8	1E-30	1E10	1E10	1E-30	1E10	1E10	1E-30	1E10	1E10	1E-30	1E10	1E10	1E-30	1E10	1E10	1E-30	1E10	1E10	1E-30	1E10	1E10	1E-30	1E10	1E10	1E-30	1E10	1E10	1E-30	1E10	1E10
73	7.87E-14	1E-30	1E-10	1E10	3.71E-9	0.0934	1E10	1E-30	9860	1E10	1.54E-7	861	1E10	5.18E-8	44.8	1E10	1.1E-7	28.8	1E-30	1E10	1E10	1E-30	1E10	1E10	1E-30	1E10	1E10	1E-30	1E10	1E10	1E-30	1E10	1E10	1E-30	1E10	1E10	1E-30	1E10	1E10	1E-30	1E10	1E10	1E-30	1E10	1E10	1E-30	1E10	1E10
74	7.87E-14	1E-30	1E-10	1E10	3.71E-9	0.0934	1E10	1E-30	9860	1E10	1.54E-7	861	1E10	5.18E-8	44.8	1E10	1.1E-7	28.8	1E-30	1E10	1E10	1E-30	1E10	1E10	1E-30	1E10	1E10	1E-30	1E10	1E10	1E-30	1E10	1E10	1E-30	1E10	1E10	1E-30	1E10	1E10	1E-30	1E10	1E10	1E-30	1E10	1E10	1E-30	1E10	1E10
75	7.69E-14	1E-30	1E-10	1E10	3.79E-9	0.105	1E10	1E-30	11300	1E10	1.58E-7	902	1E10	5.06E-8	44.8	1E10	1.91E-7	22.3	1E-30	1E10	1E10	1E-30	1E10	1E10	1E-30	1E10	1E10	1E-30	1E10	1E10	1E-30	1E10	1E10	1E-30	1E10	1E10	1E-30	1E10	1E10	1E-30	1E10	1E10	1E-30	1E10	1E10	1E-30	1E10	1E10
76	7.69E-14	1E-30	1E-10	1E10	3.79E-9	0.105	1E10	1E-30	11300	1E10	1.58E-7	902	1E10	5.06E-8	44.8	1E10	1.91E-7	22.3	1E-30	1E10	1E10	1E-30	1E10	1E10	1E-30	1E10	1E10	1E-30	1E10	1E10	1E-30	1E10	1E10	1E-30	1E10	1E10	1E-30	1E10	1E10	1E-30	1E10	1E10	1E-30	1E10	1E10	1E-30	1E10	1E10
77	6.25E-14	1E-30	1E-10	1E10	4.06E-9	0.0892	1E10	1E-30	10300	1E10	1.51E-7	861	1E10	5.06E-8	44.8	1E10	7.78E-8	22.9	1E-30	1E10	1E10	1E-30	1E10	1E10	1E-30	1E10	1E10	1E-30	1E10	1E10	1E-30	1E10	1E10	1E-30	1E10	1E10	1E-30	1E10	1E10	1E-30	1E10	1E10	1E-30	1E10	1E10	1E-30	1E10	1E10
78	6.25E-14	1E-30	1E-10	1E10	4.06E-9	0.0892	1E10	1E-30	10300	1E10	1.51E-7	861	1E10	5.06E-8	44.8	1E10	7.78E-8	22.9	1E-30	1E10	1E10	1E-30	1E10	1E10	1E-30	1E10	1E10	1E-30	1E10	1E10	1E-30	1E10	1E10	1E-30	1E10	1E10	1E-30	1E10	1E10	1E-30	1E10	1E10	1E-30	1E10	1E10	1E-30	1E10	1E10
79	6.54E-14	1E-30	1E-10	1E10	4.16E-9	0.102	1E10	1E-30	11100	1E10	1.51E-7	822	1E10	5.18E-8	44.8	1E10	9.57E-8	25.1	1E-30	1E10	1E10	1E-30	1E10	1E10	1E-30	1E10	1E10	1E-30	1E10	1E10	1E-30	1E10	1E10	1E-30	1E10	1E10	1E-30	1E10	1E10	1E-30	1E10	1E10	1E-30	1E10	1E10	1E-30	1E10	1E10
80	6.54E-14	1E-30	1E-10	1E10	4.16E-9	0.102	1E10	1E-30	11100	1E10	1.51E-7	822	1E10	5.18E-8	44.8	1E10	9.57E-8	25.1	1E-30	1E10	1E10	1E-30	1E10	1E10	1E-30	1E10	1E10	1E-30	1E10	1E10	1E-30	1E10	1E10	1E-30	1E10	1E10	1E-30	1E10	1E10	1E-30	1E10	1E10	1E-30	1E10	1E10	1E-30	1E10	1E10
81	6.7E-14	1E-30	1E-10	1E10	4.35E-9	0.105	1E10	1E-30	10800	1E10	1.44E-7	767	1E10	6.09E-8	52.6	1E10	8.53E-8	23.4	1E-30	1E10	1E10	1E-30	1E10	1E10	1E-30	1E10	1E10	1E-30	1E10	1E10	1E-30	1E10	1E10	1E-30	1E10	1E10	1E-30	1E10	1E10	1E-30	1E10	1E10	1E-30	1E10	1E10	1E-30	1E10	1E10
82	6.7E-14	1E-30	1E-10	1E10	4.35E-9	0.105	1E10	1E-30	10800	1E10	1.44E-7	767	1E10	6.09E-8	52.6	1E10	8.53E-8	23.4	1E-30	1E10	1E10	1E-30	1E10	1E10	1E-30	1E10	1E10	1E-30	1E10	1E10	1E-30	1E10	1E10	1E-30	1E10	1E10	1E-30	1E10	1E10	1E-30	1E10	1E10	1E-30	1E10	1E10	1E-30	1E10	1E10
83	6.54E-14	1E-30	1E-10	1E10	4.46E-9	0.12	1E10	1E-30	9860	1E10	1.69E-7	902	1E10	6.09E-8	55.1	1E10	8.34E-8	23.9	1E-30	1E10	1E10	1E-30	1E10	1E10	1E-30	1E10	1E10	1E-30	1E10	1E10	1E-30	1E10	1E10	1E-30	1E10	1E10	1E-30	1E10	1E10	1E-30	1E10	1E10	1E-30	1E10	1E10	1E-30	1E10	1E10
84	6.54E-14	1E-30	1E-10	1E10	4.46E-9	0.12	1E10	1E-30	9860	1E10	1.69E-7	902	1E10	6.09E-8	55.1	1E10	8.34E-8	23.9	1E-30	1E10	1E10	1E-30	1E10	1E10	1E-30	1E10	1E10	1E-30	1E10	1E10	1E-30	1E10	1E10	1E-30	1E10	1E10	1E-30	1E10	1E10	1E-30	1E10	1E10	1E-30	1E10	1E10	1E-30	1E10	1E10
85	6.54E-14	1E-30	1E-10	1E10	4.56E-9	0.11	1E10	1E-30	11600	1E10	1.54E-7	822	1E10	6.83E-8	61.8	1E10	8.53E-8	23.9	1E-30	1E10	1E10	1E-30	1E10	1E10	1E-30	1E10	1E10	1E-30	1E10	1E10	1E-30	1E10	1E10	1E-30	1E10	1E10	1E-30	1E10	1E10	1E-30	1E10	1E10	1E-30	1E10	1E10	1E-30	1E10	1E10
86	6.54E-14	1E-30	1E-10	1E10	4.56E-9	0.11	1E10	1E-30	11600	1E10	1.54E-7	822	1E10	6.83E-8	61.8	1E10	8.53E-8	23.9	1E-30	1E10	1E10	1E-30	1E10	1E10	1E-30	1E10	1E10	1E-30	1E10	1E10	1E-30	1E10	1E10	1E-30	1E10	1E10	1E-30	1E10	1E10	1E-30	1E10	1E10	1E-30	1E10	1E10	1E-30	1E10	1E10
87	7.87E-14	1E-30	1E-10	1E10	4.89E-9	0.12	1E10	1E-30	10300	1E10	1.62E-7	733	1E10	6.83E-8	61.8	1E10	7.43E-8	16.2	1E-30	1E10	1E10	1E-30	1E10	1E10	1E-30	1E10	1E10	1E-30	1E10	1E10	1E-30	1E10	1E10	1E-30	1E10	1E10	1E-30	1E10	1E10	1E-30	1E10	1E10	1E-30	1E10	1E10	1E-30	1E10	1E10
88	7.87E-14	1E-30	1E-10	1E10	4.89E-9	0.12	1E10	1E-30	10300	1E10	1.62E-7	733	1E10	6.83E-8	61.8	1E10	7.43E-8	16.2	1E-30	1E10	1E10	1E-30	1E10	1E10	1E-30	1E10	1E10	1E-30	1E10	1E10	1E-30	1E10	1E10	1E-30	1E10	1E10	1E-30	1E10	1E10	1E-30	1E10	1E10	1E-30	1E10	1E10	1E-30	1E10	1E10
89	7.01E-14	1E-30	1E-10	1E10	5.36E-9	0.151	1E10	1E-30	11300	1E10	1.77E-7	804	1E10	1.08E-7	87.3	1E10	8.34E-8	26.9	1E-30	1E10	1E10	1E-30	1E10	1E10	1E-30	1E10	1E10	1E-30	1E10	1E10	1E-30	1E10	1E10	1E-30	1E10	1E10	1E-30	1E10	1E10	1E-30	1E10	1E10	1E-30	1E10	1E10	1E-30	1E10	1E10
90	7.01E-14	1E-30	1E-10	1E10	5.36E-9	0.151	1E10	1E-30	11300	1E10	1.77E-7	804	1E10	1.08E-7	87.3	1E10	8.34E-8	26.9	1E-30	1E10	1E10	1E-30	1E10	1E10	1E-30	1E10	1E10	1E-30	1E10	1E10	1E-30	1E10	1E10	1E-30	1E10	1E10	1E-30	1E10	1E10	1E-30	1E10	1E10	1E-30	1E10	1E10	1E-30	1E10	1E10
91	6.4E-14	1E-30	1E-10	1E10	6.01E-9	0.145	1E10	1E-30	11600	1E10	1.73E-7	750	1E10	9.64E-8	76	1E10	8.34E-8	24.5	1E-30	1E10	1E10	1E-30	1E10	1E10	1E-30	1E10	1E10	1E-30	1E10	1E10	1E-30	1E10	1E10	1E-30	1E10	1E10	1E-30	1E10	1E10	1E-30	1E10	1E10	1E-30	1E10	1E10	1E-30	1E10	1E10
92	6.4E-14	1E-30	1E-10	1E10	6.01E-9	0.145	1E10	1E-30	11600	1E10	1.73E-7	750	1E10	9.64E-8	76	1E10	8.34E-8	24.5	1E-30	1E10	1E10	1E-30	1E10	1E10	1E-30	1E10	1E10	1E-30	1E10	1E10	1E-30	1E10	1E10	1E-30	1E10	1E10	1E-30	1E10	1E10	1E-30	1E10	1E10	1E-30	1E10	1E10	1E-30	1E10	1E10
93	6.4E-14	1E-30	1E-10	1E10	6.44E-9	0.195	1E10	1E-30	11600	1E10	1.9E-7	716	1E10	6.67E-8	45.8	1E10	1.03E-6	12.3	1E-30	1E10	1E10	1E-30	1E10	1E10	1E-30	1E10	1E10	1E-30	1E10	1E10	1E-30	1E10	1E10	1E-30	1E10	1E10	1E-30	1E10	1E10	1E-30	1E10	1E10	1E-30	1E10	1E10	1E-30	1E10	1E10
94	6.4E-14	1E-30	1E-10	1E10	6.44E-9	0.195	1E10	1E-30	11600	1E10	1.9E-7	716	1E10	6.67E-8	45.8	1E10	1.03E-6	12.3	1E-30	1E10	1E10	1E-30	1E10	1E10	1E-30	1E10	1E10	1E-30	1E10	1E10	1E-30	1E10	1E10	1E-30	1E10	1E10	1E-30	1E10	1E10	1E-30	1E10	1E10	1E-30	1E10	1E10	1E-30	1E10	1E10
95	6.4E-14	1E-30	1E-10	1E10	7.06E-9	0.229	1E10	1E-30	11300	1E10	1.9E-7	668	1E10	8.8E-8	60.4	1E10	1.03E-6	12.3	1E-30	1E10	1E10	1E-30	1E10	1E10	1E-30	1E10	1E10	1E-30	1E10	1E10	1E-30	1E10	1E10	1E-30	1E10	1E10	1E-30	1E10	1E10	1E-30	1E10	1E10	1E-30	1E10	1E10	1E-30	1E10	1E10
96	6.4E-14	1E-30	1E-10	1E10	7.06E-9	0.229	1E10	1E-30	11300	1E10	1.9E-7	668	1E10	8.8E-8	60.4	1E10	1.03E-6	12.3	1E-30	1E10	1E10	1E-30	1E10	1E10	1E-30	1E10	1E10	1E-30	1E10	1E10	1E-30	1E10	1E10	1E-30	1E10	1E10	1E-30	1E10	1E10	1E-30	1E10	1E10	1E-30	1E10	1E10	1E-30	1E10	1E10
97	6.25E-14	1E-30	1E-10	1E10	7.92E-9	0.219	1E10	1E-30	11300	1E10	1.62E-7	462	1E10	9E-8	45.8	1E10	5.77E-4	85E3	1E-30	1E10	1E10	1E-30	1E10	1E10	1E-30	1E10	1E10	1E-30	1E10	1E10	1E-30	1E10	1E10	1E-30	1E10	1E10	1E-30	1E10	1E10	1E-30	1E10	1E10	1E-30	1E10	1E10	1E-30	1E10	1E10
98	6.25E-14	1E-30	1E-10	1E10	7.92E-9	0.219	1E10	1E-30	11300	1E10	1.62E-7	462	1E10	9E-8	45.8	1E10	5.77E-4	85E3	1E-30	1E10	1E10	1E-30	1E10	1E10	1E-30	1E10	1E10	1E-30	1E10	1E10	1E-30	1E10	1E10	1E-30	1E10	1E10	1E-30	1E10	1E10	1E-30	1E10	1E10	1E-30	1E10	1E10	1E-30	1E10	1E10
99	5.83E-14	1E-30	1E-10	1E10	8.69E-9	0.24	1E10	1E-30	11900	1E10	1.69E-7	496	1E10	1.01E-7	50.2	1E10	1.95E-4	39.7	1E-30	1E10	1E10	1E-30	1E10	1E10	1E-30	1E10	1E10	1E-30	1E10	1E10	1E-30	1E10	1E10	1E-30	1E10	1E10	1E-30	1E10	1E10	1E-30	1E10	1E10	1E-30	1E10	1E10	1E-30	1E10	1E10
100	5.83E-14	1E-30	1E-10	1E10	8.69E-9	0.24	1E10	1E-30	11900	1E10	1.69E-7	496	1E10	1.01E-7	50.2	1E10	1.95E-4	39.7	1E-30	1E10	1E10	1E-30	1E10	1E10	1E-30	1E10	1E10	1E-30	1E10	1E10	1E-30	1E10	1E10	1E-30	1E10	1E10	1E-30	1E10	1E10	1E-30	1E10	1E10	1E-30	1E10	1E10	1E-30	1E10	1E10
101	6.54E-14	1E-30	1E-10	1E10	9.75E-9	0.282	1E10	1E-30	12700	1E10	1.94E-7	569	1E10	1.11E-7	55.1	1E10	6.33E-7	16.2	1E-30	1E10	1E10	1E-30	1E10	1E10	1E-30	1E10	1E10	1E-30	1E10	1E10	1E-30	1E10	1E10	1E-30	1E10	1E10	1E-30	1E10	1E10	1E-30	1E10	1E10	1E-30	1E10	1E10	1E-30	1E10	1E10
102	6.54E-14	1E-30	1E-10	1E10	9.75E-9	0.282	1E10	1E-30	12700	1E10	1.94E-7	569	1E10	1.11E-7	55.1	1E10	6.33E-7	16.2	1E-30	1E10	1E10	1E-30	1E10	1E10	1E-30	1E10	1E10	1E-30	1E10	1E10	1E-30	1E10	1E10	1E-30	1E10	1E10	1E-30	1E10	1E10	1E-30	1E10	1E10	1E-30	1E10	1E10	1E-30	1E10	1E10
103	7.18E-14	1E-30	1E-10	1E10	1.09E-8	0.372	1E10	1E-30	12400	1E10	1.9E-7	473	1E10	1.49E-7	57.7	1E10	1.55E-6	50	1E-30	1E10	1E10	1E-30	1E10	1E10	1E-30	1E10	1E10	1E-30	1E10	1E10	1E-30	1E10	1E10	1E-30	1E10	1E10	1E-30	1E10	1E10	1E-30	1E10	1E10	1E-30	1E10	1E10	1E-30	1E10	1E10
104	7.18E-14	1E-30	1E-10	1E10	1.09E-8	0.372	1E10	1E-30	12400	1E10	1.9E-7	473	1E10	1.49E-7	57.7	1E10	1.55E-6	50	1E-30	1E10	1E10	1E-30	1E10	1E10	1E-30	1E10	1E10	1E-30	1E10	1E10	1E-30	1E10	1E10	1E-30	1E10	1E10	1E-30	1E10	1E10	1E-30	1E10	1E10	1E-30	1E10	1E10	1E-30	1E10	1E10
105	6.85E-14	1E-30	1E-10	1E10	1.23E-8	0.324	1E10	1E-30	12700	1E10	2.08E-7	507	1E10	1.33E-7	60.4	1E10	3.9E-7	4.46	1E-30	1E10	1E10	1E-30	1E10	1E10	1E-30	1E10	1E10	1E-30	1E10	1E10	1E-30	1E10	1E10	1E-30	1E10	1E10	1E-30	1E10	1E10	1E-30	1E10	1E10	1E-30	1E10	1E10	1E-30	1E10	1E10
106	6.85E-14	1E-30	1E-10	1E10	1.23E-8	0.324	1E10	1E-30	12700	1E10	2.08E-7	507	1E10	1.33E-7	60.4	1E10	3.9E-7	4.46	1E-30	1E10	1E10	1E-30	1E10	1E10	1E-30	1E10	1E10	1E-30	1E10	1E10	1E-30	1E10	1E10	1E-30	1E10	1E10	1E-30	1E10	1E10	1E-30	1E10	1E10	1E-30	1E10	1E10	1E-30	1E10	1E10
107	8.63E-14	1E-30	1E-10	1E10	1.32E-8	0.324	1E10	1E-30	12700	1E10	2.18E-7	531	1E10	1.43E-7	64.7	1E10	8.15E-4	9100	3.1E-15	2.61E-8	16.2	1E-30	1E10	1E10	1E-30	1E10	1E10	1E-30	1E10	1E10	1E-30	1E10	1E10	1E-30	1E10	1E10	1E-30	1E10	1E10	1E-30	1E10	1E10	1E-30	1E10	1E10	1E-30	1E10	1E10
108	8.63E-14	1E-30	1E-10	1E10	1.32E-8	0.324	1E10	1E-30	12700	1E10	2.18E-7	531	1E10	1.43E-7	64.7	1E10	8.15E-4	9100	3.1E-15	2.61E-8	16.2	1E-30	1E10	1E10	1E-30	1E10	1E10	1E-30	1E10	1E10	1E-30	1E10	1E10	1E-30	1E10	1E10	1E-30	1E10	1E10	1E-30	1E10	1E10	1E-30	1E10	1E10	1E-30	1E10	1E10
109	7.34E-14	1E-30	1E-10	1E10	1.44E-8	0.417	1E10	1E-30	14200	1E10	2.39E-7	582	1E10	1.68E-7	63.2	1E10	1.29E-6	9.1	9.62E-15	8.81E-9	22.3	1E-30	1E10	1E10	1E-30	1E10	1E10	1E-30	1E10	1E10	1E-30	1E10	1E10	1E-30	1E10	1E10	1E-30	1E10	1E10	1E-30	1E10	1E10	1E-30	1E10	1E10	1E-30	1E10	1E10
110	7.34E-14	1E-30	1E-10	1E10	1.44E-8	0.417	1E10	1E-30	14200	1E10	2.39E-7	582	1E10	1.68E-7	63.2	1E10	1.29E-6	9.1	9.62E-15	8.81E-9	22.3	1E-30	1E10	1E10	1E-30	1E10	1E10	1E-30	1E10	1E10	1E-30	1E10	1E10	1E-30	1E10	1E10	1E-30	1E10	1E10	1E-30	1E10	1E10	1E-30	1E10	1E10	1E-30	1E10	1E10
END DSCRDATA
