BEGIN DSCRDATA
% INDEX	K01	L01	M01	K02	L02	M02	K03	L03	M03	K04	L04	M04	K05	L05	M05	K06	L06	M06	K07	L07	M07	K08	L08	M08	K09	L09	M09	K10	L10	M10	K11	L11	M11	K12	L12	M12	K13	L13	M13	K14	L14	M14	K15	L15	M15	K16	L16	M16
0	0	0	0	0	0	0	0	0	0	0	0	0	0	0	0	0	0	0	0	0	0	0	0	0	0	0	0	0	0	0	0	0	0	0	0	0	0	0	0	0	0	0	0	0	0	0	0	0
1	4.53E-14	1E-30	1E-10	1E10	3.24E-10	3.72E-3	1E10	1E-30	9630	1E10	3.79E-9	0.0122	1E10	9.21E-9	5.25	1E10	2.09E-7	436	1E-30	1E10	1E10	1E-30	1E10	1E10	1E-30	1E10	1E10	1E-30	1E10	1E10	1E-30	1E10	1E10	1E-30	1E10	1E10	1E-30	1E10	1E10	1E-30	1E10	1E10	1E-30	1E10	1E10	1E-30	1E10	1E10
2	4.53E-14	1E-30	1E-10	1E10	3.24E-10	3.72E-3	1E10	1E-30	9630	1E10	3.79E-9	0.0122	1E10	9.21E-9	5.25	1E10	2.09E-7	436	1E-30	1E10	1E10	1E-30	1E10	1E10	1E-30	1E10	1E10	1E-30	1E10	1E10	1E-30	1E10	1E10	1E-30	1E10	1E10	1E-30	1E10	1E10	1E-30	1E10	1E10	1E-30	1E10	1E10	1E-30	1E10	1E10
3	4.53E-14	1E-30	1E-10	1E10	3.24E-10	3.72E-3	1E10	1E-30	9630	1E10	3.79E-9	0.0122	1E10	9.21E-9	5.25	1E10	2.09E-7	436	1E-30	1E10	1E10	1E-30	1E10	1E10	1E-30	1E10	1E10	1E-30	1E10	1E10	1E-30	1E10	1E10	1E-30	1E10	1E10	1E-30	1E10	1E10	1E-30	1E10	1E10	1E-30	1E10	1E10	1E-30	1E10	1E10
4	1.09E-14	1E-30	1E-10	1E10	5.25E-10	6.31E-3	1E10	1E-30	8790	1E10	2.88E-8	21.6	1E10	1.84E-9	1.66E-3	1E10	5.51E-8	174	1E-30	1E10	1E10	1E-30	1E10	1E10	1E-30	1E10	1E10	1E-30	1E10	1E10	1E-30	1E10	1E10	1E-30	1E10	1E10	1E-30	1E10	1E10	1E-30	1E10	1E10	1E-30	1E10	1E10	1E-30	1E10	1E10
5	1.09E-14	1E-30	1E-10	1E10	5.25E-10	6.31E-3	1E10	1E-30	8790	1E10	2.88E-8	21.6	1E10	1.84E-9	1.66E-3	1E10	5.51E-8	174	1E-30	1E10	1E10	1E-30	1E10	1E10	1E-30	1E10	1E10	1E-30	1E10	1E10	1E-30	1E10	1E10	1E-30	1E10	1E10	1E-30	1E10	1E10	1E-30	1E10	1E10	1E-30	1E10	1E10	1E-30	1E10	1E10
6	1.09E-14	1E-30	1E-10	1E10	5.25E-10	6.31E-3	1E10	1E-30	8790	1E10	2.88E-8	21.6	1E10	1.84E-9	1.66E-3	1E10	5.51E-8	174	1E-30	1E10	1E10	1E-30	1E10	1E10	1E-30	1E10	1E10	1E-30	1E10	1E10	1E-30	1E10	1E10	1E-30	1E10	1E10	1E-30	1E10	1E10	1E-30	1E10	1E10	1E-30	1E10	1E10	1E-30	1E10	1E10
7	2.07E-14	1E-30	1E-10	1E10	5.37E-10	8.51E-3	1E10	1E-30	8790	1E10	9.3E-9	7.86	1E10	2.16E-6	2820	1E10	1.07E-8	0.645	1E-30	1E10	1E10	1E-30	1E10	1E10	1E-30	1E10	1E10	1E-30	1E10	1E10	1E-30	1E10	1E10	1E-30	1E10	1E10	1E-30	1E10	1E10	1E-30	1E10	1E10	1E-30	1E10	1E10	1E-30	1E10	1E10
8	2.07E-14	1E-30	1E-10	1E10	5.37E-10	8.51E-3	1E10	1E-30	8790	1E10	9.3E-9	7.86	1E10	2.16E-6	2820	1E10	1.07E-8	0.645	1E-30	1E10	1E10	1E-30	1E10	1E10	1E-30	1E10	1E10	1E-30	1E10	1E10	1E-30	1E10	1E10	1E-30	1E10	1E10	1E-30	1E10	1E10	1E-30	1E10	1E10	1E-30	1E10	1E10	1E-30	1E10	1E10
9	2.07E-14	1E-30	1E-10	1E10	5.37E-10	8.51E-3	1E10	1E-30	8790	1E10	9.3E-9	7.86	1E10	2.16E-6	2820	1E10	1.07E-8	0.645	1E-30	1E10	1E10	1E-30	1E10	1E10	1E-30	1E10	1E10	1E-30	1E10	1E10	1E-30	1E10	1E10	1E-30	1E10	1E10	1E-30	1E10	1E10	1E-30	1E10	1E10	1E-30	1E10	1E10	1E-30	1E10	1E10
10	2.38E-14	1E-30	1E-10	1E10	1E-9	0.0324	1E10	1E-30	5940	1E10	5.48E-8	212	1E10	5.06E-9	1.38	1E10	2.1E-9	0.0848	1E-30	1E10	1E10	1E-30	1E10	1E10	1E-30	1E10	1E10	1E-30	1E10	1E10	1E-30	1E10	1E10	1E-30	1E10	1E10	1E-30	1E10	1E10	1E-30	1E10	1E10	1E-30	1E10	1E10	1E-30	1E10	1E10
11	2.38E-14	1E-30	1E-10	1E10	1E-9	0.0324	1E10	1E-30	5940	1E10	5.48E-8	212	1E10	5.06E-9	1.38	1E10	2.1E-9	0.0848	1E-30	1E10	1E10	1E-30	1E10	1E10	1E-30	1E10	1E10	1E-30	1E10	1E10	1E-30	1E10	1E10	1E-30	1E10	1E10	1E-30	1E10	1E10	1E-30	1E10	1E10	1E-30	1E10	1E10	1E-30	1E10	1E10
12	2.38E-14	1E-30	1E-10	1E10	1E-9	0.0324	1E10	1E-30	5940	1E10	5.48E-8	212	1E10	5.06E-9	1.38	1E10	2.1E-9	0.0848	1E-30	1E10	1E10	1E-30	1E10	1E10	1E-30	1E10	1E10	1E-30	1E10	1E10	1E-30	1E10	1E10	1E-30	1E10	1E10	1E-30	1E10	1E10	1E-30	1E10	1E10	1E-30	1E10	1E10	1E-30	1E10	1E10
13	7.18E-14	1E-30	1E-10	1E10	8.32E-10	7.42E-3	1E10	1E-30	6220	1E10	4.35E-8	237	1E10	4.02E-9	0.776	1E10	9.14E-5	10.2	1E-30	1E10	1E10	1E-30	1E10	1E10	1E-30	1E10	1E10	1E-30	1E10	1E10	1E-30	1E10	1E10	1E-30	1E10	1E10	1E-30	1E10	1E10	1E-30	1E10	1E10	1E-30	1E10	1E10	1E-30	1E10	1E10
14	7.18E-14	1E-30	1E-10	1E10	8.32E-10	7.42E-3	1E10	1E-30	6220	1E10	4.35E-8	237	1E10	4.02E-9	0.776	1E10	9.14E-5	10.2	1E-30	1E10	1E10	1E-30	1E10	1E10	1E-30	1E10	1E10	1E-30	1E10	1E10	1E-30	1E10	1E10	1E-30	1E10	1E10	1E-30	1E10	1E10	1E-30	1E10	1E10	1E-30	1E10	1E10	1E-30	1E10	1E10
15	7.18E-14	1E-30	1E-10	1E10	8.32E-10	7.42E-3	1E10	1E-30	6220	1E10	4.35E-8	237	1E10	4.02E-9	0.776	1E10	9.14E-5	10.2	1E-30	1E10	1E10	1E-30	1E10	1E10	1E-30	1E10	1E10	1E-30	1E10	1E10	1E-30	1E10	1E10	1E-30	1E10	1E10	1E-30	1E10	1E10	1E-30	1E10	1E10	1E-30	1E10	1E10	1E-30	1E10	1E10
16	7.02E-14	1E-30	1E-10	1E10	9.34E-10	0.0229	1E10	1E-30	6980	1E10	6.59E-8	313	1E10	1.08E-8	0.0186	1E10	1.63E-8	5.49	1E-30	1E10	1E10	1E-30	1E10	1E10	1E-30	1E10	1E10	1E-30	1E10	1E10	1E-30	1E10	1E10	1E-30	1E10	1E10	1E-30	1E10	1E10	1E-30	1E10	1E10	1E-30	1E10	1E10	1E-30	1E10	1E10
17	7.02E-14	1E-30	1E-10	1E10	9.34E-10	0.0229	1E10	1E-30	6980	1E10	6.59E-8	313	1E10	1.08E-8	0.0186	1E10	1.63E-8	5.49	1E-30	1E10	1E10	1E-30	1E10	1E10	1E-30	1E10	1E10	1E-30	1E10	1E10	1E-30	1E10	1E10	1E-30	1E10	1E10	1E-30	1E10	1E10	1E-30	1E10	1E10	1E-30	1E10	1E10	1E-30	1E10	1E10
18	7.02E-14	1E-30	1E-10	1E10	9.34E-10	0.0229	1E10	1E-30	6980	1E10	6.59E-8	313	1E10	1.08E-8	0.0186	1E10	1.63E-8	5.49	1E-30	1E10	1E10	1E-30	1E10	1E10	1E-30	1E10	1E10	1E-30	1E10	1E10	1E-30	1E10	1E10	1E-30	1E10	1E10	1E-30	1E10	1E10	1E-30	1E10	1E10	1E-30	1E10	1E10	1E-30	1E10	1E10
19	8.44E-14	1E-30	1E-10	1E10	9.34E-10	0.0182	1E10	1E-30	6980	1E10	5.74E-8	227	1E10	6.08E-9	1.7	1E10	9.14E-5	10.2	1E-30	1E10	1E10	1E-30	1E10	1E10	1E-30	1E10	1E10	1E-30	1E10	1E10	1E-30	1E10	1E10	1E-30	1E10	1E10	1E-30	1E10	1E10	1E-30	1E10	1E10	1E-30	1E10	1E10	1E-30	1E10	1E10
20	8.44E-14	1E-30	1E-10	1E10	9.34E-10	0.0182	1E10	1E-30	6980	1E10	5.74E-8	227	1E10	6.08E-9	1.7	1E10	9.14E-5	10.2	1E-30	1E10	1E10	1E-30	1E10	1E10	1E-30	1E10	1E10	1E-30	1E10	1E10	1E-30	1E10	1E10	1E-30	1E10	1E10	1E-30	1E10	1E10	1E-30	1E10	1E10	1E-30	1E10	1E10	1E-30	1E10	1E10
21	8.44E-14	1E-30	1E-10	1E10	9.34E-10	0.0182	1E10	1E-30	6980	1E10	5.74E-8	227	1E10	6.08E-9	1.7	1E10	9.14E-5	10.2	1E-30	1E10	1E10	1E-30	1E10	1E10	1E-30	1E10	1E10	1E-30	1E10	1E10	1E-30	1E10	1E10	1E-30	1E10	1E10	1E-30	1E10	1E10	1E-30	1E10	1E10	1E-30	1E10	1E10	1E-30	1E10	1E10
22	5E-14	1E-30	1E-10	1E10	1.03E-9	0.022	1E10	1E-30	5E3	1E10	6.5E-8	160	1E10	2.7E-7	2E3	1E10	6E-8	60	1E-30	1E10	1E10	1E-30	1E10	1E10	1E-30	1E10	1E10	1E-30	1E10	1E10	1E-30	1E10	1E10	1E-30	1E10	1E10	1E-30	1E10	1E10	1E-30	1E10	1E10	1E-30	1E10	1E10	1E-30	1E10	1E10
23	5E-14	1E-30	1E-10	1E10	1.03E-9	0.022	1E10	1E-30	5E3	1E10	6.5E-8	160	1E10	2.7E-7	2E3	1E10	6E-8	60	1E-30	1E10	1E10	1E-30	1E10	1E10	1E-30	1E10	1E10	1E-30	1E10	1E10	1E-30	1E10	1E10	1E-30	1E10	1E10	1E-30	1E10	1E10	1E-30	1E10	1E10	1E-30	1E10	1E10	1E-30	1E10	1E10
24	5E-14	1E-30	1E-10	1E10	1.03E-9	0.022	1E10	1E-30	5E3	1E10	6.5E-8	160	1E10	2.7E-7	2E3	1E10	6E-8	60	1E-30	1E10	1E10	1E-30	1E10	1E10	1E-30	1E10	1E10	1E-30	1E10	1E10	1E-30	1E10	1E10	1E-30	1E10	1E10	1E-30	1E10	1E10	1E-30	1E10	1E10	1E-30	1E10	1E10	1E-30	1E10	1E10
25	5E-14	1E-30	1E-10	1E10	1.13E-9	0.032	1E10	1E-30	5200	1E10	6.5E-8	160	1E10	2.7E-7	2E3	1E10	6E-8	60	1E-30	1E10	1E10	1E-30	1E10	1E10	1E-30	1E10	1E10	1E-30	1E10	1E10	1E-30	1E10	1E10	1E-30	1E10	1E10	1E-30	1E10	1E10	1E-30	1E10	1E10	1E-30	1E10	1E10	1E-30	1E10	1E10
26	5E-14	1E-30	1E-10	1E10	1.13E-9	0.032	1E10	1E-30	5200	1E10	6.5E-8	160	1E10	2.7E-7	2E3	1E10	6E-8	60	1E-30	1E10	1E10	1E-30	1E10	1E10	1E-30	1E10	1E10	1E-30	1E10	1E10	1E-30	1E10	1E10	1E-30	1E10	1E10	1E-30	1E10	1E10	1E-30	1E10	1E10	1E-30	1E10	1E10	1E-30	1E10	1E10
27	5E-14	1E-30	1E-10	1E10	1.13E-9	0.032	1E10	1E-30	5200	1E10	6.5E-8	160	1E10	2.7E-7	2E3	1E10	6E-8	60	1E-30	1E10	1E10	1E-30	1E10	1E10	1E-30	1E10	1E10	1E-30	1E10	1E10	1E-30	1E10	1E10	1E-30	1E10	1E10	1E-30	1E10	1E10	1E-30	1E10	1E10	1E-30	1E10	1E10	1E-30	1E10	1E10
28	5.8E-14	1E-30	1E-10	1E10	1.24E-9	0.025	1E10	1E-30	5200	1E10	7E-8	160	1E10	2.7E-7	2E3	1E10	6E-8	60	1E-30	1E10	1E10	1E-30	1E10	1E10	1E-30	1E10	1E10	1E-30	1E10	1E10	1E-30	1E10	1E10	1E-30	1E10	1E10	1E-30	1E10	1E10	1E-30	1E10	1E10	1E-30	1E10	1E10	1E-30	1E10	1E10
29	5.8E-14	1E-30	1E-10	1E10	1.24E-9	0.025	1E10	1E-30	5200	1E10	7E-8	160	1E10	2.7E-7	2E3	1E10	6E-8	60	1E-30	1E10	1E10	1E-30	1E10	1E10	1E-30	1E10	1E10	1E-30	1E10	1E10	1E-30	1E10	1E10	1E-30	1E10	1E10	1E-30	1E10	1E10	1E-30	1E10	1E10	1E-30	1E10	1E10	1E-30	1E10	1E10
30	5.8E-14	1E-30	1E-10	1E10	1.24E-9	0.025	1E10	1E-30	5200	1E10	7E-8	160	1E10	2.7E-7	2E3	1E10	6E-8	60	1E-30	1E10	1E10	1E-30	1E10	1E10	1E-30	1E10	1E10	1E-30	1E10	1E10	1E-30	1E10	1E10	1E-30	1E10	1E10	1E-30	1E10	1E10	1E-30	1E10	1E10	1E-30	1E10	1E10	1E-30	1E10	1E10
31	5.3E-14	1E-30	1E-10	1E10	1.34E-9	0.025	1E10	1E-30	5800	1E10	7.2E-8	160	1E10	2.7E-7	2E3	1E10	6E-8	60	1E-30	1E10	1E10	1E-30	1E10	1E10	1E-30	1E10	1E10	1E-30	1E10	1E10	1E-30	1E10	1E10	1E-30	1E10	1E10	1E-30	1E10	1E10	1E-30	1E10	1E10	1E-30	1E10	1E10	1E-30	1E10	1E10
32	5.3E-14	1E-30	1E-10	1E10	1.34E-9	0.025	1E10	1E-30	5800	1E10	7.2E-8	160	1E10	2.7E-7	2E3	1E10	6E-8	60	1E-30	1E10	1E10	1E-30	1E10	1E10	1E-30	1E10	1E10	1E-30	1E10	1E10	1E-30	1E10	1E10	1E-30	1E10	1E10	1E-30	1E10	1E10	1E-30	1E10	1E10	1E-30	1E10	1E10	1E-30	1E10	1E10
33	5.3E-14	1E-30	1E-10	1E10	1.34E-9	0.025	1E10	1E-30	5800	1E10	7.2E-8	160	1E10	2.7E-7	2E3	1E10	6E-8	60	1E-30	1E10	1E10	1E-30	1E10	1E10	1E-30	1E10	1E10	1E-30	1E10	1E10	1E-30	1E10	1E10	1E-30	1E10	1E10	1E-30	1E10	1E10	1E-30	1E10	1E10	1E-30	1E10	1E10	1E-30	1E10	1E10
34	6.55E-14	1E-30	1E-10	1E10	1.45E-9	0.028	1E10	1E-30	6300	1E10	7.2E-8	160	1E10	2.7E-7	2E3	1E10	6.7E-8	60	1E-30	1E10	1E10	1E-30	1E10	1E10	1E-30	1E10	1E10	1E-30	1E10	1E10	1E-30	1E10	1E10	1E-30	1E10	1E10	1E-30	1E10	1E10	1E-30	1E10	1E10	1E-30	1E10	1E10	1E-30	1E10	1E10
35	6.55E-14	1E-30	1E-10	1E10	1.45E-9	0.028	1E10	1E-30	6300	1E10	7.2E-8	160	1E10	2.7E-7	2E3	1E10	6.7E-8	60	1E-30	1E10	1E10	1E-30	1E10	1E10	1E-30	1E10	1E10	1E-30	1E10	1E10	1E-30	1E10	1E10	1E-30	1E10	1E10	1E-30	1E10	1E10	1E-30	1E10	1E10	1E-30	1E10	1E10	1E-30	1E10	1E10
36	6.55E-14	1E-30	1E-10	1E10	1.45E-9	0.028	1E10	1E-30	6300	1E10	7.2E-8	160	1E10	2.7E-7	2E3	1E10	6.7E-8	60	1E-30	1E10	1E10	1E-30	1E10	1E10	1E-30	1E10	1E10	1E-30	1E10	1E10	1E-30	1E10	1E10	1E-30	1E10	1E10	1E-30	1E10	1E10	1E-30	1E10	1E10	1E-30	1E10	1E10	1E-30	1E10	1E10
37	6.75E-14	1E-30	1E-10	1E10	1.55E-9	0.042	1E10	1E-30	7E3	1E10	7.2E-8	160	1E10	2.7E-7	2E3	1E10	8E-8	60	1E-30	1E10	1E10	1E-30	1E10	1E10	1E-30	1E10	1E10	1E-30	1E10	1E10	1E-30	1E10	1E10	1E-30	1E10	1E10	1E-30	1E10	1E10	1E-30	1E10	1E10	1E-30	1E10	1E10	1E-30	1E10	1E10
38	6.75E-14	1E-30	1E-10	1E10	1.55E-9	0.042	1E10	1E-30	7E3	1E10	7.2E-8	160	1E10	2.7E-7	2E3	1E10	8E-8	60	1E-30	1E10	1E10	1E-30	1E10	1E10	1E-30	1E10	1E10	1E-30	1E10	1E10	1E-30	1E10	1E10	1E-30	1E10	1E10	1E-30	1E10	1E10	1E-30	1E10	1E10	1E-30	1E10	1E10	1E-30	1E10	1E10
39	6.75E-14	1E-30	1E-10	1E10	1.55E-9	0.042	1E10	1E-30	7E3	1E10	7.2E-8	160	1E10	2.7E-7	2E3	1E10	8E-8	60	1E-30	1E10	1E10	1E-30	1E10	1E10	1E-30	1E10	1E10	1E-30	1E10	1E10	1E-30	1E10	1E10	1E-30	1E10	1E10	1E-30	1E10	1E10	1E-30	1E10	1E10	1E-30	1E10	1E10	1E-30	1E10	1E10
40	7E-14	1E-30	1E-10	1E10	1.66E-9	0.045	1E10	1E-30	7E3	1E10	8E-8	160	1E10	2.7E-7	2E3	1E10	8E-8	60	1E-30	1E10	1E10	1E-30	1E10	1E10	1E-30	1E10	1E10	1E-30	1E10	1E10	1E-30	1E10	1E10	1E-30	1E10	1E10	1E-30	1E10	1E10	1E-30	1E10	1E10	1E-30	1E10	1E10	1E-30	1E10	1E10
41	7E-14	1E-30	1E-10	1E10	1.66E-9	0.045	1E10	1E-30	7E3	1E10	8E-8	160	1E10	2.7E-7	2E3	1E10	8E-8	60	1E-30	1E10	1E10	1E-30	1E10	1E10	1E-30	1E10	1E10	1E-30	1E10	1E10	1E-30	1E10	1E10	1E-30	1E10	1E10	1E-30	1E10	1E10	1E-30	1E10	1E10	1E-30	1E10	1E10	1E-30	1E10	1E10
42	7E-14	1E-30	1E-10	1E10	1.66E-9	0.045	1E10	1E-30	7E3	1E10	8E-8	160	1E10	2.7E-7	2E3	1E10	8E-8	60	1E-30	1E10	1E10	1E-30	1E10	1E10	1E-30	1E10	1E10	1E-30	1E10	1E10	1E-30	1E10	1E10	1E-30	1E10	1E10	1E-30	1E10	1E10	1E-30	1E10	1E10	1E-30	1E10	1E10	1E-30	1E10	1E10
43	6E-14	1E-30	1E-10	1E10	1.76E-9	0.058	1E10	1E-30	7E3	1E10	8E-8	160	1E10	2.7E-7	2E3	1E10	8E-8	60	1E-30	1E10	1E10	1E-30	1E10	1E10	1E-30	1E10	1E10	1E-30	1E10	1E10	1E-30	1E10	1E10	1E-30	1E10	1E10	1E-30	1E10	1E10	1E-30	1E10	1E10	1E-30	1E10	1E10	1E-30	1E10	1E10
44	6E-14	1E-30	1E-10	1E10	1.76E-9	0.058	1E10	1E-30	7E3	1E10	8E-8	160	1E10	2.7E-7	2E3	1E10	8E-8	60	1E-30	1E10	1E10	1E-30	1E10	1E10	1E-30	1E10	1E10	1E-30	1E10	1E10	1E-30	1E10	1E10	1E-30	1E10	1E10	1E-30	1E10	1E10	1E-30	1E10	1E10	1E-30	1E10	1E10	1E-30	1E10	1E10
45	6E-14	1E-30	1E-10	1E10	1.76E-9	0.058	1E10	1E-30	7E3	1E10	8E-8	160	1E10	2.7E-7	2E3	1E10	8E-8	60	1E-30	1E10	1E10	1E-30	1E10	1E10	1E-30	1E10	1E10	1E-30	1E10	1E10	1E-30	1E10	1E10	1E-30	1E10	1E10	1E-30	1E10	1E10	1E-30	1E10	1E10	1E-30	1E10	1E10	1E-30	1E10	1E10
46	6.3E-14	1E-30	1E-10	1E10	1.89E-9	0.033	1E10	1E-30	7500	1E10	6.8E-8	160	1E10	3E-7	2E3	1E10	7E-8	40	1E-30	1E10	1E10	1E-30	1E10	1E10	1E-30	1E10	1E10	1E-30	1E10	1E10	1E-30	1E10	1E10	1E-30	1E10	1E10	1E-30	1E10	1E10	1E-30	1E10	1E10	1E-30	1E10	1E10	1E-30	1E10	1E10
47	6.3E-14	1E-30	1E-10	1E10	1.89E-9	0.033	1E10	1E-30	7500	1E10	6.8E-8	160	1E10	3E-7	2E3	1E10	7E-8	40	1E-30	1E10	1E10	1E-30	1E10	1E10	1E-30	1E10	1E10	1E-30	1E10	1E10	1E-30	1E10	1E10	1E-30	1E10	1E10	1E-30	1E10	1E10	1E-30	1E10	1E10	1E-30	1E10	1E10	1E-30	1E10	1E10
48	6.3E-14	1E-30	1E-10	1E10	1.89E-9	0.033	1E10	1E-30	7500	1E10	6.8E-8	160	1E10	3E-7	2E3	1E10	7E-8	40	1E-30	1E10	1E10	1E-30	1E10	1E10	1E-30	1E10	1E10	1E-30	1E10	1E10	1E-30	1E10	1E10	1E-30	1E10	1E10	1E-30	1E10	1E10	1E-30	1E10	1E10	1E-30	1E10	1E10	1E-30	1E10	1E10
49	6.5E-14	1E-30	1E-10	1E10	1.99E-9	0.033	1E10	1E-30	7500	1E10	7.3E-8	160	1E10	3E-7	2E3	1E10	7E-8	40	1E-30	1E10	1E10	1E-30	1E10	1E10	1E-30	1E10	1E10	1E-30	1E10	1E10	1E-30	1E10	1E10	1E-30	1E10	1E10	1E-30	1E10	1E10	1E-30	1E10	1E10	1E-30	1E10	1E10	1E-30	1E10	1E10
50	6.5E-14	1E-30	1E-10	1E10	1.99E-9	0.033	1E10	1E-30	7500	1E10	7.3E-8	160	1E10	3E-7	2E3	1E10	7E-8	40	1E-30	1E10	1E10	1E-30	1E10	1E10	1E-30	1E10	1E10	1E-30	1E10	1E10	1E-30	1E10	1E10	1E-30	1E10	1E10	1E-30	1E10	1E10	1E-30	1E10	1E10	1E-30	1E10	1E10	1E-30	1E10	1E10
51	6.5E-14	1E-30	1E-10	1E10	1.99E-9	0.033	1E10	1E-30	7500	1E10	7.3E-8	160	1E10	3E-7	2E3	1E10	7E-8	40	1E-30	1E10	1E10	1E-30	1E10	1E10	1E-30	1E10	1E10	1E-30	1E10	1E10	1E-30	1E10	1E10	1E-30	1E10	1E10	1E-30	1E10	1E10	1E-30	1E10	1E10	1E-30	1E10	1E10	1E-30	1E10	1E10
52	6.8E-14	1E-30	1E-10	1E10	2.09E-9	0.038	1E10	1E-30	8E3	1E10	7.7E-8	160	1E10	3E-7	2E3	1E10	7E-8	50	1E-30	1E10	1E10	1E-30	1E10	1E10	1E-30	1E10	1E10	1E-30	1E10	1E10	1E-30	1E10	1E10	1E-30	1E10	1E10	1E-30	1E10	1E10	1E-30	1E10	1E10	1E-30	1E10	1E10	1E-30	1E10	1E10
53	6.8E-14	1E-30	1E-10	1E10	2.09E-9	0.038	1E10	1E-30	8E3	1E10	7.7E-8	160	1E10	3E-7	2E3	1E10	7E-8	50	1E-30	1E10	1E10	1E-30	1E10	1E10	1E-30	1E10	1E10	1E-30	1E10	1E10	1E-30	1E10	1E10	1E-30	1E10	1E10	1E-30	1E10	1E10	1E-30	1E10	1E10	1E-30	1E10	1E10	1E-30	1E10	1E10
54	6.8E-14	1E-30	1E-10	1E10	2.09E-9	0.038	1E10	1E-30	8E3	1E10	7.7E-8	160	1E10	3E-7	2E3	1E10	7E-8	50	1E-30	1E10	1E10	1E-30	1E10	1E10	1E-30	1E10	1E10	1E-30	1E10	1E10	1E-30	1E10	1E10	1E-30	1E10	1E10	1E-30	1E10	1E10	1E-30	1E10	1E10	1E-30	1E10	1E10	1E-30	1E10	1E10
55	6.8E-14	1E-30	1E-10	1E10	2.2E-9	0.032	1E10	1E-30	8E3	1E10	7.7E-8	160	1E10	3E-7	2E3	1E10	8E-8	50	1E-30	1E10	1E10	1E-30	1E10	1E10	1E-30	1E10	1E10	1E-30	1E10	1E10	1E-30	1E10	1E10	1E-30	1E10	1E10	1E-30	1E10	1E10	1E-30	1E10	1E10	1E-30	1E10	1E10	1E-30	1E10	1E10
56	6.8E-14	1E-30	1E-10	1E10	2.2E-9	0.032	1E10	1E-30	8E3	1E10	7.7E-8	160	1E10	3E-7	2E3	1E10	8E-8	50	1E-30	1E10	1E10	1E-30	1E10	1E10	1E-30	1E10	1E10	1E-30	1E10	1E10	1E-30	1E10	1E10	1E-30	1E10	1E10	1E-30	1E10	1E10	1E-30	1E10	1E10	1E-30	1E10	1E10	1E-30	1E10	1E10
57	6.8E-14	1E-30	1E-10	1E10	2.2E-9	0.032	1E10	1E-30	8E3	1E10	7.7E-8	160	1E10	3E-7	2E3	1E10	8E-8	50	1E-30	1E10	1E10	1E-30	1E10	1E10	1E-30	1E10	1E10	1E-30	1E10	1E10	1E-30	1E10	1E10	1E-30	1E10	1E10	1E-30	1E10	1E10	1E-30	1E10	1E10	1E-30	1E10	1E10	1E-30	1E10	1E10
58	7E-14	1E-30	1E-10	1E10	2.3E-9	0.04	1E10	1E-30	8200	1E10	7.7E-8	160	1E10	3E-7	2E3	1E10	8E-8	50	1E-30	1E10	1E10	1E-30	1E10	1E10	1E-30	1E10	1E10	1E-30	1E10	1E10	1E-30	1E10	1E10	1E-30	1E10	1E10	1E-30	1E10	1E10	1E-30	1E10	1E10	1E-30	1E10	1E10	1E-30	1E10	1E10
59	7E-14	1E-30	1E-10	1E10	2.3E-9	0.04	1E10	1E-30	8200	1E10	7.7E-8	160	1E10	3E-7	2E3	1E10	8E-8	50	1E-30	1E10	1E10	1E-30	1E10	1E10	1E-30	1E10	1E10	1E-30	1E10	1E10	1E-30	1E10	1E10	1E-30	1E10	1E10	1E-30	1E10	1E10	1E-30	1E10	1E10	1E-30	1E10	1E10	1E-30	1E10	1E10
60	7E-14	1E-30	1E-10	1E10	2.3E-9	0.04	1E10	1E-30	8200	1E10	7.7E-8	160	1E10	3E-7	2E3	1E10	8E-8	50	1E-30	1E10	1E10	1E-30	1E10	1E10	1E-30	1E10	1E10	1E-30	1E10	1E10	1E-30	1E10	1E10	1E-30	1E10	1E10	1E-30	1E10	1E10	1E-30	1E10	1E10	1E-30	1E10	1E10	1E-30	1E10	1E10
61	7.75E-14	1E-30	1E-10	1E10	2.43E-9	0.05	1E10	1E-30	8200	1E10	1E-7	150	1E10	3E-7	2E3	1E10	7E-8	50	1E-30	1E10	1E10	1E-30	1E10	1E10	1E-30	1E10	1E10	1E-30	1E10	1E10	1E-30	1E10	1E10	1E-30	1E10	1E10	1E-30	1E10	1E10	1E-30	1E10	1E10	1E-30	1E10	1E10	1E-30	1E10	1E10
62	7.75E-14	1E-30	1E-10	1E10	2.43E-9	0.05	1E10	1E-30	8200	1E10	1E-7	150	1E10	3E-7	2E3	1E10	7E-8	50	1E-30	1E10	1E10	1E-30	1E10	1E10	1E-30	1E10	1E10	1E-30	1E10	1E10	1E-30	1E10	1E10	1E-30	1E10	1E10	1E-30	1E10	1E10	1E-30	1E10	1E10	1E-30	1E10	1E10	1E-30	1E10	1E10
63	8E-14	1E-30	1E-10	1E10	2.54E-9	0.042	1E10	1E-30	9E3	1E10	9E-8	150	1E10	3E-7	2E3	1E10	8E-8	45	1E-30	1E10	1E10	1E-30	1E10	1E10	1E-30	1E10	1E10	1E-30	1E10	1E10	1E-30	1E10	1E10	1E-30	1E10	1E10	1E-30	1E10	1E10	1E-30	1E10	1E10	1E-30	1E10	1E10	1E-30	1E10	1E10
64	8E-14	1E-30	1E-10	1E10	2.54E-9	0.042	1E10	1E-30	9E3	1E10	9E-8	150	1E10	3E-7	2E3	1E10	8E-8	45	1E-30	1E10	1E10	1E-30	1E10	1E10	1E-30	1E10	1E10	1E-30	1E10	1E10	1E-30	1E10	1E10	1E-30	1E10	1E10	1E-30	1E10	1E10	1E-30	1E10	1E10	1E-30	1E10	1E10	1E-30	1E10	1E10
65	9.1E-14	1E-30	1E-10	1E10	2.63E-9	0.045	1E10	1E-30	9E3	1E10	1.1E-7	150	1E10	3E-7	2E3	1E10	8E-8	70	1E-30	1E10	1E10	1E-30	1E10	1E10	1E-30	1E10	1E10	1E-30	1E10	1E10	1E-30	1E10	1E10	1E-30	1E10	1E10	1E-30	1E10	1E10	1E-30	1E10	1E10	1E-30	1E10	1E10	1E-30	1E10	1E10
66	9.1E-14	1E-30	1E-10	1E10	2.63E-9	0.045	1E10	1E-30	9E3	1E10	1.1E-7	150	1E10	3E-7	2E3	1E10	8E-8	70	1E-30	1E10	1E10	1E-30	1E10	1E10	1E-30	1E10	1E10	1E-30	1E10	1E10	1E-30	1E10	1E10	1E-30	1E10	1E10	1E-30	1E10	1E10	1E-30	1E10	1E10	1E-30	1E10	1E10	1E-30	1E10	1E10
67	9E-14	1E-30	1E-10	1E10	2.75E-9	0.05	1E10	1E-30	9E3	1E10	9E-8	150	1E10	3E-7	2E3	1E10	8E-8	45	1E-30	1E10	1E10	1E-30	1E10	1E10	1E-30	1E10	1E10	1E-30	1E10	1E10	1E-30	1E10	1E10	1E-30	1E10	1E10	1E-30	1E10	1E10	1E-30	1E10	1E10	1E-30	1E10	1E10	1E-30	1E10	1E10
68	9E-14	1E-30	1E-10	1E10	2.75E-9	0.05	1E10	1E-30	9E3	1E10	9E-8	150	1E10	3E-7	2E3	1E10	8E-8	45	1E-30	1E10	1E10	1E-30	1E10	1E10	1E-30	1E10	1E10	1E-30	1E10	1E10	1E-30	1E10	1E10	1E-30	1E10	1E10	1E-30	1E10	1E10	1E-30	1E10	1E10	1E-30	1E10	1E10	1E-30	1E10	1E10
69	8.5E-14	1E-30	1E-10	1E10	2.86E-9	0.055	1E10	1E-30	10300	1E10	9.2E-8	150	1E10	3E-7	2E3	1E10	7.5E-8	40	1E-30	1E10	1E10	1E-30	1E10	1E10	1E-30	1E10	1E10	1E-30	1E10	1E10	1E-30	1E10	1E10	1E-30	1E10	1E10	1E-30	1E10	1E10	1E-30	1E10	1E10	1E-30	1E10	1E10	1E-30	1E10	1E10
70	8.5E-14	1E-30	1E-10	1E10	2.86E-9	0.055	1E10	1E-30	10300	1E10	9.2E-8	150	1E10	3E-7	2E3	1E10	7.5E-8	40	1E-30	1E10	1E10	1E-30	1E10	1E10	1E-30	1E10	1E10	1E-30	1E10	1E10	1E-30	1E10	1E10	1E-30	1E10	1E10	1E-30	1E10	1E10	1E-30	1E10	1E10	1E-30	1E10	1E10	1E-30	1E10	1E10
71	7.5E-14	1E-30	1E-10	1E10	2.97E-9	0.06	1E10	1E-30	11E3	1E10	9.2E-8	150	1E10	3E-7	2E3	1E10	8E-8	40	1E-30	1E10	1E10	1E-30	1E10	1E10	1E-30	1E10	1E10	1E-30	1E10	1E10	1E-30	1E10	1E10	1E-30	1E10	1E10	1E-30	1E10	1E10	1E-30	1E10	1E10	1E-30	1E10	1E10	1E-30	1E10	1E10
72	7.5E-14	1E-30	1E-10	1E10	2.97E-9	0.06	1E10	1E-30	11E3	1E10	9.2E-8	150	1E10	3E-7	2E3	1E10	8E-8	40	1E-30	1E10	1E10	1E-30	1E10	1E10	1E-30	1E10	1E10	1E-30	1E10	1E10	1E-30	1E10	1E10	1E-30	1E10	1E10	1E-30	1E10	1E10	1E-30	1E10	1E10	1E-30	1E10	1E10	1E-30	1E10	1E10
73	8.1E-14	1E-30	1E-10	1E10	3.07E-9	0.08	1E10	1E-30	11E3	1E10	9.5E-8	150	1E10	3E-7	2E3	1E10	9E-8	35	1E-30	1E10	1E10	1E-30	1E10	1E10	1E-30	1E10	1E10	1E-30	1E10	1E10	1E-30	1E10	1E10	1E-30	1E10	1E10	1E-30	1E10	1E10	1E-30	1E10	1E10	1E-30	1E10	1E10	1E-30	1E10	1E10
74	8.1E-14	1E-30	1E-10	1E10	3.07E-9	0.08	1E10	1E-30	11E3	1E10	9.5E-8	150	1E10	3E-7	2E3	1E10	9E-8	35	1E-30	1E10	1E10	1E-30	1E10	1E10	1E-30	1E10	1E10	1E-30	1E10	1E10	1E-30	1E10	1E10	1E-30	1E10	1E10	1E-30	1E10	1E10	1E-30	1E10	1E10	1E-30	1E10	1E10	1E-30	1E10	1E10
75	7.4E-14	1E-30	1E-10	1E10	3.19E-9	0.08	1E10	1E-30	11E3	1E10	1.05E-7	150	1E10	3E-7	2E3	1E10	8E-8	30	1E-30	1E10	1E10	1E-30	1E10	1E10	1E-30	1E10	1E10	1E-30	1E10	1E10	1E-30	1E10	1E10	1E-30	1E10	1E10	1E-30	1E10	1E10	1E-30	1E10	1E10	1E-30	1E10	1E10	1E-30	1E10	1E10
76	7.4E-14	1E-30	1E-10	1E10	3.19E-9	0.08	1E10	1E-30	11E3	1E10	1.05E-7	150	1E10	3E-7	2E3	1E10	8E-8	30	1E-30	1E10	1E10	1E-30	1E10	1E10	1E-30	1E10	1E10	1E-30	1E10	1E10	1E-30	1E10	1E10	1E-30	1E10	1E10	1E-30	1E10	1E10	1E-30	1E10	1E10	1E-30	1E10	1E10	1E-30	1E10	1E10
77	8.9E-14	1E-30	1E-10	1E10	3.4E-9	0.055	1E10	1E-30	1E4	1E10	2.5E-7	600	1E10	2.5E-7	1200	1E10	3.9E-8	18	1E-30	1E10	1E10	1E-30	1E10	1E10	1E-30	1E10	1E10	1E-30	1E10	1E10	1E-30	1E10	1E10	1E-30	1E10	1E10	1E-30	1E10	1E10	1E-30	1E10	1E10	1E-30	1E10	1E10	1E-30	1E10	1E10
78	8.9E-14	1E-30	1E-10	1E10	3.4E-9	0.055	1E10	1E-30	1E4	1E10	2.5E-7	600	1E10	2.5E-7	1200	1E10	3.9E-8	18	1E-30	1E10	1E10	1E-30	1E10	1E10	1E-30	1E10	1E10	1E-30	1E10	1E10	1E-30	1E10	1E10	1E-30	1E10	1E10	1E-30	1E10	1E10	1E-30	1E10	1E10	1E-30	1E10	1E10	1E-30	1E10	1E10
79	8.2E-14	1E-30	1E-10	1E10	3.49E-9	0.075	1E10	1E-30	1E4	1E10	2.5E-7	600	1E10	2.5E-7	1200	1E10	4.3E-8	18	1E-30	1E10	1E10	1E-30	1E10	1E10	1E-30	1E10	1E10	1E-30	1E10	1E10	1E-30	1E10	1E10	1E-30	1E10	1E10	1E-30	1E10	1E10	1E-30	1E10	1E10	1E-30	1E10	1E10	1E-30	1E10	1E10
80	8.2E-14	1E-30	1E-10	1E10	3.49E-9	0.075	1E10	1E-30	1E4	1E10	2.5E-7	600	1E10	2.5E-7	1200	1E10	4.3E-8	18	1E-30	1E10	1E10	1E-30	1E10	1E10	1E-30	1E10	1E10	1E-30	1E10	1E10	1E-30	1E10	1E10	1E-30	1E10	1E10	1E-30	1E10	1E10	1E-30	1E10	1E10	1E-30	1E10	1E10	1E-30	1E10	1E10
81	8E-14	1E-30	1E-10	1E10	3.59E-9	0.095	1E10	1E-30	1E4	1E10	3E-7	600	1E10	2.5E-7	1200	1E10	4.5E-8	20	1E-30	1E10	1E10	1E-30	1E10	1E10	1E-30	1E10	1E10	1E-30	1E10	1E10	1E-30	1E10	1E10	1E-30	1E10	1E10	1E-30	1E10	1E10	1E-30	1E10	1E10	1E-30	1E10	1E10	1E-30	1E10	1E10
82	8E-14	1E-30	1E-10	1E10	3.59E-9	0.095	1E10	1E-30	1E4	1E10	3E-7	600	1E10	2.5E-7	1200	1E10	4.5E-8	20	1E-30	1E10	1E10	1E-30	1E10	1E10	1E-30	1E10	1E10	1E-30	1E10	1E10	1E-30	1E10	1E10	1E-30	1E10	1E10	1E-30	1E10	1E10	1E-30	1E10	1E10	1E-30	1E10	1E10	1E-30	1E10	1E10
83	7.75E-14	1E-30	1E-10	1E10	3.69E-9	0.095	1E10	1E-30	10500	1E10	2.5E-7	600	1E10	2.5E-7	1200	1E10	5E-8	18	1E-30	1E10	1E10	1E-30	1E10	1E10	1E-30	1E10	1E10	1E-30	1E10	1E10	1E-30	1E10	1E10	1E-30	1E10	1E10	1E-30	1E10	1E10	1E-30	1E10	1E10	1E-30	1E10	1E10	1E-30	1E10	1E10
84	7.75E-14	1E-30	1E-10	1E10	3.69E-9	0.095	1E10	1E-30	10500	1E10	2.5E-7	600	1E10	2.5E-7	1200	1E10	5E-8	18	1E-30	1E10	1E10	1E-30	1E10	1E10	1E-30	1E10	1E10	1E-30	1E10	1E10	1E-30	1E10	1E10	1E-30	1E10	1E10	1E-30	1E10	1E10	1E-30	1E10	1E10	1E-30	1E10	1E10	1E-30	1E10	1E10
85	7.3E-14	1E-30	1E-10	1E10	3.79E-9	0.064	1E10	1E-30	11500	1E10	2.4E-7	600	1E10	2.5E-7	1200	1E10	5.5E-8	28	1E-30	1E10	1E10	1E-30	1E10	1E10	1E-30	1E10	1E10	1E-30	1E10	1E10	1E-30	1E10	1E10	1E-30	1E10	1E10	1E-30	1E10	1E10	1E-30	1E10	1E10	1E-30	1E10	1E10	1E-30	1E10	1E10
86	7.3E-14	1E-30	1E-10	1E10	3.79E-9	0.064	1E10	1E-30	11500	1E10	2.4E-7	600	1E10	2.5E-7	1200	1E10	5.5E-8	28	1E-30	1E10	1E10	1E-30	1E10	1E10	1E-30	1E10	1E10	1E-30	1E10	1E10	1E-30	1E10	1E10	1E-30	1E10	1E10	1E-30	1E10	1E10	1E-30	1E10	1E10	1E-30	1E10	1E10	1E-30	1E10	1E10
87	7.4E-14	1E-30	1E-10	1E10	3.9E-9	0.065	1E10	1E-30	12E3	1E10	2.4E-7	600	1E10	2.5E-7	1200	1E10	5.5E-8	28	1E-30	1E10	1E10	1E-30	1E10	1E10	1E-30	1E10	1E10	1E-30	1E10	1E10	1E-30	1E10	1E10	1E-30	1E10	1E10	1E-30	1E10	1E10	1E-30	1E10	1E10	1E-30	1E10	1E10	1E-30	1E10	1E10
88	7.4E-14	1E-30	1E-10	1E10	3.9E-9	0.065	1E10	1E-30	12E3	1E10	2.4E-7	600	1E10	2.5E-7	1200	1E10	5.5E-8	28	1E-30	1E10	1E10	1E-30	1E10	1E10	1E-30	1E10	1E10	1E-30	1E10	1E10	1E-30	1E10	1E10	1E-30	1E10	1E10	1E-30	1E10	1E10	1E-30	1E10	1E10	1E-30	1E10	1E10	1E-30	1E10	1E10
89	7.65E-14	1E-30	1E-10	1E10	4.03E-9	0.065	1E10	1E-30	11500	1E10	2.4E-7	600	1E10	2.5E-7	1200	1E10	5.5E-8	23	1E-30	1E10	1E10	1E-30	1E10	1E10	1E-30	1E10	1E10	1E-30	1E10	1E10	1E-30	1E10	1E10	1E-30	1E10	1E10	1E-30	1E10	1E10	1E-30	1E10	1E10	1E-30	1E10	1E10	1E-30	1E10	1E10
90	7.65E-14	1E-30	1E-10	1E10	4.03E-9	0.065	1E10	1E-30	11500	1E10	2.4E-7	600	1E10	2.5E-7	1200	1E10	5.5E-8	23	1E-30	1E10	1E10	1E-30	1E10	1E10	1E-30	1E10	1E10	1E-30	1E10	1E10	1E-30	1E10	1E10	1E-30	1E10	1E10	1E-30	1E10	1E10	1E-30	1E10	1E10	1E-30	1E10	1E10	1E-30	1E10	1E10
91	7.2E-14	1E-30	1E-10	1E10	4.14E-9	0.065	1E10	1E-30	11500	1E10	2.6E-7	600	1E10	2.5E-7	1200	1E10	5.5E-8	23	1E-30	1E10	1E10	1E-30	1E10	1E10	1E-30	1E10	1E10	1E-30	1E10	1E10	1E-30	1E10	1E10	1E-30	1E10	1E10	1E-30	1E10	1E10	1E-30	1E10	1E10	1E-30	1E10	1E10	1E-30	1E10	1E10
92	7.2E-14	1E-30	1E-10	1E10	4.14E-9	0.065	1E10	1E-30	11500	1E10	2.6E-7	600	1E10	2.5E-7	1200	1E10	5.5E-8	23	1E-30	1E10	1E10	1E-30	1E10	1E10	1E-30	1E10	1E10	1E-30	1E10	1E10	1E-30	1E10	1E10	1E-30	1E10	1E10	1E-30	1E10	1E10	1E-30	1E10	1E10	1E-30	1E10	1E10	1E-30	1E10	1E10
93	7.1E-14	1E-30	1E-10	1E10	4.25E-9	0.075	1E10	1E-30	12500	1E10	2.5E-7	600	1E10	2.5E-7	1200	1E10	5.5E-8	23	1E-30	1E10	1E10	1E-30	1E10	1E10	1E-30	1E10	1E10	1E-30	1E10	1E10	1E-30	1E10	1E10	1E-30	1E10	1E10	1E-30	1E10	1E10	1E-30	1E10	1E10	1E-30	1E10	1E10	1E-30	1E10	1E10
94	7.1E-14	1E-30	1E-10	1E10	4.25E-9	0.075	1E10	1E-30	12500	1E10	2.5E-7	600	1E10	2.5E-7	1200	1E10	5.5E-8	23	1E-30	1E10	1E10	1E-30	1E10	1E10	1E-30	1E10	1E10	1E-30	1E10	1E10	1E-30	1E10	1E10	1E-30	1E10	1E10	1E-30	1E10	1E10	1E-30	1E10	1E10	1E-30	1E10	1E10	1E-30	1E10	1E10
95	6.9E-14	1E-30	1E-10	1E10	4.35E-9	0.08	1E10	1E-30	12E3	1E10	2.5E-7	600	1E10	2.5E-7	1200	1E10	6E-8	23	1E-30	1E10	1E10	1E-30	1E10	1E10	1E-30	1E10	1E10	1E-30	1E10	1E10	1E-30	1E10	1E10	1E-30	1E10	1E10	1E-30	1E10	1E10	1E-30	1E10	1E10	1E-30	1E10	1E10	1E-30	1E10	1E10
96	6.9E-14	1E-30	1E-10	1E10	4.35E-9	0.08	1E10	1E-30	12E3	1E10	2.5E-7	600	1E10	2.5E-7	1200	1E10	6E-8	23	1E-30	1E10	1E10	1E-30	1E10	1E10	1E-30	1E10	1E10	1E-30	1E10	1E10	1E-30	1E10	1E10	1E-30	1E10	1E10	1E-30	1E10	1E10	1E-30	1E10	1E10	1E-30	1E10	1E10	1E-30	1E10	1E10
97	5.9E-14	1E-30	1E-10	1E10	4.68E-9	0.114	1E10	1E-30	13300	1E10	4.33E-8	7.58	1E10	1.43E-7	154	1E10	1.92E-7	856	1.1E-14	4.57E-9	0.491	1E-30	1E10	1E10	1E-30	1E10	1E10	1E-30	1E10	1E10	1E-30	1E10	1E10	1E-30	1E10	1E10	1E-30	1E10	1E10	1E-30	1E10	1E10	1E-30	1E10	1E10	1E-30	1E10	1E10
98	5.9E-14	1E-30	1E-10	1E10	4.68E-9	0.114	1E10	1E-30	13300	1E10	4.33E-8	7.58	1E10	1.43E-7	154	1E10	1.92E-7	856	1.1E-14	4.57E-9	0.491	1E-30	1E10	1E10	1E-30	1E10	1E10	1E-30	1E10	1E10	1E-30	1E10	1E10	1E-30	1E10	1E10	1E-30	1E10	1E10	1E-30	1E10	1E10	1E-30	1E10	1E10	1E-30	1E10	1E10
99	5.86E-14	1E-30	1E-10	1E10	4.88E-9	0.124	1E10	1E-30	13100	1E10	4.08E-8	6.12	1E10	1.18E-7	120	1E10	2.01E-7	849	8.63E-15	6.04E-9	1.72	1E-30	1E10	1E10	1E-30	1E10	1E10	1E-30	1E10	1E10	1E-30	1E10	1E10	1E-30	1E10	1E10	1E-30	1E10	1E10	1E-30	1E10	1E10	1E-30	1E10	1E10	1E-30	1E10	1E10
100	5.86E-14	1E-30	1E-10	1E10	4.88E-9	0.124	1E10	1E-30	13100	1E10	4.08E-8	6.12	1E10	1.18E-7	120	1E10	2.01E-7	849	8.63E-15	6.04E-9	1.72	1E-30	1E10	1E10	1E-30	1E10	1E10	1E-30	1E10	1E10	1E-30	1E10	1E10	1E-30	1E10	1E10	1E-30	1E10	1E10	1E-30	1E10	1E10	1E-30	1E10	1E10	1E-30	1E10	1E10
101	5.17E-14	1E-30	1E-10	1E10	4.77E-9	0.137	1E10	1E-30	14400	1E10	5.5E-8	13.8	1E10	1.82E-7	208	1E10	2.14E-7	1070	1.47E-14	3.27E-9	0.111	1E-30	1E10	1E10	1E-30	1E10	1E10	1E-30	1E10	1E10	1E-30	1E10	1E10	1E-30	1E10	1E10	1E-30	1E10	1E10	1E-30	1E10	1E10	1E-30	1E10	1E10	1E-30	1E10	1E10
102	5.17E-14	1E-30	1E-10	1E10	4.77E-9	0.137	1E10	1E-30	14400	1E10	5.5E-8	13.8	1E10	1.82E-7	208	1E10	2.14E-7	1070	1.47E-14	3.27E-9	0.111	1E-30	1E10	1E10	1E-30	1E10	1E10	1E-30	1E10	1E10	1E-30	1E10	1E10	1E-30	1E10	1E10	1E-30	1E10	1E10	1E-30	1E10	1E10	1E-30	1E10	1E10	1E-30	1E10	1E10
103	6.35E-14	1E-30	1E-10	1E10	4.8E-9	0.125	1E10	1E-30	13500	1E10	2.5E-7	600	1E10	2.5E-7	1200	1E10	6.5E-8	18	1E-30	1E10	1E10	1E-30	1E10	1E10	1E-30	1E10	1E10	1E-30	1E10	1E10	1E-30	1E10	1E10	1E-30	1E10	1E10	1E-30	1E10	1E10	1E-30	1E10	1E10	1E-30	1E10	1E10	1E-30	1E10	1E10
104	6.35E-14	1E-30	1E-10	1E10	4.8E-9	0.125	1E10	1E-30	13500	1E10	2.5E-7	600	1E10	2.5E-7	1200	1E10	6.5E-8	18	1E-30	1E10	1E10	1E-30	1E10	1E10	1E-30	1E10	1E10	1E-30	1E10	1E10	1E-30	1E10	1E10	1E-30	1E10	1E10	1E-30	1E10	1E10	1E-30	1E10	1E10	1E-30	1E10	1E10	1E-30	1E10	1E10
105	4.79E-14	1E-30	1E-10	1E10	5.3E-9	0.119	1E10	1E-30	12600	1E10	4.01E-8	6.31	1E10	1.08E-7	105	1E10	2.18E-7	1010	2.94E-14	1.54E-9	0.936	1E-30	1E10	1E10	1E-30	1E10	1E10	1E-30	1E10	1E10	1E-30	1E10	1E10	1E-30	1E10	1E10	1E-30	1E10	1E10	1E-30	1E10	1E10	1E-30	1E10	1E10	1E-30	1E10	1E10
106	4.79E-14	1E-30	1E-10	1E10	5.3E-9	0.119	1E10	1E-30	12600	1E10	4.01E-8	6.31	1E10	1.08E-7	105	1E10	2.18E-7	1010	2.94E-14	1.54E-9	0.936	1E-30	1E10	1E10	1E-30	1E10	1E10	1E-30	1E10	1E10	1E-30	1E10	1E10	1E-30	1E10	1E10	1E-30	1E10	1E10	1E-30	1E10	1E10	1E-30	1E10	1E10	1E-30	1E10	1E10
107	6.08E-14	1E-30	1E-10	1E10	5.36E-9	0.0997	1E10	1E-30	11900	1E10	3.9E-8	7.8	1E10	1.29E-7	125	1E10	2.37E-7	1040	3.37E-14	1.42E-9	1.21	1E-30	1E10	1E10	1E-30	1E10	1E10	1E-30	1E10	1E10	1E-30	1E10	1E10	1E-30	1E10	1E10	1E-30	1E10	1E10	1E-30	1E10	1E10	1E-30	1E10	1E10	1E-30	1E10	1E10
108	6.08E-14	1E-30	1E-10	1E10	5.36E-9	0.0997	1E10	1E-30	11900	1E10	3.9E-8	7.8	1E10	1.29E-7	125	1E10	2.37E-7	1040	3.37E-14	1.42E-9	1.21	1E-30	1E10	1E10	1E-30	1E10	1E10	1E-30	1E10	1E10	1E-30	1E10	1E10	1E-30	1E10	1E10	1E-30	1E10	1E10	1E-30	1E10	1E10	1E-30	1E10	1E10	1E-30	1E10	1E10
109	4.1E-14	1E-30	1E-10	1E10	5.48E-9	0.119	1E10	1E-30	11300	1E10	3.97E-8	5.01	1E10	1.18E-7	118	1E10	2.45E-7	1060	5.86E-14	7.55E-10	0.243	1E-30	1E10	1E10	1E-30	1E10	1E10	1E-30	1E10	1E10	1E-30	1E10	1E10	1E-30	1E10	1E10	1E-30	1E10	1E10	1E-30	1E10	1E10	1E-30	1E10	1E10	1E-30	1E10	1E10
110	4.1E-14	1E-30	1E-10	1E10	5.48E-9	0.119	1E10	1E-30	11300	1E10	3.97E-8	5.01	1E10	1.18E-7	118	1E10	2.45E-7	1060	5.86E-14	7.55E-10	0.243	1E-30	1E10	1E10	1E-30	1E10	1E10	1E-30	1E10	1E10	1E-30	1E10	1E10	1E-30	1E10	1E10	1E-30	1E10	1E10	1E-30	1E10	1E10	1E-30	1E10	1E10	1E-30	1E10	1E10
111	8.9E-14	1E-30	1E-10	1E10	5.24E-9	0.085	1E10	1E-30	15800	1E10	3.5E-7	600	1E10	2.5E-7	1200	1E10	6.5E-8	27	1E-30	1E10	1E10	1E-30	1E10	1E10	1E-30	1E10	1E10	1E-30	1E10	1E10	1E-30	1E10	1E10	1E-30	1E10	1E10	1E-30	1E10	1E10	1E-30	1E10	1E10	1E-30	1E10	1E10	1E-30	1E10	1E10
112	8.9E-14	1E-30	1E-10	1E10	5.24E-9	0.085	1E10	1E-30	15800	1E10	3.5E-7	600	1E10	2.5E-7	1200	1E10	6.5E-8	27	1E-30	1E10	1E10	1E-30	1E10	1E10	1E-30	1E10	1E10	1E-30	1E10	1E10	1E-30	1E10	1E10	1E-30	1E10	1E10	1E-30	1E10	1E10	1E-30	1E10	1E10	1E-30	1E10	1E10	1E-30	1E10	1E10
113	8.1E-14	1E-30	1E-10	1E10	5.84E-9	0.138	1E10	1E-30	17E3	1E10	5E-7	600	1E10	2.5E-7	1200	1E10	6.5E-8	21	1E-30	1E10	1E10	1E-30	1E10	1E10	1E-30	1E10	1E10	1E-30	1E10	1E10	1E-30	1E10	1E10	1E-30	1E10	1E10	1E-30	1E10	1E10	1E-30	1E10	1E10	1E-30	1E10	1E10	1E-30	1E10	1E10
114	8.1E-14	1E-30	1E-10	1E10	5.84E-9	0.138	1E10	1E-30	17E3	1E10	5E-7	600	1E10	2.5E-7	1200	1E10	6.5E-8	21	1E-30	1E10	1E10	1E-30	1E10	1E10	1E-30	1E10	1E10	1E-30	1E10	1E10	1E-30	1E10	1E10	1E-30	1E10	1E10	1E-30	1E10	1E10	1E-30	1E10	1E10	1E-30	1E10	1E10	1E-30	1E10	1E10
115	5.4E-14	1E-30	1E-10	1E10	6.2E-9	0.14	1E10	1E-30	17E3	1E10	3.3E-7	1600	1E10	2.3E-7	160	1E10	2.2E-7	300	7.3E-15	8.1E-9	60	1E-30	1E10	1E10	1E-30	1E10	1E10	1E-30	1E10	1E10	1E-30	1E10	1E10	1E-30	1E10	1E10	1E-30	1E10	1E10	1E-30	1E10	1E10	1E-30	1E10	1E10	1E-30	1E10	1E10
116	5.4E-14	1E-30	1E-10	1E10	6.2E-9	0.14	1E10	1E-30	17E3	1E10	3.3E-7	1600	1E10	2.3E-7	160	1E10	2.2E-7	300	7.3E-15	8.1E-9	60	1E-30	1E10	1E10	1E-30	1E10	1E10	1E-30	1E10	1E10	1E-30	1E10	1E10	1E-30	1E10	1E10	1E-30	1E10	1E10	1E-30	1E10	1E10	1E-30	1E10	1E10	1E-30	1E10	1E10
117	6.5E-14	1E-30	1E-10	1E10	6.9E-9	0.18	1E10	1E-30	17E3	1E10	3.5E-7	1600	1E10	2.3E-7	160	1E10	2.2E-7	280	7.3E-15	8.1E-9	60	1E-30	1E10	1E10	1E-30	1E10	1E10	1E-30	1E10	1E10	1E-30	1E10	1E10	1E-30	1E10	1E10	1E-30	1E10	1E10	1E-30	1E10	1E10	1E-30	1E10	1E10	1E-30	1E10	1E10
118	6.5E-14	1E-30	1E-10	1E10	6.9E-9	0.18	1E10	1E-30	17E3	1E10	3.5E-7	1600	1E10	2.3E-7	160	1E10	2.2E-7	280	7.3E-15	8.1E-9	60	1E-30	1E10	1E10	1E-30	1E10	1E10	1E-30	1E10	1E10	1E-30	1E10	1E10	1E-30	1E10	1E10	1E-30	1E10	1E10	1E-30	1E10	1E10	1E-30	1E10	1E10	1E-30	1E10	1E10
119	8.5E-14	1E-30	1E-10	1E10	7.7E-9	0.16	1E10	1E-30	2E4	1E10	3.5E-7	1500	1E10	4E-7	700	1E10	1.4E-7	50	4E-15	1.46E-8	60	1E-30	1E10	1E10	1E-30	1E10	1E10	1E-30	1E10	1E10	1E-30	1E10	1E10	1E-30	1E10	1E10	1E-30	1E10	1E10	1E-30	1E10	1E10	1E-30	1E10	1E10	1E-30	1E10	1E10
120	8.5E-14	1E-30	1E-10	1E10	7.7E-9	0.16	1E10	1E-30	2E4	1E10	3.5E-7	1500	1E10	4E-7	700	1E10	1.4E-7	50	4E-15	1.46E-8	60	1E-30	1E10	1E10	1E-30	1E10	1E10	1E-30	1E10	1E10	1E-30	1E10	1E10	1E-30	1E10	1E10	1E-30	1E10	1E10	1E-30	1E10	1E10	1E-30	1E10	1E10	1E-30	1E10	1E10
121	7.7E-14	1E-30	1E-10	1E10	8.45E-9	0.22	1E10	1E-30	2E4	1E10	3.7E-7	2E3	1E10	5E-7	800	1E10	1.6E-7	50	4E-15	1.46E-8	60	1E-30	1E10	1E10	1E-30	1E10	1E10	1E-30	1E10	1E10	1E-30	1E10	1E10	1E-30	1E10	1E10	1E-30	1E10	1E10	1E-30	1E10	1E10	1E-30	1E10	1E10	1E-30	1E10	1E10
122	7.7E-14	1E-30	1E-10	1E10	8.45E-9	0.22	1E10	1E-30	2E4	1E10	3.7E-7	2E3	1E10	5E-7	800	1E10	1.6E-7	50	4E-15	1.46E-8	60	1E-30	1E10	1E10	1E-30	1E10	1E10	1E-30	1E10	1E10	1E-30	1E10	1E10	1E-30	1E10	1E10	1E-30	1E10	1E10	1E-30	1E10	1E10	1E-30	1E10	1E10	1E-30	1E10	1E10
123	6.4E-14	1E-30	1E-10	1E10	9.45E-9	0.24	1E10	1E-30	22E3	1E10	4.2E-7	2E3	1E10	5E-7	800	1E10	1.6E-7	60	4E-15	1.46E-8	60	1E-30	1E10	1E10	1E-30	1E10	1E10	1E-30	1E10	1E10	1E-30	1E10	1E10	1E-30	1E10	1E10	1E-30	1E10	1E10	1E-30	1E10	1E10	1E-30	1E10	1E10	1E-30	1E10	1E10
124	6.4E-14	1E-30	1E-10	1E10	9.45E-9	0.24	1E10	1E-30	22E3	1E10	4.2E-7	2E3	1E10	5E-7	800	1E10	1.6E-7	60	4E-15	1.46E-8	60	1E-30	1E10	1E10	1E-30	1E10	1E10	1E-30	1E10	1E10	1E-30	1E10	1E10	1E-30	1E10	1E10	1E-30	1E10	1E10	1E-30	1E10	1E10	1E-30	1E10	1E10	1E-30	1E10	1E10
125	7.4E-14	1E-30	1E-10	1E10	1.05E-8	0.27	1E10	1E-30	2E4	1E10	4.6E-7	2E3	1E10	5E-7	800	1E10	1.6E-7	60	4E-15	1.46E-8	60	1E-30	1E10	1E10	1E-30	1E10	1E10	1E-30	1E10	1E10	1E-30	1E10	1E10	1E-30	1E10	1E10	1E-30	1E10	1E10	1E-30	1E10	1E10	1E-30	1E10	1E10	1E-30	1E10	1E10
126	7.4E-14	1E-30	1E-10	1E10	1.05E-8	0.27	1E10	1E-30	2E4	1E10	4.6E-7	2E3	1E10	5E-7	800	1E10	1.6E-7	60	4E-15	1.46E-8	60	1E-30	1E10	1E10	1E-30	1E10	1E10	1E-30	1E10	1E10	1E-30	1E10	1E10	1E-30	1E10	1E10	1E-30	1E10	1E10	1E-30	1E10	1E10	1E-30	1E10	1E10	1E-30	1E10	1E10
127	8.3E-14	1E-30	1E-10	1E10	1.16E-8	0.29	1E10	1E-30	2E4	1E10	5E-7	2E3	1E10	5E-7	800	1E10	1.75E-7	60	3.7E-15	1.46E-8	60	1E-30	1E10	1E10	1E-30	1E10	1E10	1E-30	1E10	1E10	1E-30	1E10	1E10	1E-30	1E10	1E10	1E-30	1E10	1E10	1E-30	1E10	1E10	1E-30	1E10	1E10	1E-30	1E10	1E10
128	8.3E-14	1E-30	1E-10	1E10	1.16E-8	0.29	1E10	1E-30	2E4	1E10	5E-7	2E3	1E10	5E-7	800	1E10	1.75E-7	60	3.7E-15	1.46E-8	60	1E-30	1E10	1E10	1E-30	1E10	1E10	1E-30	1E10	1E10	1E-30	1E10	1E10	1E-30	1E10	1E10	1E-30	1E10	1E10	1E-30	1E10	1E10	1E-30	1E10	1E10	1E-30	1E10	1E10
129	7.3E-14	1E-30	1E-10	1E10	1.27E-8	0.27	1E10	1E-30	2E4	1E10	5E-7	2E3	1E10	5E-7	800	1E10	1.8E-7	62	4.7E-15	1.46E-8	60	1E-30	1E10	1E10	1E-30	1E10	1E10	1E-30	1E10	1E10	1E-30	1E10	1E10	1E-30	1E10	1E10	1E-30	1E10	1E10	1E-30	1E10	1E10	1E-30	1E10	1E10	1E-30	1E10	1E10
130	7.3E-14	1E-30	1E-10	1E10	1.27E-8	0.27	1E10	1E-30	2E4	1E10	5E-7	2E3	1E10	5E-7	800	1E10	1.8E-7	62	4.7E-15	1.46E-8	60	1E-30	1E10	1E10	1E-30	1E10	1E10	1E-30	1E10	1E10	1E-30	1E10	1E10	1E-30	1E10	1E10	1E-30	1E10	1E10	1E-30	1E10	1E10	1E-30	1E10	1E10	1E-30	1E10	1E10
131	7.3E-14	1E-30	1E-10	1E10	1.38E-8	0.32	1E10	1E-30	24E3	1E10	5E-7	2E3	1E10	5E-7	800	1E10	2.3E-7	62	5.3E-15	1.46E-8	60	1E-30	1E10	1E10	1E-30	1E10	1E10	1E-30	1E10	1E10	1E-30	1E10	1E10	1E-30	1E10	1E10	1E-30	1E10	1E10	1E-30	1E10	1E10	1E-30	1E10	1E10	1E-30	1E10	1E10
132	7.3E-14	1E-30	1E-10	1E10	1.38E-8	0.32	1E10	1E-30	24E3	1E10	5E-7	2E3	1E10	5E-7	800	1E10	2.3E-7	62	5.3E-15	1.46E-8	60	1E-30	1E10	1E10	1E-30	1E10	1E10	1E-30	1E10	1E10	1E-30	1E10	1E10	1E-30	1E10	1E10	1E-30	1E10	1E10	1E-30	1E10	1E10	1E-30	1E10	1E10	1E-30	1E10	1E10
133	7.8E-14	1E-30	1E-10	1E10	1.58E-8	0.45	1E10	1E-30	23500	1E10	5.6E-7	2E3	1E10	6.5E-7	900	1E10	3E-7	68	6.3E-15	1.45E-8	60	1E-30	1E10	1E10	1E-30	1E10	1E10	1E-30	1E10	1E10	1E-30	1E10	1E10	1E-30	1E10	1E10	1E-30	1E10	1E10	1E-30	1E10	1E10	1E-30	1E10	1E10	1E-30	1E10	1E10
134	7.8E-14	1E-30	1E-10	1E10	1.58E-8	0.45	1E10	1E-30	23500	1E10	5.6E-7	2E3	1E10	6.5E-7	900	1E10	3E-7	68	6.3E-15	1.45E-8	60	1E-30	1E10	1E10	1E-30	1E10	1E10	1E-30	1E10	1E10	1E-30	1E10	1E10	1E-30	1E10	1E10	1E-30	1E10	1E10	1E-30	1E10	1E10	1E-30	1E10	1E10	1E-30	1E10	1E10
135	9E-14	1E-30	1E-10	1E10	1.69E-8	0.4	1E10	1E-30	22E3	1E10	6E-7	2E3	1E10	6.5E-7	900	1E10	3E-7	68	5.35E-15	1.45E-8	50	1E-30	1E10	1E10	1E-30	1E10	1E10	1E-30	1E10	1E10	1E-30	1E10	1E10	1E-30	1E10	1E10	1E-30	1E10	1E10	1E-30	1E10	1E10	1E-30	1E10	1E10	1E-30	1E10	1E10
136	9E-14	1E-30	1E-10	1E10	1.69E-8	0.4	1E10	1E-30	22E3	1E10	6E-7	2E3	1E10	6.5E-7	900	1E10	3E-7	68	5.35E-15	1.45E-8	50	1E-30	1E10	1E10	1E-30	1E10	1E10	1E-30	1E10	1E10	1E-30	1E10	1E10	1E-30	1E10	1E10	1E-30	1E10	1E10	1E-30	1E10	1E10	1E-30	1E10	1E10	1E-30	1E10	1E10
137	6.5E-14	1E-30	1E-10	1E10	1.92E-8	0.48	1E10	1E-30	27500	1E10	8E-7	3E3	1E10	6.5E-7	1300	1E10	3E-7	70	6E-15	1.45E-8	80	1E-30	1E10	1E10	1E-30	1E10	1E10	1E-30	1E10	1E10	1E-30	1E10	1E10	1E-30	1E10	1E10	1E-30	1E10	1E10	1E-30	1E10	1E10	1E-30	1E10	1E10	1E-30	1E10	1E10
138	6.5E-14	1E-30	1E-10	1E10	1.92E-8	0.48	1E10	1E-30	27500	1E10	8E-7	3E3	1E10	6.5E-7	1300	1E10	3E-7	70	6E-15	1.45E-8	80	1E-30	1E10	1E10	1E-30	1E10	1E10	1E-30	1E10	1E10	1E-30	1E10	1E10	1E-30	1E10	1E10	1E-30	1E10	1E10	1E-30	1E10	1E10	1E-30	1E10	1E10	1E-30	1E10	1E10
139	6.5E-14	1E-30	1E-10	1E10	2.16E-8	0.45	1E10	1E-30	24E3	1E10	1.4E-6	2200	1E10	6E-7	1700	1E10	2.8E-7	75	8E-15	1.5E-8	80	1E-30	1E10	1E10	1E-30	1E10	1E10	1E-30	1E10	1E10	1E-30	1E10	1E10	1E-30	1E10	1E10	1E-30	1E10	1E10	1E-30	1E10	1E10	1E-30	1E10	1E10	1E-30	1E10	1E10
140	6.5E-14	1E-30	1E-10	1E10	2.16E-8	0.45	1E10	1E-30	24E3	1E10	1.4E-6	2200	1E10	6E-7	1700	1E10	2.8E-7	75	8E-15	1.5E-8	80	1E-30	1E10	1E10	1E-30	1E10	1E10	1E-30	1E10	1E10	1E-30	1E10	1E10	1E-30	1E10	1E10	1E-30	1E10	1E10	1E-30	1E10	1E10	1E-30	1E10	1E10	1E-30	1E10	1E10
141	6.5E-14	1E-30	1E-10	1E10	2.4E-8	0.52	1E10	1E-30	27E3	1E10	1.2E-6	1500	1E10	6E-7	1700	1E10	2.8E-7	50	8E-15	1.5E-8	100	1E-30	1E10	1E10	1E-30	1E10	1E10	1E-30	1E10	1E10	1E-30	1E10	1E10	1E-30	1E10	1E10	1E-30	1E10	1E10	1E-30	1E10	1E10	1E-30	1E10	1E10	1E-30	1E10	1E10
142	6.5E-14	1E-30	1E-10	1E10	2.4E-8	0.52	1E10	1E-30	27E3	1E10	1.2E-6	1500	1E10	6E-7	1700	1E10	2.8E-7	50	8E-15	1.5E-8	100	1E-30	1E10	1E10	1E-30	1E10	1E10	1E-30	1E10	1E10	1E-30	1E10	1E10	1E-30	1E10	1E10	1E-30	1E10	1E10	1E-30	1E10	1E10	1E-30	1E10	1E10	1E-30	1E10	1E10
143	9.61E-14	1E-30	1E-10	1E10	2.35E-8	0.718	1E10	1E-30	27E3	1E10	7.93E-7	2670	1E10	4.77E-7	381	1E10	1.09E-4	2130	7.82E-15	2.12E-8	120	1E-30	1E10	1E10	1E-30	1E10	1E10	1E-30	1E10	1E10	1E-30	1E10	1E10	1E-30	1E10	1E10	1E-30	1E10	1E10	1E-30	1E10	1E10	1E-30	1E10	1E10	1E-30	1E10	1E10
144	9.61E-14	1E-30	1E-10	1E10	2.35E-8	0.718	1E10	1E-30	27E3	1E10	7.93E-7	2670	1E10	4.77E-7	381	1E10	1.09E-4	2130	7.82E-15	2.12E-8	120	1E-30	1E10	1E10	1E-30	1E10	1E10	1E-30	1E10	1E10	1E-30	1E10	1E10	1E-30	1E10	1E10	1E-30	1E10	1E10	1E-30	1E10	1E10	1E-30	1E10	1E10	1E-30	1E10	1E10
145	8.97E-14	1E-30	1E-10	1E10	2.69E-8	1.14	1E10	1E-30	27E3	1E10	2.13E-6	14300	1E10	6.73E-7	1E3	1E10	1.37E-6	426	9.4E-15	1.93E-8	105	1E-30	1E10	1E10	1E-30	1E10	1E10	1E-30	1E10	1E10	1E-30	1E10	1E10	1E-30	1E10	1E10	1E-30	1E10	1E10	1E-30	1E10	1E10	1E-30	1E10	1E10	1E-30	1E10	1E10
146	8.97E-14	1E-30	1E-10	1E10	2.69E-8	1.14	1E10	1E-30	27E3	1E10	2.13E-6	14300	1E10	6.73E-7	1E3	1E10	1.37E-6	426	9.4E-15	1.93E-8	105	1E-30	1E10	1E10	1E-30	1E10	1E10	1E-30	1E10	1E10	1E-30	1E10	1E10	1E-30	1E10	1E10	1E-30	1E10	1E10	1E-30	1E10	1E10	1E-30	1E10	1E10	1E-30	1E10	1E10
147	9.18E-14	1E-30	1E-10	1E10	3.09E-8	0.701	1E10	1E-30	15200	1E10	3.97E-7	474	1E10	7.55E-7	155	1E10	2.08E-3	32300	8E-15	2.27E-8	123	1E-30	1E10	1E10	1E-30	1E10	1E10	1E-30	1E10	1E10	1E-30	1E10	1E10	1E-30	1E10	1E10	1E-30	1E10	1E10	1E-30	1E10	1E10	1E-30	1E10	1E10	1E-30	1E10	1E10
148	9.18E-14	1E-30	1E-10	1E10	3.09E-8	0.701	1E10	1E-30	15200	1E10	3.97E-7	474	1E10	7.55E-7	155	1E10	2.08E-3	32300	8E-15	2.27E-8	123	1E-30	1E10	1E10	1E-30	1E10	1E10	1E-30	1E10	1E10	1E-30	1E10	1E10	1E-30	1E10	1E10	1E-30	1E10	1E10	1E-30	1E10	1E10	1E-30	1E10	1E10	1E-30	1E10	1E10
149	9.18E-14	1E-30	1E-10	1E10	3.39E-8	0.843	1E10	1E-30	17400	1E10	5.36E-7	718	1E10	8.87E-7	257	1E10	2.08E-3	32300	8.57E-15	2.43E-8	123	1E-30	1E10	1E10	1E-30	1E10	1E10	1E-30	1E10	1E10	1E-30	1E10	1E10	1E-30	1E10	1E10	1E-30	1E10	1E10	1E-30	1E10	1E10	1E-30	1E10	1E10	1E-30	1E10	1E10
150	9.18E-14	1E-30	1E-10	1E10	3.39E-8	0.843	1E10	1E-30	17400	1E10	5.36E-7	718	1E10	8.87E-7	257	1E10	2.08E-3	32300	8.57E-15	2.43E-8	123	1E-30	1E10	1E10	1E-30	1E10	1E10	1E-30	1E10	1E10	1E-30	1E10	1E10	1E-30	1E10	1E10	1E-30	1E10	1E10	1E-30	1E10	1E10	1E-30	1E10	1E10	1E-30	1E10	1E10
151	9.4E-14	1E-30	1E-10	1E10	3.98E-8	0.843	1E10	1E-30	17400	1E10	6.15E-7	904	1E10	5.73E-7	135	1E10	2.08E-6	15.8	8.57E-15	2.43E-8	123	1E-30	1E10	1E10	1E-30	1E10	1E10	1E-30	1E10	1E10	1E-30	1E10	1E10	1E-30	1E10	1E10	1E-30	1E10	1E10	1E-30	1E10	1E10	1E-30	1E10	1E10	1E-30	1E10	1E10
152	9.4E-14	1E-30	1E-10	1E10	3.98E-8	0.843	1E10	1E-30	17400	1E10	6.15E-7	904	1E10	5.73E-7	135	1E10	2.08E-6	15.8	8.57E-15	2.43E-8	123	1E-30	1E10	1E10	1E-30	1E10	1E10	1E-30	1E10	1E10	1E-30	1E10	1E10	1E-30	1E10	1E10	1E-30	1E10	1E10	1E-30	1E10	1E10	1E-30	1E10	1E10	1E-30	1E10	1E10
153	9.4E-14	1E-30	1E-10	1E10	4.27E-8	0.946	1E10	1E-30	19100	1E10	6.91E-7	1040	1E10	6.58E-7	155	1E10	1.98E-6	15.8	8.57E-15	2.43E-8	123	1E-30	1E10	1E10	1E-30	1E10	1E10	1E-30	1E10	1E10	1E-30	1E10	1E10	1E-30	1E10	1E10	1E-30	1E10	1E10	1E-30	1E10	1E10	1E-30	1E10	1E10	1E-30	1E10	1E10
154	9.4E-14	1E-30	1E-10	1E10	4.27E-8	0.946	1E10	1E-30	19100	1E10	6.91E-7	1040	1E10	6.58E-7	155	1E10	1.98E-6	15.8	8.57E-15	2.43E-8	123	1E-30	1E10	1E10	1E-30	1E10	1E10	1E-30	1E10	1E10	1E-30	1E10	1E10	1E-30	1E10	1E10	1E-30	1E10	1E10	1E-30	1E10	1E10	1E-30	1E10	1E10	1E-30	1E10	1E10
155	8.97E-14	1E-30	1E-10	1E10	4.79E-8	1.01	1E10	1E-30	19100	1E10	6.59E-7	925	1E10	6.43E-7	115	1E10	1.98E-6	15.8	1.05E-14	2.99E-8	123	5.53E-15	1.57E-8	123	1E-30	1E10	1E10	1E-30	1E10	1E10	1E-30	1E10	1E10	1E-30	1E10	1E10	1E-30	1E10	1E10	1E-30	1E10	1E10	1E-30	1E10	1E10	1E-30	1E10	1E10
156	8.97E-14	1E-30	1E-10	1E10	4.79E-8	1.01	1E10	1E-30	19100	1E10	6.59E-7	925	1E10	6.43E-7	115	1E10	1.98E-6	15.8	1.05E-14	2.99E-8	123	5.53E-15	1.57E-8	123	1E-30	1E10	1E10	1E-30	1E10	1E10	1E-30	1E10	1E10	1E-30	1E10	1E10	1E-30	1E10	1E10	1E-30	1E10	1E10	1E-30	1E10	1E10	1E-30	1E10	1E10
157	8.97E-14	1E-30	1E-10	1E10	5.13E-8	1.16	1E10	1E-30	25800	1E10	9.1E-7	1530	1E10	6E-7	145	1E10	1.94E-6	62.9	1.05E-14	2.99E-8	123	5.53E-15	1.57E-8	123	1E-30	1E10	1E10	1E-30	1E10	1E10	1E-30	1E10	1E10	1E-30	1E10	1E10	1E-30	1E10	1E10	1E-30	1E10	1E10	1E-30	1E10	1E10	1E-30	1E10	1E10
158	8.97E-14	1E-30	1E-10	1E10	5.13E-8	1.16	1E10	1E-30	25800	1E10	9.1E-7	1530	1E10	6E-7	145	1E10	1.94E-6	62.9	1.05E-14	2.99E-8	123	5.53E-15	1.57E-8	123	1E-30	1E10	1E10	1E-30	1E10	1E10	1E-30	1E10	1E10	1E-30	1E10	1E10	1E-30	1E10	1E10	1E-30	1E10	1E10	1E-30	1E10	1E10	1E-30	1E10	1E10
159	8E-14	1E-30	1E-10	1E10	5.25E-8	1.64	1E10	1E-30	28300	1E10	8.5E-7	863	1E10	3.79E-6	14800	1E10	2.44E-6	65.9	1.05E-14	2.99E-8	123	8.38E-15	1.14E-8	85.1	1E-30	1E10	1E10	1E-30	1E10	1E10	1E-30	1E10	1E10	1E-30	1E10	1E10	1E-30	1E10	1E10	1E-30	1E10	1E10	1E-30	1E10	1E10	1E-30	1E10	1E10
160	8E-14	1E-30	1E-10	1E10	5.25E-8	1.64	1E10	1E-30	28300	1E10	8.5E-7	863	1E10	3.79E-6	14800	1E10	2.44E-6	65.9	1.05E-14	2.99E-8	123	8.38E-15	1.14E-8	85.1	1E-30	1E10	1E10	1E-30	1E10	1E10	1E-30	1E10	1E10	1E-30	1E10	1E10	1E-30	1E10	1E10	1E-30	1E10	1E10	1E-30	1E10	1E10	1E-30	1E10	1E10
161	8E-14	1E-30	1E-10	1E10	5.89E-8	2.17	1E10	1E-30	25200	1E10	1.02E-6	1400	1E10	3.37E-6	913	1E10	2.03E-6	65.9	1.13E-14	3.21E-8	123	8.38E-15	1.14E-8	85.1	1E-30	1E10	1E10	1E-30	1E10	1E10	1E-30	1E10	1E10	1E-30	1E10	1E10	1E-30	1E10	1E10	1E-30	1E10	1E10	1E-30	1E10	1E10	1E-30	1E10	1E10
162	8E-14	1E-30	1E-10	1E10	5.89E-8	2.17	1E10	1E-30	25200	1E10	1.02E-6	1400	1E10	3.37E-6	913	1E10	2.03E-6	65.9	1.13E-14	3.21E-8	123	8.38E-15	1.14E-8	85.1	1E-30	1E10	1E10	1E-30	1E10	1E10	1E-30	1E10	1E10	1E-30	1E10	1E10	1E-30	1E10	1E10	1E-30	1E10	1E10	1E-30	1E10	1E10	1E-30	1E10	1E10
163	6.96E-14	1E-30	1E-10	1E10	6.31E-8	4.04	1E10	1E-30	36400	1E10	1.73E-6	3600	1E10	3.45E-4	372E3	1E10	1.4E-6	323	1.13E-14	3.21E-8	123	9.19E-15	1.25E-8	85.1	1E-30	1E10	1E10	1E-30	1E10	1E10	1E-30	1E10	1E10	1E-30	1E10	1E10	1E-30	1E10	1E10	1E-30	1E10	1E10	1E-30	1E10	1E10	1E-30	1E10	1E10
164	6.96E-14	1E-30	1E-10	1E10	6.31E-8	4.04	1E10	1E-30	36400	1E10	1.73E-6	3600	1E10	3.45E-4	372E3	1E10	1.4E-6	323	1.13E-14	3.21E-8	123	9.19E-15	1.25E-8	85.1	1E-30	1E10	1E10	1E-30	1E10	1E10	1E-30	1E10	1E10	1E-30	1E10	1E10	1E-30	1E10	1E10	1E-30	1E10	1E10	1E-30	1E10	1E10	1E-30	1E10	1E10
165	6.96E-14	1E-30	1E-10	1E10	7.08E-8	4.04	1E10	1E-30	45900	1E10	1.73E-6	4130	1E10	3.45E-4	372E3	1E10	1.98E-6	308	1.13E-14	3.21E-8	123	9.19E-15	1.25E-8	85.1	1E-30	1E10	1E10	1E-30	1E10	1E10	1E-30	1E10	1E10	1E-30	1E10	1E10	1E-30	1E10	1E10	1E-30	1E10	1E10	1E-30	1E10	1E10	1E-30	1E10	1E10
166	6.96E-14	1E-30	1E-10	1E10	7.08E-8	4.04	1E10	1E-30	45900	1E10	1.73E-6	4130	1E10	3.45E-4	372E3	1E10	1.98E-6	308	1.13E-14	3.21E-8	123	9.19E-15	1.25E-8	85.1	1E-30	1E10	1E10	1E-30	1E10	1E10	1E-30	1E10	1E10	1E-30	1E10	1E10	1E-30	1E10	1E10	1E-30	1E10	1E10	1E-30	1E10	1E10	1E-30	1E10	1E10
167	7.46E-14	1E-30	1E-10	1E10	7.59E-8	4.04	1E10	1E-30	93600	1E10	2.29E-6	10100	1E10	3.87E-6	4790	1E10	2.12E-6	500	6.35E-15	7.87E-8	257	6.97E-15	1.98E-8	123	1E-30	1E10	1E10	1E-30	1E10	1E10	1E-30	1E10	1E10	1E-30	1E10	1E10	1E-30	1E10	1E10	1E-30	1E10	1E10	1E-30	1E10	1E10	1E-30	1E10	1E10
168	7.46E-14	1E-30	1E-10	1E10	7.59E-8	4.04	1E10	1E-30	93600	1E10	2.29E-6	10100	1E10	3.87E-6	4790	1E10	2.12E-6	500	6.35E-15	7.87E-8	257	6.97E-15	1.98E-8	123	1E-30	1E10	1E10	1E-30	1E10	1E10	1E-30	1E10	1E10	1E-30	1E10	1E10	1E-30	1E10	1E10	1E-30	1E10	1E10	1E-30	1E10	1E10	1E-30	1E10	1E10
169	7.29E-14	1E-30	1E-10	1E10	8.32E-8	3.94	1E10	1E-30	1E5	1E10	2.39E-6	15E3	1E10	2.18E-6	2690	1E10	2.93E-6	690	6.65E-15	8.24E-8	257	8.19E-15	2.32E-8	123	1.13E-14	7.35E-9	58.9	1.01E-14	6.55E-9	58.9	1E-30	1E10	1E10	1E-30	1E10	1E10	1E-30	1E10	1E10	1E-30	1E10	1E10	1E-30	1E10	1E10	1E-30	1E10	1E10
170	7.29E-14	1E-30	1E-10	1E10	8.32E-8	3.94	1E10	1E-30	1E5	1E10	2.39E-6	15E3	1E10	2.18E-6	2690	1E10	2.93E-6	690	6.65E-15	8.24E-8	257	8.19E-15	2.32E-8	123	1.13E-14	7.35E-9	58.9	1.01E-14	6.55E-9	58.9	1E-30	1E10	1E10	1E-30	1E10	1E10	1E-30	1E10	1E10	1E-30	1E10	1E10	1E-30	1E10	1E10	1E-30	1E10	1E10
171	6.96E-14	1E-30	1E-10	1E10	9.12E-8	3.94	1E10	1E-30	1E5	1E10	2.57E-6	14E3	1E10	2.08E-6	2690	1E10	4.44E-6	1320	1.01E-14	5.97E-8	178	8.77E-15	2.73E-8	129	8.98E-15	9.68E-9	75.9	1.01E-14	6.55E-9	58.9	1E-30	1E10	1E10	1E-30	1E10	1E10	1E-30	1E10	1E10	1E-30	1E10	1E10	1E-30	1E10	1E10	1E-30	1E10	1E10
172	6.96E-14	1E-30	1E-10	1E10	9.12E-8	3.94	1E10	1E-30	1E5	1E10	2.57E-6	14E3	1E10	2.08E-6	2690	1E10	4.44E-6	1320	1.01E-14	5.97E-8	178	8.77E-15	2.73E-8	129	8.98E-15	9.68E-9	75.9	1.01E-14	6.55E-9	58.9	1E-30	1E10	1E10	1E-30	1E10	1E10	1E-30	1E10	1E10	1E-30	1E10	1E10	1E-30	1E10	1E10	1E-30	1E10	1E10
173	7.64E-14	1E-30	1E-10	1E10	1.02E-7	3.28	1E10	1E-30	1E5	1E10	2.63E-6	14300	1E10	1.85E-6	2350	1E10	4.65E-6	2560	7.64E-15	9.91E-8	263	5.17E-15	5.08E-8	229	7.82E-15	1.22E-8	91.2	1.01E-14	6.55E-9	58.9	1E-30	1E10	1E10	1E-30	1E10	1E10	1E-30	1E10	1E10	1E-30	1E10	1E10	1E-30	1E10	1E10	1E-30	1E10	1E10
174	7.64E-14	1E-30	1E-10	1E10	1.02E-7	3.28	1E10	1E-30	1E5	1E10	2.63E-6	14300	1E10	1.85E-6	2350	1E10	4.65E-6	2560	7.64E-15	9.91E-8	263	5.17E-15	5.08E-8	229	7.82E-15	1.22E-8	91.2	1.01E-14	6.55E-9	58.9	1E-30	1E10	1E10	1E-30	1E10	1E10	1E-30	1E10	1E10	1E-30	1E10	1E10	1E-30	1E10	1E10	1E-30	1E10	1E10
175	7.64E-14	1E-30	1E-10	1E10	1.1E-7	4.85	1E10	1E-30	53900	1E10	3.31E-6	10100	1E10	2.94E-6	2690	1E10	4.65E-5	2560	7.64E-15	9.91E-8	263	5.17E-15	5.08E-8	229	7.82E-15	1.22E-8	91.2	1.01E-14	6.55E-9	58.9	1E-30	1E10	1E10	1E-30	1E10	1E10	1E-30	1E10	1E10	1E-30	1E10	1E10	1E-30	1E10	1E10	1E-30	1E10	1E10
176	7.64E-14	1E-30	1E-10	1E10	1.1E-7	4.85	1E10	1E-30	53900	1E10	3.31E-6	10100	1E10	2.94E-6	2690	1E10	4.65E-5	2560	7.64E-15	9.91E-8	263	5.17E-15	5.08E-8	229	7.82E-15	1.22E-8	91.2	1.01E-14	6.55E-9	58.9	1E-30	1E10	1E10	1E-30	1E10	1E10	1E-30	1E10	1E10	1E-30	1E10	1E10	1E-30	1E10	1E10	1E-30	1E10	1E10
177	7.64E-14	1E-30	1E-10	1E10	1.2E-7	4.74	1E10	1E-30	66300	1E10	3.31E-6	10400	1E10	2.74E-6	2510	1E10	1.47E-5	1550	8E-15	1.04E-7	263	4.4E-15	6.55E-8	282	7.82E-15	1.22E-8	91.2	1.01E-14	6.55E-9	58.9	1E-30	1E10	1E10	1E-30	1E10	1E10	1E-30	1E10	1E10	1E-30	1E10	1E10	1E-30	1E10	1E10	1E-30	1E10	1E10
178	7.64E-14	1E-30	1E-10	1E10	1.2E-7	4.74	1E10	1E-30	66300	1E10	3.31E-6	10400	1E10	2.74E-6	2510	1E10	1.47E-5	1550	8E-15	1.04E-7	263	4.4E-15	6.55E-8	282	7.82E-15	1.22E-8	91.2	1.01E-14	6.55E-9	58.9	1E-30	1E10	1E10	1E-30	1E10	1E10	1E-30	1E10	1E10	1E-30	1E10	1E10	1E-30	1E10	1E10	1E-30	1E10	1E10
179	7.64E-14	1E-30	1E-10	1E10	1.35E-7	4.13	1E10	1E-30	31700	1E10	5.49E-6	14300	1E10	2.33E-6	2760	1E10	3.69E-6	830	1.16E-14	8.24E-8	195	4.4E-15	6.55E-8	282	3.66E-15	3.77E-8	234	1.01E-14	6.55E-9	58.9	1E-30	1E10	1E10	1E-30	1E10	1E10	1E-30	1E10	1E10	1E-30	1E10	1E10	1E-30	1E10	1E10	1E-30	1E10	1E10
180	7.64E-14	1E-30	1E-10	1E10	1.35E-7	4.13	1E10	1E-30	31700	1E10	5.49E-6	14300	1E10	2.33E-6	2760	1E10	3.69E-6	830	1.16E-14	8.24E-8	195	4.4E-15	6.55E-8	282	3.66E-15	3.77E-8	234	1.01E-14	6.55E-9	58.9	1E-30	1E10	1E10	1E-30	1E10	1E10	1E-30	1E10	1E10	1E-30	1E10	1E10	1E-30	1E10	1E10	1E-30	1E10	1E10
181	7.64E-14	1E-30	1E-10	1E10	1.66E-7	6.11	1E10	1E-30	27E3	1E10	2.63E-5	58400	1E10	2.81E-6	3550	1E10	1.47E-6	81.1	1.01E-14	1.04E-7	234	5.05E-15	6.25E-8	257	4.6E-15	3.28E-8	195	1.01E-14	6.55E-9	58.9	1E-30	1E10	1E10	1E-30	1E10	1E10	1E-30	1E10	1E10	1E-30	1E10	1E10	1E-30	1E10	1E10	1E-30	1E10	1E10
182	7.64E-14	1E-30	1E-10	1E10	1.66E-7	6.11	1E10	1E-30	27E3	1E10	2.63E-5	58400	1E10	2.81E-6	3550	1E10	1.47E-6	81.1	1.01E-14	1.04E-7	234	5.05E-15	6.25E-8	257	4.6E-15	3.28E-8	195	1.01E-14	6.55E-9	58.9	1E-30	1E10	1E10	1E-30	1E10	1E10	1E-30	1E10	1E10	1E-30	1E10	1E10	1E-30	1E10	1E10	1E-30	1E10	1E10
183	9.87E-14	1E-30	1E-10	1E10	1.69E-7	6.19	1E10	1E-30	68500	1E10	3.4E-6	521	1E10	2.39E-6	5100	7.2E-15	1.63E-7	346	1.63E-15	2.25E-7	820	1.2E-15	1.45E-7	762	2.65E-15	4.75E-8	295	1.1E-14	6.01E-9	102	1E-30	1E10	1E10	1E-30	1E10	1E10	1E-30	1E10	1E10	1E-30	1E10	1E10	1E-30	1E10	1E10	1E-30	1E10	1E10
184	9.87E-14	1E-30	1E-10	1E10	1.69E-7	6.19	1E10	1E-30	68500	1E10	3.4E-6	521	1E10	2.39E-6	5100	7.2E-15	1.63E-7	346	1.63E-15	2.25E-7	820	1.2E-15	1.45E-7	762	2.65E-15	4.75E-8	295	1.1E-14	6.01E-9	102	1E-30	1E10	1E10	1E-30	1E10	1E10	1E-30	1E10	1E10	1E-30	1E10	1E10	1E-30	1E10	1E10	1E-30	1E10	1E10
185	9.65E-14	1E-30	1E-10	1E10	1.89E-7	7.79	1E10	1E-30	68500	1E10	4.28E-6	656	1E10	3.3E-6	7040	1.31E-14	1.18E-7	218	1.67E-15	3.04E-7	942	1.51E-15	1.82E-7	762	2.65E-15	4.75E-8	295	1.1E-14	6.01E-9	102	1E-30	1E10	1E10	1E-30	1E10	1E10	1E-30	1E10	1E10	1E-30	1E10	1E10	1E-30	1E10	1E10	1E-30	1E10	1E10
186	9.65E-14	1E-30	1E-10	1E10	1.89E-7	7.79	1E10	1E-30	68500	1E10	4.28E-6	656	1E10	3.3E-6	7040	1.31E-14	1.18E-7	218	1.67E-15	3.04E-7	942	1.51E-15	1.82E-7	762	2.65E-15	4.75E-8	295	1.1E-14	6.01E-9	102	1E-30	1E10	1E10	1E-30	1E10	1E10	1E-30	1E10	1E10	1E-30	1E10	1E10	1E-30	1E10	1E10	1E-30	1E10	1E10
187	9.65E-14	1E-30	1E-10	1E10	2.1E-7	7.79	1E10	1E-30	68500	1E10	4.48E-6	687	1E10	2.81E-6	5990	1.44E-14	1.29E-7	218	1.63E-15	2.97E-7	942	1.41E-15	1.7E-7	762	2.65E-15	4.75E-8	295	1.1E-14	6.01E-9	102	1E-30	1E10	1E10	1E-30	1E10	1E10	1E-30	1E10	1E10	1E-30	1E10	1E10	1E-30	1E10	1E10	1E-30	1E10	1E10
188	9.65E-14	1E-30	1E-10	1E10	2.1E-7	7.79	1E10	1E-30	68500	1E10	4.48E-6	687	1E10	2.81E-6	5990	1.44E-14	1.29E-7	218	1.63E-15	2.97E-7	942	1.41E-15	1.7E-7	762	2.65E-15	4.75E-8	295	1.1E-14	6.01E-9	102	1E-30	1E10	1E10	1E-30	1E10	1E10	1E-30	1E10	1E10	1E-30	1E10	1E10	1E-30	1E10	1E10	1E-30	1E10	1E10
189	1.01E-13	1E-30	1E-10	1E10	2.23E-7	9.36	1E10	1E-30	68500	1E10	8.53E-6	1310	1E10	3.38E-6	6130	1.17E-14	1.66E-7	274	1.71E-15	3.11E-7	942	1.48E-15	1.78E-7	762	2.65E-15	4.75E-8	295	1.1E-14	6.01E-9	102	1E-30	1E10	1E10	1E-30	1E10	1E10	1E-30	1E10	1E10	1E-30	1E10	1E10	1E-30	1E10	1E10	1E-30	1E10	1E10
190	1.01E-13	1E-30	1E-10	1E10	2.23E-7	9.36	1E10	1E-30	68500	1E10	8.53E-6	1310	1E10	3.38E-6	6130	1.17E-14	1.66E-7	274	1.71E-15	3.11E-7	942	1.48E-15	1.78E-7	762	2.65E-15	4.75E-8	295	1.1E-14	6.01E-9	102	1E-30	1E10	1E10	1E-30	1E10	1E10	1E-30	1E10	1E10	1E-30	1E10	1E10	1E-30	1E10	1E10	1E-30	1E10	1E10
191	1.06E-13	1E-30	1E-10	1E10	2.52E-7	9.36	1E10	1E-30	68500	1E10	7.96E-6	1220	1E10	2.88E-6	5220	1.47E-14	1.38E-7	280	3.57E-15	1.63E-7	472	1.59E-15	1.82E-7	745	2.65E-15	4.75E-8	295	7.45E-15	1.02E-8	102	1E-30	1E10	1E10	1E-30	1E10	1E10	1E-30	1E10	1E10	1E-30	1E10	1E10	1E-30	1E10	1E10	1E-30	1E10	1E10
192	1.06E-13	1E-30	1E-10	1E10	2.52E-7	9.36	1E10	1E-30	68500	1E10	7.96E-6	1220	1E10	2.88E-6	5220	1.47E-14	1.38E-7	280	3.57E-15	1.63E-7	472	1.59E-15	1.82E-7	745	2.65E-15	4.75E-8	295	7.45E-15	1.02E-8	102	1E-30	1E10	1E10	1E-30	1E10	1E10	1E-30	1E10	1E10	1E-30	1E10	1E10	1E-30	1E10	1E10	1E-30	1E10	1E10
193	1.06E-13	1E-30	1E-10	1E10	2.79E-7	9.36	1E10	1E-30	68500	1E10	7.96E-6	1220	1E10	3.23E-6	5860	1.5E-14	1.35E-7	274	6.21E-15	1.13E-7	298	1.59E-15	1.82E-7	745	2.65E-15	4.75E-8	295	2.25E-15	3.07E-8	162	1E-30	1E10	1E10	1E-30	1E10	1E10	1E-30	1E10	1E10	1E-30	1E10	1E10	1E-30	1E10	1E10	1E-30	1E10	1E10
194	1.06E-13	1E-30	1E-10	1E10	2.79E-7	9.36	1E10	1E-30	68500	1E10	7.96E-6	1220	1E10	3.23E-6	5860	1.5E-14	1.35E-7	274	6.21E-15	1.13E-7	298	1.59E-15	1.82E-7	745	2.65E-15	4.75E-8	295	2.25E-15	3.07E-8	162	1E-30	1E10	1E10	1E-30	1E10	1E10	1E-30	1E10	1E10	1E-30	1E10	1E10	1E-30	1E10	1E10	1E-30	1E10	1E10
195	1.11E-13	1E-30	1E-10	1E10	3.07E-7	9.36	1E10	1E-30	68500	1E10	7.96E-6	1220	1E10	3.23E-6	5860	8.04E-15	2.89E-7	546	4.82E-15	1.53E-7	393	1.03E-15	4.1E-7	1390	2.25E-15	1.41E-7	552	3.04E-15	4.14E-8	162	2.25E-15	3.07E-8	162	1E-30	1E10	1E10	1E-30	1E10	1E10	1E-30	1E10	1E10	1E-30	1E10	1E10	1E-30	1E10	1E10
196	1.11E-13	1E-30	1E-10	1E10	3.07E-7	9.36	1E10	1E-30	68500	1E10	7.96E-6	1220	1E10	3.23E-6	5860	8.04E-15	2.89E-7	546	4.82E-15	1.53E-7	393	1.03E-15	4.1E-7	1390	2.25E-15	1.41E-7	552	3.04E-15	4.14E-8	162	2.25E-15	3.07E-8	162	1E-30	1E10	1E10	1E-30	1E10	1E10	1E-30	1E10	1E10	1E-30	1E10	1E10	1E-30	1E10	1E10
197	8.26E-14	1E-30	1E-10	1E10	3.47E-7	11	1E10	1E-30	68500	1E10	8.93E-6	1370	1E10	3.8E-6	6880	5.56E-15	5.02E-7	866	1.67E-15	5.29E-7	988	1.16E-15	3.33E-7	1180	1.42E-15	1.41E-7	695	3.49E-14	2.38E-9	11.5	1E-30	1E10	1E10	1E-30	1E10	1E10	1E-30	1E10	1E10	1E-30	1E10	1E10	1E-30	1E10	1E10	1E-30	1E10	1E10
198	8.26E-14	1E-30	1E-10	1E10	3.47E-7	11	1E10	1E-30	68500	1E10	8.93E-6	1370	1E10	3.8E-6	6880	5.56E-15	5.02E-7	866	1.67E-15	5.29E-7	988	1.16E-15	3.33E-7	1180	1.42E-15	1.41E-7	695	3.49E-14	2.38E-9	11.5	1E-30	1E10	1E10	1E-30	1E10	1E10	1E-30	1E10	1E10	1E-30	1E10	1E10	1E-30	1E10	1E10	1E-30	1E10	1E10
199	8.26E-14	1E-30	1E-10	1E10	3.68E-7	13.9	1E10	1E-30	68500	1E10	9.35E-6	1430	1E10	4.36E-6	7900	8.22E-15	3.9E-7	627	1.67E-15	5.8E-7	1640	1.6E-15	2.9E-7	940	1.87E-15	1.17E-7	552	3.57E-14	2.44E-9	11.5	1E-30	1E10	1E10	1E-30	1E10	1E10	1E-30	1E10	1E10	1E-30	1E10	1E10	1E-30	1E10	1E10	1E-30	1E10	1E10
200	8.26E-14	1E-30	1E-10	1E10	3.68E-7	13.9	1E10	1E-30	68500	1E10	9.35E-6	1430	1E10	4.36E-6	7900	8.22E-15	3.9E-7	627	1.67E-15	5.8E-7	1640	1.6E-15	2.9E-7	940	1.87E-15	1.17E-7	552	3.57E-14	2.44E-9	11.5	1E-30	1E10	1E10	1E-30	1E10	1E10	1E-30	1E10	1E10	1E-30	1E10	1E10	1E-30	1E10	1E10	1E-30	1E10	1E10
201	8.85E-14	1E-30	1E-10	1E10	4.01E-7	13.9	1E10	1E-30	68500	1E10	9.79E-6	1500	1E10	3.54E-6	6420	9.22E-15	4.38E-7	627	2.41E-15	4.4E-7	1190	8.42E-16	6.06E-7	2360	1.96E-15	1.22E-7	552	3.57E-14	2.44E-9	11.5	1E-30	1E10	1E10	1E-30	1E10	1E10	1E-30	1E10	1E10	1E-30	1E10	1E10	1E-30	1E10	1E10	1E-30	1E10	1E10
202	8.85E-14	1E-30	1E-10	1E10	4.01E-7	13.9	1E10	1E-30	68500	1E10	9.79E-6	1500	1E10	3.54E-6	6420	9.22E-15	4.38E-7	627	2.41E-15	4.4E-7	1190	8.42E-16	6.06E-7	2360	1.96E-15	1.22E-7	552	3.57E-14	2.44E-9	11.5	1E-30	1E10	1E10	1E-30	1E10	1E10	1E-30	1E10	1E10	1E-30	1E10	1E10	1E-30	1E10	1E10	1E-30	1E10	1E10
203	9.93E-14	1E-30	1E-10	1E10	4.55E-7	13.9	1E10	1E-30	68500	1E10	1.15E-5	1890	1E10	3.71E-6	6720	7.32E-15	5.52E-7	789	3.33E-15	3.66E-7	732	1.93E-15	2.9E-7	1080	5.28E-16	5.72E-7	2300	2.47E-14	4.24E-9	18.3	1E-30	1E10	1E10	1E-30	1E10	1E10	1E-30	1E10	1E10	1E-30	1E10	1E10	1E-30	1E10	1E10	1E-30	1E10	1E10
204	9.93E-14	1E-30	1E-10	1E10	4.55E-7	13.9	1E10	1E-30	68500	1E10	1.15E-5	1890	1E10	3.71E-6	6720	7.32E-15	5.52E-7	789	3.33E-15	3.66E-7	732	1.93E-15	2.9E-7	1080	5.28E-16	5.72E-7	2300	2.47E-14	4.24E-9	18.3	1E-30	1E10	1E10	1E-30	1E10	1E10	1E-30	1E10	1E10	1E-30	1E10	1E10	1E-30	1E10	1E10	1E-30	1E10	1E10
205	8.85E-14	1E-30	1E-10	1E10	4.9E-7	13.9	1E10	1E-30	54400	1E10	1.32E-5	2170	1E10	3.16E-6	5720	6.23E-15	7.44E-7	789	2.23E-15	6.15E-7	1460	8.44E-16	7.63E-7	2640	1.03E-15	4.44E-7	1450	6.05E-16	5.73E-7	2700	3.9E-14	3.37E-9	12.9	4.38E-15	2.62E-8	83.3	4.8E-15	1.14E-8	74.3	1E-30	1E10	1E10	1E-30	1E10	1E10	1E-30	1E10	1E10
206	8.85E-14	1E-30	1E-10	1E10	4.9E-7	13.9	1E10	1E-30	54400	1E10	1.32E-5	2170	1E10	3.16E-6	5720	6.23E-15	7.44E-7	789	2.23E-15	6.15E-7	1460	8.44E-16	7.63E-7	2640	1.03E-15	4.44E-7	1450	6.05E-16	5.73E-7	2700	3.9E-14	3.37E-9	12.9	4.38E-15	2.62E-8	83.3	4.8E-15	1.14E-8	74.3	1E-30	1E10	1E10	1E-30	1E10	1E10	1E-30	1E10	1E10
END DSCRDATA
