BEGIN DSCRDATA
% INDEX	K01	L01	M01	K02	L02	M02	K03	L03	M03	K04	L04	M04	K05	L05	M05	K06	L06	M06	K07	L07	M07	K08	L08	M08	K09	L09	M09	K10	L10	M10	K11	L11	M11	K12	L12	M12	K13	L13	M13	K14	L14	M14	K15	L15	M15	K16	L16	M16
0	0	0	0	0	0	0	0	0	0	0	0	0	0	0	0	0	0	0	0	0	0	0	0	0	0	0	0	0	0	0	0	0	0	0	0	0	0	0	0	0	0	0	0	0	0	0	0	0
1	3.55E-15	1E-30	1E-10	1E10	7.57E-10	0.02	1E10	1E-30	4240	1E10	2.1E-8	29.4	1E10	8.77E-8	862	1E-30	1E10	1E10	1E-30	1E10	1E10	1E-30	1E10	1E10	1E-30	1E10	1E10	1E-30	1E10	1E10	1E-30	1E10	1E10	1E-30	1E10	1E10	1E-30	1E10	1E10	1E-30	1E10	1E10	1E-30	1E10	1E10	1E-30	1E10	1E10
2	3.55E-15	1E-30	1E-10	1E10	8.11E-10	0.045	1E10	1E-30	4240	1E10	5.16E-8	72.1	1E10	8.38E-8	823	1E-30	1E10	1E10	1E-30	1E10	1E10	1E-30	1E10	1E10	1E-30	1E10	1E10	1E-30	1E10	1E10	1E-30	1E10	1E10	1E-30	1E10	1E10	1E-30	1E10	1E10	1E-30	1E10	1E10	1E-30	1E10	1E10	1E-30	1E10	1E10
3	8.91E-15	1E-30	1E-10	1E10	1.41E-9	0.055	1E10	1E-30	8650	1E10	4.93E-8	72.1	1E10	8.77E-8	823	1E-30	1E10	1E10	1E-30	1E10	1E10	1E-30	1E10	1E10	1E-30	1E10	1E10	1E-30	1E10	1E10	1E-30	1E10	1E10	1E-30	1E10	1E10	1E-30	1E10	1E10	1E-30	1E10	1E10	1E-30	1E10	1E10	1E-30	1E10	1E10
4	8.91E-15	1E-30	1E-10	1E10	1.51E-9	0.077	1E10	1E-30	8850	1E10	6.81E-8	86.7	1E10	9.84E-8	923	1E-30	1E10	1E10	1E-30	1E10	1E10	1E-30	1E10	1E10	1E-30	1E10	1E10	1E-30	1E10	1E10	1E-30	1E10	1E10	1E-30	1E10	1E10	1E-30	1E10	1E10	1E-30	1E10	1E10	1E-30	1E10	1E10	1E-30	1E10	1E10
5	1.38E-14	1E-30	1E-10	1E10	1.66E-9	0.06	1E10	1E-30	9480	1E10	5.41E-8	68.9	1E10	1.13E-7	1060	1E-30	1E10	1E10	1E-30	1E10	1E10	1E-30	1E10	1E10	1E-30	1E10	1E10	1E-30	1E10	1E10	1E-30	1E10	1E10	1E-30	1E10	1E10	1E-30	1E10	1E10	1E-30	1E10	1E10	1E-30	1E10	1E10	1E-30	1E10	1E10
6	1.38E-14	1E-30	1E-10	1E10	1.7E-9	0.083	1E10	1E-30	9480	1E10	7.82E-8	99.6	1E10	1.1E-7	1040	1E-30	1E10	1E10	1E-30	1E10	1E10	1E-30	1E10	1E10	1E-30	1E10	1E10	1E-30	1E10	1E10	1E-30	1E10	1E10	1E-30	1E10	1E10	1E-30	1E10	1E10	1E-30	1E10	1E10	1E-30	1E10	1E10	1E-30	1E10	1E10
7	1.38E-14	1E-30	1E-10	1E10	1.78E-9	0.13	1E10	1E-30	11400	1E10	1.13E-7	144	1E10	8.51E-8	804	1E-30	1E10	1E10	1E-30	1E10	1E10	1E-30	1E10	1E10	1E-30	1E10	1E10	1E-30	1E10	1E10	1E-30	1E10	1E10	1E-30	1E10	1E10	1E-30	1E10	1E10	1E-30	1E10	1E10	1E-30	1E10	1E10	1E-30	1E10	1E10
8	2.14E-14	1E-30	1E-10	1E10	2E-9	0.13	1E10	1E-30	12800	1E10	1.13E-7	144	1E10	9.33E-8	882	1E-30	1E10	1E10	1E-30	1E10	1E10	1E-30	1E10	1E10	1E-30	1E10	1E10	1E-30	1E10	1E10	1E-30	1E10	1E10	1E-30	1E10	1E10	1E-30	1E10	1E10	1E-30	1E10	1E10	1E-30	1E10	1E10	1E-30	1E10	1E10
9	2.14E-14	1E-30	1E-10	1E10	2.52E-9	0.05	1E10	1E-30	14700	1E10	6.23E-8	78.9	1E10	1.82E-7	1720	1E-30	1E10	1E10	1E-30	1E10	1E10	1E-30	1E10	1E10	1E-30	1E10	1E10	1E-30	1E10	1E10	1E-30	1E10	1E10	1E-30	1E10	1E10	1E-30	1E10	1E10	1E-30	1E10	1E10	1E-30	1E10	1E10	1E-30	1E10	1E10
10	2.14E-14	1E-30	1E-10	1E10	2.64E-9	0.06	1E10	1E-30	14700	1E10	6.99E-8	104	1E10	1.74E-7	1680	1E-30	1E10	1E10	1E-30	1E10	1E10	1E-30	1E10	1E10	1E-30	1E10	1E10	1E-30	1E10	1E10	1E-30	1E10	1E10	1E-30	1E10	1E10	1E-30	1E10	1E10	1E-30	1E10	1E10	1E-30	1E10	1E10	1E-30	1E10	1E10
11	2.09E-14	1E-30	1E-10	1E10	2.64E-9	0.08	1E10	1E-30	14700	1E10	1.16E-7	207	1E10	1.74E-7	1680	1E-30	1E10	1E10	1E-30	1E10	1E10	1E-30	1E10	1E10	1E-30	1E10	1E10	1E-30	1E10	1E10	1E-30	1E10	1E10	1E-30	1E10	1E10	1E-30	1E10	1E10	1E-30	1E10	1E10	1E-30	1E10	1E10	1E-30	1E10	1E10
12	1.15E-14	1E-30	1E-10	1E10	2.8E-9	0.18	1E10	1E-30	14E3	1E10	1.53E-7	344	1E10	1.59E-7	1680	1E-30	1E10	1E10	1E-30	1E10	1E10	1E-30	1E10	1E10	1E-30	1E10	1E10	1E-30	1E10	1E10	1E-30	1E10	1E10	1E-30	1E10	1E10	1E-30	1E10	1E10	1E-30	1E10	1E10	1E-30	1E10	1E10	1E-30	1E10	1E10
13	1.28E-14	1E-30	1E-10	1E10	3.15E-9	0.052	1E10	1E-30	18500	1E10	4.41E-8	12.5	1E10	9.89E-8	189	1E10	2.7E-7	3120	2.03E-14	2.64E-13	36.9	1E-30	1E10	1E10	1E-30	1E10	1E10	1E-30	1E10	1E10	1E-30	1E10	1E10	1E-30	1E10	1E10	1E-30	1E10	1E10	1E-30	1E10	1E10	1E-30	1E10	1E10	1E-30	1E10	1E10
14	9.52E-15	1E-30	1E-10	1E10	3.01E-9	0.066	1E10	1E-30	18500	1E10	3.5E-7	98.9	1E10	9.89E-8	189	1E10	2.7E-7	3120	2.03E-14	2.64E-13	36.9	1E-30	1E10	1E10	1E-30	1E10	1E10	1E-30	1E10	1E10	1E-30	1E10	1E10	1E-30	1E10	1E10	1E-30	1E10	1E10	1E-30	1E10	1E10	1E-30	1E10	1E10	1E-30	1E10	1E10
15	2.83E-15	1E-30	1E-10	1E10	3.08E-9	0.088	1E10	1E-30	19400	1E10	3.5E-7	98.9	1E10	9.89E-8	189	1E10	2.35E-7	2720	2.03E-14	2.64E-13	36.9	1E-30	1E10	1E10	1E-30	1E10	1E10	1E-30	1E10	1E10	1E-30	1E10	1E10	1E-30	1E10	1E10	1E-30	1E10	1E10	1E-30	1E10	1E10	1E-30	1E10	1E10	1E-30	1E10	1E10
16	5.59E-15	1E-30	1E-10	1E10	3.22E-9	0.12	1E10	1E-30	19400	1E10	3.34E-7	98.9	1E10	1.06E-7	203	1E10	2.3E-7	2660	2.03E-14	2.64E-13	36.9	1E-30	1E10	1E10	1E-30	1E10	1E10	1E-30	1E10	1E10	1E-30	1E10	1E10	1E-30	1E10	1E10	1E-30	1E10	1E10	1E-30	1E10	1E10	1E-30	1E10	1E10	1E-30	1E10	1E10
17	3.18E-15	1E-30	1E-10	1E10	3.3E-9	0.12	1E10	1E-30	19E3	1E10	3.34E-7	98.9	1E10	1.25E-7	239	1E10	2.3E-7	2660	2.03E-14	2.64E-13	36.9	1E-30	1E10	1E10	1E-30	1E10	1E10	1E-30	1E10	1E10	1E-30	1E10	1E10	1E-30	1E10	1E10	1E-30	1E10	1E10	1E-30	1E10	1E10	1E-30	1E10	1E10	1E-30	1E10	1E10
18	2.09E-15	1E-30	1E-10	1E10	3.38E-9	0.19	1E10	1E-30	19400	1E10	5.06E-7	98.9	1E10	9.94E-8	151	1E10	1.83E-7	2110	2.03E-14	2.64E-13	36.9	1E-30	1E10	1E10	1E-30	1E10	1E10	1E-30	1E10	1E10	1E-30	1E10	1E10	1E-30	1E10	1E10	1E-30	1E10	1E10	1E-30	1E10	1E10	1E-30	1E10	1E10	1E-30	1E10	1E10
19	4.16E-15	1E-30	1E-10	1E10	3.46E-9	0.19	1E10	1E-30	20800	1E10	4.94E-7	96.6	1E10	1.09E-7	166	1E10	1.92E-7	2210	2.03E-14	2.64E-13	36.9	1E-30	1E10	1E10	1E-30	1E10	1E10	1E-30	1E10	1E10	1E-30	1E10	1E10	1E-30	1E10	1E10	1E-30	1E10	1E10	1E-30	1E10	1E10	1E-30	1E10	1E10	1E-30	1E10	1E10
20	4.16E-15	1E-30	1E-10	1E10	3.79E-9	0.058	1E10	1E-30	20800	1E10	9.86E-8	47.3	1E10	1.02E-7	126	1E10	2.71E-7	2780	2.03E-14	2.64E-13	36.9	1E-30	1E10	1E10	1E-30	1E10	1E10	1E-30	1E10	1E10	1E-30	1E10	1E10	1E-30	1E10	1E10	1E-30	1E10	1E10	1E-30	1E10	1E10	1E-30	1E10	1E10	1E-30	1E10	1E10
21	4.16E-15	1E-30	1E-10	1E10	4.06E-9	0.1	1E10	1E-30	21800	1E10	2.56E-7	103	1E10	7.76E-8	105	1E10	3.04E-7	3120	2.03E-14	2.64E-13	36.9	1E-30	1E10	1E10	1E-30	1E10	1E10	1E-30	1E10	1E10	1E-30	1E10	1E10	1E-30	1E10	1E10	1E-30	1E10	1E10	1E-30	1E10	1E10	1E-30	1E10	1E10	1E-30	1E10	1E10
22	1.21E-14	1E-30	1E-10	1E10	4.55E-9	0.067	1E10	1E-30	21800	1E10	2.56E-7	103	1E10	7.76E-8	105	1E10	3.04E-7	3120	1.67E-14	6.61E-10	13.1	1E-30	1E10	1E10	1E-30	1E10	1E10	1E-30	1E10	1E10	1E-30	1E10	1E10	1E-30	1E10	1E10	1E-30	1E10	1E10	1E-30	1E10	1E10	1E-30	1E10	1E10	1E-30	1E10	1E10
23	6.73E-15	1E-30	1E-10	1E10	4.99E-9	0.11	1E10	1E-30	35300	1E10	1.02E-6	103	1E10	8.91E-8	105	1E10	3.04E-7	3120	1.79E-14	9.33E-10	38.3	1E-30	1E10	1E10	1E-30	1E10	1E10	1E-30	1E10	1E10	1E-30	1E10	1E10	1E-30	1E10	1E10	1E-30	1E10	1E10	1E-30	1E10	1E10	1E-30	1E10	1E10	1E-30	1E10	1E10
24	6.73E-15	1E-30	1E-10	1E10	5.22E-9	0.17	1E10	1E-30	165E4	1E10	1.02E-6	103	1E10	1E-7	113	1E10	2.53E-7	3050	1.4E-14	2.06E-9	21.9	1E-30	1E10	1E10	1E-30	1E10	1E10	1E-30	1E10	1E10	1E-30	1E10	1E10	1E-30	1E10	1E10	1E-30	1E10	1E10	1E-30	1E10	1E10	1E-30	1E10	1E10	1E-30	1E10	1E10
25	6.73E-15	1E-30	1E-10	1E10	5.34E-9	0.27	1E10	1E-30	165E4	1E10	1.02E-6	103	1E10	1E-7	113	1E10	2.53E-7	3050	1.4E-14	2.06E-9	21.9	1E-30	1E10	1E10	1E-30	1E10	1E10	1E-30	1E10	1E10	1E-30	1E10	1E10	1E-30	1E10	1E10	1E-30	1E10	1E10	1E-30	1E10	1E10	1E-30	1E10	1E10	1E-30	1E10	1E10
26	6.59E-15	1E-30	1E-10	1E10	5.34E-9	0.13	1E10	1E-30	419E3	1E10	1.02E-6	103	1E10	1.05E-7	116	1E10	2.53E-7	2530	1.39E-14	2.14E-9	22.5	1E-30	1E10	1E10	1E-30	1E10	1E10	1E-30	1E10	1E10	1E-30	1E10	1E10	1E-30	1E10	1E10	1E-30	1E10	1E10	1E-30	1E10	1E10	1E-30	1E10	1E10	1E-30	1E10	1E10
27	1.16E-14	1E-30	1E-10	1E10	6.16E-9	0.18	1E10	1E-30	42200	1E10	2.03E-7	30.1	1E10	1.47E-7	246	1E10	3.58E-7	4E3	1.51E-14	7.59E-10	31.3	1E-30	1E10	1E10	1E-30	1E10	1E10	1E-30	1E10	1E10	1E-30	1E10	1E10	1E-30	1E10	1E10	1E-30	1E10	1E10	1E-30	1E10	1E10	1E-30	1E10	1E10	1E-30	1E10	1E10
28	1.16E-14	1E-30	1E-10	1E10	6.86E-9	0.15	1E10	1E-30	484E3	1E10	2.03E-7	30.1	1E10	1.58E-7	246	1E10	3.58E-7	4E3	1.24E-14	2.65E-9	29.9	1E-30	1E10	1E10	1E-30	1E10	1E10	1E-30	1E10	1E10	1E-30	1E10	1E10	1E-30	1E10	1E10	1E-30	1E10	1E10	1E-30	1E10	1E10	1E-30	1E10	1E10	1E-30	1E10	1E10
29	1.86E-14	1E-30	1E-10	1E10	7.11E-9	0.2	1E10	1E-30	182E3	1E10	2.09E-7	125	1E10	2.95E-7	629	1E10	3.14E-7	3160	1.17E-14	3.24E-9	37.5	1E-30	1E10	1E10	1E-30	1E10	1E10	1E-30	1E10	1E10	1E-30	1E10	1E10	1E-30	1E10	1E10	1E-30	1E10	1E10	1E-30	1E10	1E10	1E-30	1E10	1E10	1E-30	1E10	1E10
30	1.96E-14	1E-30	1E-10	1E10	8.11E-9	0.21	1E10	1E-30	23700	1E10	2.19E-7	145	1E10	3.14E-7	680	1E10	6.21E-7	4370	4.36E-15	1.17E-8	75.2	1E-30	1E10	1E10	1E-30	1E10	1E10	1E-30	1E10	1E10	1E-30	1E10	1E10	1E-30	1E10	1E10	1E-30	1E10	1E10	1E-30	1E10	1E10	1E-30	1E10	1E10	1E-30	1E10	1E10
31	1.96E-14	1E-30	1E-10	1E10	8.3E-9	0.35	1E10	1E-30	568E3	1E10	2.24E-7	145	1E10	3.36E-7	680	1E10	3.26E-7	3550	5.45E-15	6.23E-9	160	1E-30	1E10	1E10	1E-30	1E10	1E10	1E-30	1E10	1E10	1E-30	1E10	1E10	1E-30	1E10	1E10	1E-30	1E10	1E10	1E-30	1E10	1E10	1E-30	1E10	1E10	1E-30	1E10	1E10
32	1.96E-14	1E-30	1E-10	1E10	8.69E-9	0.18	1E10	1E-30	116E3	1E10	2.24E-7	145	1E10	3.13E-7	442	1E10	3.69E-7	3020	9.65E-15	4.42E-9	51.3	1E-30	1E10	1E10	1E-30	1E10	1E10	1E-30	1E10	1E10	1E-30	1E10	1E10	1E-30	1E10	1E10	1E-30	1E10	1E10	1E-30	1E10	1E10	1E-30	1E10	1E10	1E-30	1E10	1E10
33	2.1E-14	1E-30	1E-10	1E10	9.93E-9	0.38	1E10	1E-30	25E3	1E10	4.69E-7	665	1E10	4.47E-7	897	1E10	7.19E-7	4960	5.55E-15	1.07E-8	49.3	1E-30	1E10	1E10	1E-30	1E10	1E10	1E-30	1E10	1E10	1E-30	1E10	1E10	1E-30	1E10	1E10	1E-30	1E10	1E10	1E-30	1E10	1E10	1E-30	1E10	1E10	1E-30	1E10	1E10
34	1.96E-14	1E-30	1E-10	1E10	1.06E-8	0.39	1E10	1E-30	22300	1E10	4.78E-7	665	1E10	6.86E-7	1390	1E10	7.37E-7	5190	2.31E-15	4.26E-10	709	1E-30	1E10	1E10	1E-30	1E10	1E10	1E-30	1E10	1E10	1E-30	1E10	1E10	1E-30	1E10	1E10	1E-30	1E10	1E10	1E-30	1E10	1E10	1E-30	1E10	1E10	1E-30	1E10	1E10
35	1.96E-14	1E-30	1E-10	1E10	1.25E-8	0.45	1E10	1E-30	26100	1E10	4.78E-7	665	1E10	6.86E-7	1390	1E10	1.28E-6	9020	6.2E-15	8.21E-9	52.3	1E-30	1E10	1E10	1E-30	1E10	1E10	1E-30	1E10	1E10	1E-30	1E10	1E10	1E-30	1E10	1E10	1E-30	1E10	1E10	1E-30	1E10	1E10	1E-30	1E10	1E10	1E-30	1E10	1E10
36	1.96E-14	1E-30	1E-10	1E10	1.27E-8	0.45	1E10	1E-30	45800	1E10	4.78E-7	665	1E10	6.86E-7	1390	1E10	8.45E-7	5960	7.45E-15	1.09E-8	50	1E-30	1E10	1E10	1E-30	1E10	1E10	1E-30	1E10	1E10	1E-30	1E10	1E10	1E-30	1E10	1E10	1E-30	1E10	1E10	1E-30	1E10	1E10	1E-30	1E10	1E10	1E-30	1E10	1E10
37	1.96E-14	1E-30	1E-10	1E10	1.36E-8	0.44	1E10	1E-30	26E3	1E10	4.78E-7	665	1E10	6.86E-7	1390	1E10	1.04E-6	6690	3.1E-15	1.69E-8	219	1E-30	1E10	1E10	1E-30	1E10	1E10	1E-30	1E10	1E10	1E-30	1E10	1E10	1E-30	1E10	1E10	1E-30	1E10	1E10	1E-30	1E10	1E10	1E-30	1E10	1E10	1E-30	1E10	1E10
38	1.97E-14	1E-30	1E-10	1E10	1.55E-8	0.5	1E10	1E-30	31900	1E10	6.42E-7	370	1E10	5.34E-7	1390	1E10	1.11E-6	6610	4.03E-15	8.57E-9	553	1E-30	1E10	1E10	1E-30	1E10	1E10	1E-30	1E10	1E10	1E-30	1E10	1E10	1E-30	1E10	1E10	1E-30	1E10	1E10	1E-30	1E10	1E10	1E-30	1E10	1E10	1E-30	1E10	1E10
END DSCRDATA
