BEGIN DSCRDATA
% INDEX	K01	L01	M01	K02	L02	M02	K03	L03	M03	K04	L04	M04	K05	L05	M05	K06	L06	M06	K07	L07	M07	K08	L08	M08	K09	L09	M09	K10	L10	M10	K11	L11	M11	K12	L12	M12	K13	L13	M13	K14	L14	M14	K15	L15	M15	K16	L16	M16
0	0	0	0	0	0	0	0	0	0	0	0	0	0	0	0	0	0	0	0	0	0	0	0	0	0	0	0	0	0	0	0	0	0	0	0	0	0	0	0	0	0	0	0	0	0	0	0	0
1	4.57E-15	1E-30	1E-10	1E10	9E-10	8E-3	1E10	1E-30	3880	1E10	3.07E-9	0.22	1E10	9.83E-9	2.78	1E10	4.1E-8	145	6.75E-17	2.57E-10	140	1E-30	1E10	1E10	1E-30	1E10	1E10	1E-30	1E10	1E10	1E-30	1E10	1E10	1E-30	1E10	1E10	1E-30	1E10	1E10	1E-30	1E10	1E10	1E-30	1E10	1E10	1E-30	1E10	1E10
2	4.57E-15	1E-30	1E-10	1E10	9E-10	8E-3	1E10	1E-30	3880	1E10	3.07E-9	0.22	1E10	9.83E-9	2.78	1E10	4.1E-8	145	6.75E-17	2.57E-10	140	1E-30	1E10	1E10	1E-30	1E10	1E10	1E-30	1E10	1E10	1E-30	1E10	1E10	1E-30	1E10	1E10	1E-30	1E10	1E10	1E-30	1E10	1E10	1E-30	1E10	1E10	1E-30	1E10	1E10
3	4.57E-15	1E-30	1E-10	1E10	1.45E-9	0.02	1E10	1E-30	6150	1E10	1.85E-9	0.0818	1E10	1.67E-8	16.8	1E10	4E-8	275	4.26E-16	1.62E-9	140	1E-30	1E10	1E10	1E-30	1E10	1E10	1E-30	1E10	1E10	1E-30	1E10	1E10	1E-30	1E10	1E10	1E-30	1E10	1E10	1E-30	1E10	1E10	1E-30	1E10	1E10	1E-30	1E10	1E10
4	4.57E-15	1E-30	1E-10	1E10	1.45E-9	0.02	1E10	1E-30	6150	1E10	1.85E-9	0.0818	1E10	1.67E-8	16.8	1E10	4E-8	275	4.26E-16	1.62E-9	140	1E-30	1E10	1E10	1E-30	1E10	1E10	1E-30	1E10	1E10	1E-30	1E10	1E10	1E-30	1E10	1E10	1E-30	1E10	1E10	1E-30	1E10	1E10	1E-30	1E10	1E10	1E-30	1E10	1E10
5	4.57E-15	1E-30	1E-10	1E10	1.83E-9	0.015	1E10	1E-30	6150	1E10	2.73E-9	0.103	1E10	3.26E-8	21.7	1E10	7.79E-8	323	1.07E-15	4.06E-9	140	1E-30	1E10	1E10	1E-30	1E10	1E10	1E-30	1E10	1E10	1E-30	1E10	1E10	1E-30	1E10	1E10	1E-30	1E10	1E10	1E-30	1E10	1E10	1E-30	1E10	1E10	1E-30	1E10	1E10
6	4.57E-15	1E-30	1E-10	1E10	1.83E-9	0.015	1E10	1E-30	6150	1E10	2.73E-9	0.103	1E10	3.26E-8	21.7	1E10	7.79E-8	323	1.07E-15	4.06E-9	140	1E-30	1E10	1E10	1E-30	1E10	1E10	1E-30	1E10	1E10	1E-30	1E10	1E10	1E-30	1E10	1E10	1E-30	1E10	1E10	1E-30	1E10	1E10	1E-30	1E10	1E10	1E-30	1E10	1E10
7	4.57E-15	1E-30	1E-10	1E10	1.92E-9	0.02	1E10	1E-30	5870	1E10	2.93E-9	0.124	1E10	3.11E-8	27.3	1E10	7.27E-8	338	8.67E-16	3.3E-9	140	1E-30	1E10	1E10	1E-30	1E10	1E10	1E-30	1E10	1E10	1E-30	1E10	1E10	1E-30	1E10	1E10	1E-30	1E10	1E10	1E-30	1E10	1E10	1E-30	1E10	1E10	1E-30	1E10	1E10
8	4.57E-15	1E-30	1E-10	1E10	1.92E-9	0.02	1E10	1E-30	5870	1E10	2.93E-9	0.124	1E10	3.11E-8	27.3	1E10	7.27E-8	338	8.67E-16	3.3E-9	140	1E-30	1E10	1E10	1E-30	1E10	1E10	1E-30	1E10	1E10	1E-30	1E10	1E10	1E-30	1E10	1E10	1E-30	1E10	1E10	1E-30	1E10	1E10	1E-30	1E10	1E10	1E-30	1E10	1E10
9	5.76E-15	1E-30	1E-10	1E10	2.1E-9	0.03	1E10	1E-30	5350	1E10	2.93E-9	0.124	1E10	2.65E-8	23.8	1E10	7.97E-8	397	1.81E-15	6.9E-9	140	1E-30	1E10	1E10	1E-30	1E10	1E10	1E-30	1E10	1E10	1E-30	1E10	1E10	1E-30	1E10	1E10	1E-30	1E10	1E10	1E-30	1E10	1E10	1E-30	1E10	1E10	1E-30	1E10	1E10
10	5.76E-15	1E-30	1E-10	1E10	2.1E-9	0.03	1E10	1E-30	5350	1E10	2.93E-9	0.124	1E10	2.65E-8	23.8	1E10	7.97E-8	397	1.81E-15	6.9E-9	140	1E-30	1E10	1E10	1E-30	1E10	1E10	1E-30	1E10	1E10	1E-30	1E10	1E10	1E-30	1E10	1E10	1E-30	1E10	1E10	1E-30	1E10	1E10	1E-30	1E10	1E10	1E-30	1E10	1E10
11	6.31E-15	1E-30	1E-10	1E10	2.58E-9	0.04	1E10	1E-30	6730	1E10	3.45E-9	0.101	1E10	2.59E-8	17.2	1E10	8.74E-8	406	1.81E-15	6.9E-9	140	1E-30	1E10	1E10	1E-30	1E10	1E10	1E-30	1E10	1E10	1E-30	1E10	1E10	1E-30	1E10	1E10	1E-30	1E10	1E10	1E-30	1E10	1E10	1E-30	1E10	1E10	1E-30	1E10	1E10
12	6.31E-15	1E-30	1E-10	1E10	2.58E-9	0.04	1E10	1E-30	6730	1E10	3.45E-9	0.101	1E10	2.59E-8	17.2	1E10	8.74E-8	406	1.81E-15	6.9E-9	140	1E-30	1E10	1E10	1E-30	1E10	1E10	1E-30	1E10	1E10	1E-30	1E10	1E10	1E-30	1E10	1E10	1E-30	1E10	1E10	1E-30	1E10	1E10	1E-30	1E10	1E10	1E-30	1E10	1E10
13	8.33E-15	1E-30	1E-10	1E10	3.22E-9	0.04	1E10	1E-30	6580	1E10	2.93E-9	0.272	1E10	3.26E-8	27.3	1E10	9.36E-8	467	1.94E-15	7.39E-9	140	1E-30	1E10	1E10	1E-30	1E10	1E10	1E-30	1E10	1E10	1E-30	1E10	1E10	1E-30	1E10	1E10	1E-30	1E10	1E10	1E-30	1E10	1E10	1E-30	1E10	1E10	1E-30	1E10	1E10
14	8.33E-15	1E-30	1E-10	1E10	3.22E-9	0.04	1E10	1E-30	6580	1E10	2.93E-9	0.272	1E10	3.26E-8	27.3	1E10	9.36E-8	467	1.94E-15	7.39E-9	140	1E-30	1E10	1E10	1E-30	1E10	1E10	1E-30	1E10	1E10	1E-30	1E10	1E10	1E-30	1E10	1E10	1E-30	1E10	1E10	1E-30	1E10	1E10	1E-30	1E10	1E10	1E-30	1E10	1E10
15	7.3E-15	1E-30	1E-10	1E10	1.82E-9	0.04	1E10	1E-30	6150	1E10	1.17E-8	1.52	1E10	3.73E-8	37.7	1E10	8.73E-8	456	1.99E-15	7.56E-9	140	1E-30	1E10	1E10	1E-30	1E10	1E10	1E-30	1E10	1E10	1E-30	1E10	1E10	1E-30	1E10	1E10	1E-30	1E10	1E10	1E-30	1E10	1E10	1E-30	1E10	1E10	1E-30	1E10	1E10
16	7.3E-15	1E-30	1E-10	1E10	1.82E-9	0.04	1E10	1E-30	6150	1E10	1.17E-8	1.52	1E10	3.73E-8	37.7	1E10	8.73E-8	456	1.99E-15	7.56E-9	140	1E-30	1E10	1E10	1E-30	1E10	1E10	1E-30	1E10	1E10	1E-30	1E10	1E10	1E-30	1E10	1E10	1E-30	1E10	1E10	1E-30	1E10	1E10	1E-30	1E10	1E10	1E-30	1E10	1E10
17	4.1E-15	1E-30	1E-10	1E10	1.97E-9	0.08	1E10	1E-30	7740	1E10	1.47E-8	1.21	1E10	3.91E-8	45.3	1E10	7.78E-8	467	2.39E-15	9.09E-9	140	1E-30	1E10	1E10	1E-30	1E10	1E10	1E-30	1E10	1E10	1E-30	1E10	1E10	1E-30	1E10	1E10	1E-30	1E10	1E10	1E-30	1E10	1E10	1E-30	1E10	1E10	1E-30	1E10	1E10
18	4.1E-15	1E-30	1E-10	1E10	1.97E-9	0.08	1E10	1E-30	7740	1E10	1.47E-8	1.21	1E10	3.91E-8	45.3	1E10	7.78E-8	467	2.39E-15	9.09E-9	140	1E-30	1E10	1E10	1E-30	1E10	1E10	1E-30	1E10	1E10	1E-30	1E10	1E10	1E-30	1E10	1E10	1E-30	1E10	1E10	1E-30	1E10	1E10	1E-30	1E10	1E10	1E-30	1E10	1E10
19	1.13E-14	1E-30	1E-10	1E10	2.49E-9	0.02	1E10	1E-30	7740	1E10	6.7E-9	0.608	1E10	3.57E-8	18.9	1E10	9.8E-8	407	2.39E-15	9.09E-9	140	1E-30	1E10	1E10	1E-30	1E10	1E10	1E-30	1E10	1E10	1E-30	1E10	1E10	1E-30	1E10	1E10	1E-30	1E10	1E10	1E-30	1E10	1E10	1E-30	1E10	1E10	1E-30	1E10	1E10
20	1.13E-14	1E-30	1E-10	1E10	2.49E-9	0.02	1E10	1E-30	7740	1E10	6.7E-9	0.608	1E10	3.57E-8	18.9	1E10	9.8E-8	407	2.39E-15	9.09E-9	140	1E-30	1E10	1E10	1E-30	1E10	1E10	1E-30	1E10	1E10	1E-30	1E10	1E10	1E-30	1E10	1E10	1E-30	1E10	1E10	1E-30	1E10	1E10	1E-30	1E10	1E10	1E-30	1E10	1E10
21	1.03E-14	1E-30	1E-10	1E10	2.28E-9	0.02	1E10	1E-30	7390	1E10	9.91E-9	0.608	1E10	3.26E-8	18.9	1E10	9.58E-8	416	2.39E-15	9.09E-9	140	1E-30	1E10	1E10	1E-30	1E10	1E10	1E-30	1E10	1E10	1E-30	1E10	1E10	1E-30	1E10	1E10	1E-30	1E10	1E10	1E-30	1E10	1E10	1E-30	1E10	1E10	1E-30	1E10	1E10
22	1.03E-14	1E-30	1E-10	1E10	2.28E-9	0.02	1E10	1E-30	7390	1E10	9.91E-9	0.608	1E10	3.26E-8	18.9	1E10	9.58E-8	416	2.39E-15	9.09E-9	140	1E-30	1E10	1E10	1E-30	1E10	1E10	1E-30	1E10	1E10	1E-30	1E10	1E10	1E-30	1E10	1E10	1E-30	1E10	1E10	1E-30	1E10	1E10	1E-30	1E10	1E10	1E-30	1E10	1E10
23	1.1E-14	1E-30	1E-10	1E10	2.28E-9	0.028	1E10	1E-30	8290	1E10	1.93E-8	2.85	1E10	3.92E-8	29.3	1E10	1.13E-7	523	2.39E-15	9.09E-9	140	1E-30	1E10	1E10	1E-30	1E10	1E10	1E-30	1E10	1E10	1E-30	1E10	1E10	1E-30	1E10	1E10	1E-30	1E10	1E10	1E-30	1E10	1E10	1E-30	1E10	1E10	1E-30	1E10	1E10
24	1.1E-14	1E-30	1E-10	1E10	2.28E-9	0.028	1E10	1E-30	8290	1E10	1.93E-8	2.85	1E10	3.92E-8	29.3	1E10	1.13E-7	523	2.39E-15	9.09E-9	140	1E-30	1E10	1E10	1E-30	1E10	1E10	1E-30	1E10	1E10	1E-30	1E10	1E10	1E-30	1E10	1E10	1E-30	1E10	1E10	1E-30	1E10	1E10	1E-30	1E10	1E10	1E-30	1E10	1E10
25	8.33E-15	1E-30	1E-10	1E10	2.82E-9	0.044	1E10	1E-30	7560	1E10	7.52E-9	0.542	1E10	4.1E-8	34.4	1E10	1.1E-7	574	2.39E-15	9.09E-9	140	1E-30	1E10	1E10	1E-30	1E10	1E10	1E-30	1E10	1E10	1E-30	1E10	1E10	1E-30	1E10	1E10	1E-30	1E10	1E10	1E-30	1E10	1E10	1E-30	1E10	1E10	1E-30	1E10	1E10
26	8.33E-15	1E-30	1E-10	1E10	2.82E-9	0.044	1E10	1E-30	7560	1E10	7.52E-9	0.542	1E10	4.1E-8	34.4	1E10	1.1E-7	574	2.39E-15	9.09E-9	140	1E-30	1E10	1E10	1E-30	1E10	1E10	1E-30	1E10	1E10	1E-30	1E10	1E10	1E-30	1E10	1E10	1E-30	1E10	1E10	1E-30	1E10	1E10	1E-30	1E10	1E10	1E-30	1E10	1E10
27	5.76E-15	1E-30	1E-10	1E10	2.89E-9	0.05	1E10	1E-30	8290	1E10	1.19E-8	0.715	1E10	4.61E-8	33.6	1E10	1.21E-7	574	2.39E-15	9.09E-9	140	1E-30	1E10	1E10	1E-30	1E10	1E10	1E-30	1E10	1E10	1E-30	1E10	1E10	1E-30	1E10	1E10	1E-30	1E10	1E10	1E-30	1E10	1E10	1E-30	1E10	1E10	1E-30	1E10	1E10
28	5.76E-15	1E-30	1E-10	1E10	2.89E-9	0.05	1E10	1E-30	8290	1E10	1.19E-8	0.715	1E10	4.61E-8	33.6	1E10	1.21E-7	574	2.39E-15	9.09E-9	140	1E-30	1E10	1E10	1E-30	1E10	1E10	1E-30	1E10	1E10	1E-30	1E10	1E10	1E-30	1E10	1E10	1E-30	1E10	1E10	1E-30	1E10	1E10	1E-30	1E10	1E10	1E-30	1E10	1E10
29	4.68E-15	1E-30	1E-10	1E10	3.08E-9	0.08	1E10	1E-30	8290	1E10	9.47E-9	0.441	1E10	4.4E-8	35.2	1E10	1.16E-7	574	2.39E-15	9.09E-9	140	1E-30	1E10	1E10	1E-30	1E10	1E10	1E-30	1E10	1E10	1E-30	1E10	1E10	1E-30	1E10	1E10	1E-30	1E10	1E10	1E-30	1E10	1E10	1E-30	1E10	1E10	1E-30	1E10	1E10
30	4.68E-15	1E-30	1E-10	1E10	3.08E-9	0.08	1E10	1E-30	8290	1E10	9.47E-9	0.441	1E10	4.4E-8	35.2	1E10	1.16E-7	574	2.39E-15	9.09E-9	140	1E-30	1E10	1E10	1E-30	1E10	1E10	1E-30	1E10	1E10	1E-30	1E10	1E10	1E-30	1E10	1E10	1E-30	1E10	1E10	1E-30	1E10	1E10	1E-30	1E10	1E10	1E-30	1E10	1E10
31	7.95E-15	1E-30	1E-10	1E10	3.35E-9	0.05	1E10	1E-30	9740	1E10	9.47E-9	0.568	1E10	4.5E-8	42.3	1E10	1.4E-7	774	2.68E-15	1.02E-8	140	1E-30	1E10	1E10	1E-30	1E10	1E10	1E-30	1E10	1E10	1E-30	1E10	1E10	1E-30	1E10	1E10	1E-30	1E10	1E10	1E-30	1E10	1E10	1E-30	1E10	1E10	1E-30	1E10	1E10
32	7.95E-15	1E-30	1E-10	1E10	3.35E-9	0.05	1E10	1E-30	9740	1E10	9.47E-9	0.568	1E10	4.5E-8	42.3	1E10	1.4E-7	774	2.68E-15	1.02E-8	140	1E-30	1E10	1E10	1E-30	1E10	1E10	1E-30	1E10	1E10	1E-30	1E10	1E10	1E-30	1E10	1E10	1E-30	1E10	1E10	1E-30	1E10	1E10	1E-30	1E10	1E10	1E-30	1E10	1E10
33	6.17E-15	1E-30	1E-10	1E10	3.1E-9	0.05	1E10	1E-30	9970	1E10	1.4E-8	0.568	1E10	4.6E-8	32.8	1E10	1.4E-7	644	2.68E-15	1.02E-8	140	1E-30	1E10	1E10	1E-30	1E10	1E10	1E-30	1E10	1E10	1E-30	1E10	1E10	1E-30	1E10	1E10	1E-30	1E10	1E10	1E-30	1E10	1E10	1E-30	1E10	1E10	1E-30	1E10	1E10
34	6.17E-15	1E-30	1E-10	1E10	3.1E-9	0.05	1E10	1E-30	9970	1E10	1.4E-8	0.568	1E10	4.6E-8	32.8	1E10	1.4E-7	644	2.68E-15	1.02E-8	140	1E-30	1E10	1E10	1E-30	1E10	1E10	1E-30	1E10	1E10	1E-30	1E10	1E10	1E-30	1E10	1E10	1E-30	1E10	1E10	1E-30	1E10	1E10	1E-30	1E10	1E10	1E-30	1E10	1E10
35	8.32E-15	1E-30	1E-10	1E10	3.34E-9	0.05	1E10	1E-30	9520	1E10	1.43E-8	1.88	1E10	5.93E-8	71.7	1E10	1.72E-7	1020	2.87E-15	1.09E-8	140	1E-30	1E10	1E10	1E-30	1E10	1E10	1E-30	1E10	1E10	1E-30	1E10	1E10	1E-30	1E10	1E10	1E-30	1E10	1E10	1E-30	1E10	1E10	1E-30	1E10	1E10	1E-30	1E10	1E10
36	8.32E-15	1E-30	1E-10	1E10	3.34E-9	0.05	1E10	1E-30	9520	1E10	1.43E-8	1.88	1E10	5.93E-8	71.7	1E10	1.72E-7	1020	2.87E-15	1.09E-8	140	1E-30	1E10	1E10	1E-30	1E10	1E10	1E-30	1E10	1E10	1E-30	1E10	1E10	1E-30	1E10	1E10	1E-30	1E10	1E10	1E-30	1E10	1E10	1E-30	1E10	1E10	1E-30	1E10	1E10
37	8.32E-15	1E-30	1E-10	1E10	3.13E-9	0.08	1E10	1E-30	9520	1E10	2.42E-8	3.84	1E10	5.41E-8	66.9	1E10	1.93E-7	1340	2.87E-15	1.09E-8	140	1E-30	1E10	1E10	1E-30	1E10	1E10	1E-30	1E10	1E10	1E-30	1E10	1E10	1E-30	1E10	1E10	1E-30	1E10	1E10	1E-30	1E10	1E10	1E-30	1E10	1E10	1E-30	1E10	1E10
38	8.32E-15	1E-30	1E-10	1E10	3.13E-9	0.08	1E10	1E-30	9520	1E10	2.42E-8	3.84	1E10	5.41E-8	66.9	1E10	1.93E-7	1340	2.87E-15	1.09E-8	140	1E-30	1E10	1E10	1E-30	1E10	1E10	1E-30	1E10	1E10	1E-30	1E10	1E10	1E-30	1E10	1E10	1E-30	1E10	1E10	1E-30	1E10	1E10	1E-30	1E10	1E10	1E-30	1E10	1E10
39	2.57E-14	1E-30	1E-10	1E10	3.14E-9	0.05	1E10	1E-30	7740	1E10	2.42E-8	3.84	1E10	7.64E-8	84.2	1E10	1.76E-7	769	2.87E-15	1.09E-8	140	1E-30	1E10	1E10	1E-30	1E10	1E10	1E-30	1E10	1E10	1E-30	1E10	1E10	1E-30	1E10	1E10	1E-30	1E10	1E10	1E-30	1E10	1E10	1E-30	1E10	1E10	1E-30	1E10	1E10
40	2.57E-14	1E-30	1E-10	1E10	3.14E-9	0.05	1E10	1E-30	7740	1E10	2.42E-8	3.84	1E10	7.64E-8	84.2	1E10	1.76E-7	769	2.87E-15	1.09E-8	140	1E-30	1E10	1E10	1E-30	1E10	1E10	1E-30	1E10	1E10	1E-30	1E10	1E10	1E-30	1E10	1E10	1E-30	1E10	1E10	1E-30	1E10	1E10	1E-30	1E10	1E10	1E-30	1E10	1E10
41	1.15E-14	1E-30	1E-10	1E10	3E-9	0.08	1E10	1E-30	9750	1E10	5.81E-8	18.4	1E10	9.19E-8	111	1E10	1.53E-7	769	2.87E-15	1.09E-8	140	1E-30	1E10	1E10	1E-30	1E10	1E10	1E-30	1E10	1E10	1E-30	1E10	1E10	1E-30	1E10	1E10	1E-30	1E10	1E10	1E-30	1E10	1E10	1E-30	1E10	1E10	1E-30	1E10	1E10
42	1.15E-14	1E-30	1E-10	1E10	3E-9	0.08	1E10	1E-30	9750	1E10	5.81E-8	18.4	1E10	9.19E-8	111	1E10	1.53E-7	769	2.87E-15	1.09E-8	140	1E-30	1E10	1E10	1E-30	1E10	1E10	1E-30	1E10	1E10	1E-30	1E10	1E10	1E-30	1E10	1E10	1E-30	1E10	1E10	1E-30	1E10	1E10	1E-30	1E10	1E10	1E-30	1E10	1E10
43	1.38E-14	1E-30	1E-10	1E10	3.04E-9	0.12	1E10	1E-30	9750	1E10	5.81E-7	116	1E10	7.13E-8	104	1E10	2.26E-7	1500	2.87E-15	1.09E-8	140	1E-30	1E10	1E10	1E-30	1E10	1E10	1E-30	1E10	1E10	1E-30	1E10	1E10	1E-30	1E10	1E10	1E-30	1E10	1E10	1E-30	1E10	1E10	1E-30	1E10	1E10	1E-30	1E10	1E10
44	1.38E-14	1E-30	1E-10	1E10	3.04E-9	0.12	1E10	1E-30	9750	1E10	5.81E-7	116	1E10	7.13E-8	104	1E10	2.26E-7	1500	2.87E-15	1.09E-8	140	1E-30	1E10	1E10	1E-30	1E10	1E10	1E-30	1E10	1E10	1E-30	1E10	1E10	1E-30	1E10	1E10	1E-30	1E10	1E10	1E-30	1E10	1E10	1E-30	1E10	1E10	1E-30	1E10	1E10
45	1.98E-14	1E-30	1E-10	1E10	3.2E-9	0.1	1E10	1E-30	8140	1E10	1.08E-7	78.7	1E10	1.84E-7	322	1E10	1.92E-7	896	3.89E-15	1.11E-8	26.1	1E-30	1E10	1E10	1E-30	1E10	1E10	1E-30	1E10	1E10	1E-30	1E10	1E10	1E-30	1E10	1E10	1E-30	1E10	1E10	1E-30	1E10	1E10	1E-30	1E10	1E10	1E-30	1E10	1E10
46	1.98E-14	1E-30	1E-10	1E10	3.2E-9	0.1	1E10	1E-30	8140	1E10	1.08E-7	78.7	1E10	1.84E-7	322	1E10	1.92E-7	896	3.89E-15	1.11E-8	26.1	1E-30	1E10	1E10	1E-30	1E10	1E10	1E-30	1E10	1E10	1E-30	1E10	1E10	1E-30	1E10	1E10	1E-30	1E10	1E10	1E-30	1E10	1E10	1E-30	1E10	1E10	1E-30	1E10	1E10
47	1.28E-14	1E-30	1E-10	1E10	3.35E-9	0.19	1E10	1E-30	11500	1E10	7.84E-8	47.4	1E10	1.19E-7	353	1E10	2.2E-7	1630	2.95E-15	1.11E-8	140	1E-30	1E10	1E10	1E-30	1E10	1E10	1E-30	1E10	1E10	1E-30	1E10	1E10	1E-30	1E10	1E10	1E-30	1E10	1E10	1E-30	1E10	1E10	1E-30	1E10	1E10	1E-30	1E10	1E10
48	1.28E-14	1E-30	1E-10	1E10	3.35E-9	0.19	1E10	1E-30	11500	1E10	7.84E-8	47.4	1E10	1.19E-7	353	1E10	2.2E-7	1630	2.95E-15	1.11E-8	140	1E-30	1E10	1E10	1E-30	1E10	1E10	1E-30	1E10	1E10	1E-30	1E10	1E10	1E-30	1E10	1E10	1E-30	1E10	1E10	1E-30	1E10	1E10	1E-30	1E10	1E10	1E-30	1E10	1E10
49	7.39E-15	1E-30	1E-10	1E10	3.56E-9	0.07	1E10	1E-30	11500	1E10	6.09E-8	29.9	1E10	1.76E-7	353	1E10	2.59E-7	1210	2.45E-15	9.27E-9	140	1E-30	1E10	1E10	1E-30	1E10	1E10	1E-30	1E10	1E10	1E-30	1E10	1E10	1E-30	1E10	1E10	1E-30	1E10	1E10	1E-30	1E10	1E10	1E-30	1E10	1E10	1E-30	1E10	1E10
50	7.39E-15	1E-30	1E-10	1E10	3.56E-9	0.07	1E10	1E-30	11500	1E10	6.09E-8	29.9	1E10	1.76E-7	353	1E10	2.59E-7	1210	2.45E-15	9.27E-9	140	1E-30	1E10	1E10	1E-30	1E10	1E10	1E-30	1E10	1E10	1E-30	1E10	1E10	1E-30	1E10	1E10	1E-30	1E10	1E10	1E-30	1E10	1E10	1E-30	1E10	1E10	1E-30	1E10	1E10
51	6.58E-15	1E-30	1E-10	1E10	3.6E-9	0.1	1E10	1E-30	12E3	1E10	7.66E-8	36.8	1E10	1.13E-7	228	1E10	2.78E-7	1840	2.28E-15	8.66E-9	140	1E-30	1E10	1E10	1E-30	1E10	1E10	1E-30	1E10	1E10	1E-30	1E10	1E10	1E-30	1E10	1E10	1E-30	1E10	1E10	1E-30	1E10	1E10	1E-30	1E10	1E10	1E-30	1E10	1E10
52	6.58E-15	1E-30	1E-10	1E10	3.6E-9	0.1	1E10	1E-30	12E3	1E10	7.66E-8	36.8	1E10	1.13E-7	228	1E10	2.78E-7	1840	2.28E-15	8.66E-9	140	1E-30	1E10	1E10	1E-30	1E10	1E10	1E-30	1E10	1E10	1E-30	1E10	1E10	1E-30	1E10	1E10	1E-30	1E10	1E10	1E-30	1E10	1E10	1E-30	1E10	1E10	1E-30	1E10	1E10
53	1.07E-14	1E-30	1E-10	1E10	3.85E-9	0.07	1E10	1E-30	12E3	1E10	4.11E-8	16.8	1E10	2.02E-7	396	1E10	2.84E-7	1330	2.87E-15	1.09E-8	140	1E-30	1E10	1E10	1E-30	1E10	1E10	1E-30	1E10	1E10	1E-30	1E10	1E10	1E-30	1E10	1E10	1E-30	1E10	1E10	1E-30	1E10	1E10	1E-30	1E10	1E10	1E-30	1E10	1E10
54	1.07E-14	1E-30	1E-10	1E10	3.85E-9	0.07	1E10	1E-30	12E3	1E10	4.11E-8	16.8	1E10	2.02E-7	396	1E10	2.84E-7	1330	2.87E-15	1.09E-8	140	1E-30	1E10	1E10	1E-30	1E10	1E10	1E-30	1E10	1E10	1E-30	1E10	1E10	1E-30	1E10	1E10	1E-30	1E10	1E10	1E-30	1E10	1E10	1E-30	1E10	1E10	1E-30	1E10	1E10
55	1.11E-14	1E-30	1E-10	1E10	4.54E-9	0.07	1E10	1E-30	12900	1E10	1.92E-8	3.68	1E10	1.36E-7	194	1E10	2.47E-7	1110	1.9E-15	7.19E-9	140	1E-30	1E10	1E10	1E-30	1E10	1E10	1E-30	1E10	1E10	1E-30	1E10	1E10	1E-30	1E10	1E10	1E-30	1E10	1E10	1E-30	1E10	1E10	1E-30	1E10	1E10	1E-30	1E10	1E10
56	1.11E-14	1E-30	1E-10	1E10	4.54E-9	0.07	1E10	1E-30	12900	1E10	1.92E-8	3.68	1E10	1.36E-7	194	1E10	2.47E-7	1110	1.9E-15	7.19E-9	140	1E-30	1E10	1E10	1E-30	1E10	1E10	1E-30	1E10	1E10	1E-30	1E10	1E10	1E-30	1E10	1E10	1E-30	1E10	1E10	1E-30	1E10	1E10	1E-30	1E10	1E10	1E-30	1E10	1E10
57	1.53E-14	1E-30	1E-10	1E10	9.1E-9	0.07	1E10	1E-30	9960	1E10	6.87E-9	0.18	1E10	6.85E-8	45.4	1E10	1.91E-7	751	2.5E-15	9.48E-9	111	1E-30	1E10	1E10	1E-30	1E10	1E10	1E-30	1E10	1E10	1E-30	1E10	1E10	1E-30	1E10	1E10	1E-30	1E10	1E10	1E-30	1E10	1E10	1E-30	1E10	1E10	1E-30	1E10	1E10
58	1.53E-14	1E-30	1E-10	1E10	9.1E-9	0.07	1E10	1E-30	9960	1E10	6.87E-9	0.18	1E10	6.85E-8	45.4	1E10	1.91E-7	751	2.5E-15	9.48E-9	111	1E-30	1E10	1E10	1E-30	1E10	1E10	1E-30	1E10	1E10	1E-30	1E10	1E10	1E-30	1E10	1E10	1E-30	1E10	1E10	1E-30	1E10	1E10	1E-30	1E10	1E10	1E-30	1E10	1E10
59	1.37E-14	1E-30	1E-10	1E10	4.08E-9	0.07	1E10	1E-30	15900	1E10	6.98E-8	27.9	1E10	1.64E-7	169	1E10	2.1E-7	1080	3.01E-15	1.14E-8	140	1E-30	1E10	1E10	1E-30	1E10	1E10	1E-30	1E10	1E10	1E-30	1E10	1E10	1E-30	1E10	1E10	1E-30	1E10	1E10	1E-30	1E10	1E10	1E-30	1E10	1E10	1E-30	1E10	1E10
60	1.37E-14	1E-30	1E-10	1E10	4.08E-9	0.07	1E10	1E-30	15900	1E10	6.98E-8	27.9	1E10	1.64E-7	169	1E10	2.1E-7	1080	3.01E-15	1.14E-8	140	1E-30	1E10	1E10	1E-30	1E10	1E10	1E-30	1E10	1E10	1E-30	1E10	1E10	1E-30	1E10	1E10	1E-30	1E10	1E10	1E-30	1E10	1E10	1E-30	1E10	1E10	1E-30	1E10	1E10
61	1.8E-14	1E-30	1E-10	1E10	4.15E-9	0.07	1E10	1E-30	13200	1E10	8.2E-8	27.9	1E10	1.36E-7	161	1E10	2.2E-7	1080	3.01E-15	1.14E-8	176	1E-30	1E10	1E10	1E-30	1E10	1E10	1E-30	1E10	1E10	1E-30	1E10	1E10	1E-30	1E10	1E10	1E-30	1E10	1E10	1E-30	1E10	1E10	1E-30	1E10	1E10	1E-30	1E10	1E10
62	1.8E-14	1E-30	1E-10	1E10	4.15E-9	0.07	1E10	1E-30	13200	1E10	8.2E-8	27.9	1E10	1.36E-7	161	1E10	2.2E-7	1080	3.01E-15	1.14E-8	176	1E-30	1E10	1E10	1E-30	1E10	1E10	1E-30	1E10	1E10	1E-30	1E10	1E10	1E-30	1E10	1E10	1E-30	1E10	1E10	1E-30	1E10	1E10	1E-30	1E10	1E10	1E-30	1E10	1E10
63	1.71E-14	1E-30	1E-10	1E10	4.36E-9	0.07	1E10	1E-30	12300	1E10	6.36E-8	22.2	1E10	1.53E-7	181	1E10	2.25E-7	1040	2.68E-15	1.02E-8	176	1E-30	1E10	1E10	1E-30	1E10	1E10	1E-30	1E10	1E10	1E-30	1E10	1E10	1E-30	1E10	1E10	1E-30	1E10	1E10	1E-30	1E10	1E10	1E-30	1E10	1E10	1E-30	1E10	1E10
64	1.71E-14	1E-30	1E-10	1E10	4.36E-9	0.07	1E10	1E-30	12300	1E10	6.36E-8	22.2	1E10	1.53E-7	181	1E10	2.25E-7	1040	2.68E-15	1.02E-8	176	1E-30	1E10	1E10	1E-30	1E10	1E10	1E-30	1E10	1E10	1E-30	1E10	1E10	1E-30	1E10	1E10	1E-30	1E10	1E10	1E-30	1E10	1E10	1E-30	1E10	1E10	1E-30	1E10	1E10
65	1.42E-14	1E-30	1E-10	1E10	4.54E-9	0.1	1E10	1E-30	1E4	1E10	4.94E-8	9.24	1E10	1.01E-7	147	1E10	3.26E-7	1460	1.9E-15	7.19E-9	88.2	1E-30	1E10	1E10	1E-30	1E10	1E10	1E-30	1E10	1E10	1E-30	1E10	1E10	1E-30	1E10	1E10	1E-30	1E10	1E10	1E-30	1E10	1E10	1E-30	1E10	1E10	1E-30	1E10	1E10
66	1.42E-14	1E-30	1E-10	1E10	4.54E-9	0.1	1E10	1E-30	1E4	1E10	4.94E-8	9.24	1E10	1.01E-7	147	1E10	3.26E-7	1460	1.9E-15	7.19E-9	88.2	1E-30	1E10	1E10	1E-30	1E10	1E10	1E-30	1E10	1E10	1E-30	1E10	1E10	1E-30	1E10	1E10	1E-30	1E10	1E10	1E-30	1E10	1E10	1E-30	1E10	1E10	1E-30	1E10	1E10
67	1.46E-14	1E-30	1E-10	1E10	4.62E-9	0.1	1E10	1E-30	13500	1E10	5.8E-8	11.9	1E10	1.06E-7	128	1E10	2.59E-7	1530	3.01E-15	1.14E-8	168	1E-30	1E10	1E10	1E-30	1E10	1E10	1E-30	1E10	1E10	1E-30	1E10	1E10	1E-30	1E10	1E10	1E-30	1E10	1E10	1E-30	1E10	1E10	1E-30	1E10	1E10	1E-30	1E10	1E10
68	1.46E-14	1E-30	1E-10	1E10	4.62E-9	0.1	1E10	1E-30	13500	1E10	5.8E-8	11.9	1E10	1.06E-7	128	1E10	2.59E-7	1530	3.01E-15	1.14E-8	168	1E-30	1E10	1E10	1E-30	1E10	1E10	1E-30	1E10	1E10	1E-30	1E10	1E10	1E-30	1E10	1E10	1E-30	1E10	1E10	1E-30	1E10	1E10	1E-30	1E10	1E10	1E-30	1E10	1E10
69	1.68E-14	1E-30	1E-10	1E10	4.78E-9	0.1	1E10	1E-30	12900	1E10	6.22E-8	11.9	1E10	1.01E-7	128	1E10	2.59E-7	1500	2.81E-15	1.06E-8	168	1E-30	1E10	1E10	1E-30	1E10	1E10	1E-30	1E10	1E10	1E-30	1E10	1E10	1E-30	1E10	1E10	1E-30	1E10	1E10	1E-30	1E10	1E10	1E-30	1E10	1E10	1E-30	1E10	1E10
70	1.68E-14	1E-30	1E-10	1E10	4.78E-9	0.1	1E10	1E-30	12900	1E10	6.22E-8	11.9	1E10	1.01E-7	128	1E10	2.59E-7	1500	2.81E-15	1.06E-8	168	1E-30	1E10	1E10	1E-30	1E10	1E10	1E-30	1E10	1E10	1E-30	1E10	1E10	1E-30	1E10	1E10	1E-30	1E10	1E10	1E-30	1E10	1E10	1E-30	1E10	1E10	1E-30	1E10	1E10
71	1.76E-14	1E-30	1E-10	1E10	4.73E-9	0.1	1E10	1E-30	11700	1E10	1.24E-7	47.3	1E10	1.33E-7	150	1E10	2.26E-7	1020	2.08E-15	7.89E-9	168	1E-30	1E10	1E10	1E-30	1E10	1E10	1E-30	1E10	1E10	1E-30	1E10	1E10	1E-30	1E10	1E10	1E-30	1E10	1E10	1E-30	1E10	1E10	1E-30	1E10	1E10	1E-30	1E10	1E10
72	1.76E-14	1E-30	1E-10	1E10	4.73E-9	0.1	1E10	1E-30	11700	1E10	1.24E-7	47.3	1E10	1.33E-7	150	1E10	2.26E-7	1020	2.08E-15	7.89E-9	168	1E-30	1E10	1E10	1E-30	1E10	1E10	1E-30	1E10	1E10	1E-30	1E10	1E10	1E-30	1E10	1E10	1E-30	1E10	1E10	1E-30	1E10	1E10	1E-30	1E10	1E10	1E-30	1E10	1E10
73	1.36E-14	1E-30	1E-10	1E10	4.76E-9	0.16	1E10	1E-30	15100	1E10	2.06E-7	47.3	1E10	1.11E-7	128	1E10	2.21E-7	1220	3.01E-15	1.14E-8	168	1E-30	1E10	1E10	1E-30	1E10	1E10	1E-30	1E10	1E10	1E-30	1E10	1E10	1E-30	1E10	1E10	1E-30	1E10	1E10	1E-30	1E10	1E10	1E-30	1E10	1E10	1E-30	1E10	1E10
74	1.36E-14	1E-30	1E-10	1E10	4.76E-9	0.16	1E10	1E-30	15100	1E10	2.06E-7	47.3	1E10	1.11E-7	128	1E10	2.21E-7	1220	3.01E-15	1.14E-8	168	1E-30	1E10	1E10	1E-30	1E10	1E10	1E-30	1E10	1E10	1E-30	1E10	1E10	1E-30	1E10	1E10	1E-30	1E10	1E10	1E-30	1E10	1E10	1E-30	1E10	1E10	1E-30	1E10	1E10
75	2.06E-14	1E-30	1E-10	1E10	4.91E-9	0.16	1E10	1E-30	15100	1E10	1.46E-7	38.4	1E10	1.06E-7	140	1E10	2.37E-7	1500	3.01E-15	1.14E-8	168	1E-30	1E10	1E10	1E-30	1E10	1E10	1E-30	1E10	1E10	1E-30	1E10	1E10	1E-30	1E10	1E10	1E-30	1E10	1E10	1E-30	1E10	1E10	1E-30	1E10	1E10	1E-30	1E10	1E10
76	2.06E-14	1E-30	1E-10	1E10	4.91E-9	0.16	1E10	1E-30	15100	1E10	1.46E-7	38.4	1E10	1.06E-7	140	1E10	2.37E-7	1500	3.01E-15	1.14E-8	168	1E-30	1E10	1E10	1E-30	1E10	1E10	1E-30	1E10	1E10	1E-30	1E10	1E10	1E-30	1E10	1E10	1E-30	1E10	1E10	1E-30	1E10	1E10	1E-30	1E10	1E10	1E-30	1E10	1E10
77	1.92E-14	1E-30	1E-10	1E10	4.99E-9	0.16	1E10	1E-30	16200	1E10	1.6E-7	24.8	1E10	1.02E-7	125	1E10	2.37E-7	1500	3.01E-15	1.14E-8	168	1E-30	1E10	1E10	1E-30	1E10	1E10	1E-30	1E10	1E10	1E-30	1E10	1E10	1E-30	1E10	1E10	1E-30	1E10	1E10	1E-30	1E10	1E10	1E-30	1E10	1E10	1E-30	1E10	1E10
78	1.92E-14	1E-30	1E-10	1E10	4.99E-9	0.16	1E10	1E-30	16200	1E10	1.6E-7	24.8	1E10	1.02E-7	125	1E10	2.37E-7	1500	3.01E-15	1.14E-8	168	1E-30	1E10	1E10	1E-30	1E10	1E10	1E-30	1E10	1E10	1E-30	1E10	1E10	1E-30	1E10	1E10	1E-30	1E10	1E10	1E-30	1E10	1E10	1E-30	1E10	1E10	1E-30	1E10	1E10
79	1.3E-14	1E-30	1E-10	1E10	5.23E-9	0.08	1E10	1E-30	12600	1E10	9.86E-8	21.1	1E10	1.02E-7	99.4	1E10	2.98E-7	1430	2.28E-15	8.65E-9	168	1E-30	1E10	1E10	1E-30	1E10	1E10	1E-30	1E10	1E10	1E-30	1E10	1E10	1E-30	1E10	1E10	1E-30	1E10	1E10	1E-30	1E10	1E10	1E-30	1E10	1E10	1E-30	1E10	1E10
80	1.3E-14	1E-30	1E-10	1E10	5.23E-9	0.08	1E10	1E-30	12600	1E10	9.86E-8	21.1	1E10	1.02E-7	99.4	1E10	2.98E-7	1430	2.28E-15	8.65E-9	168	1E-30	1E10	1E10	1E-30	1E10	1E10	1E-30	1E10	1E10	1E-30	1E10	1E10	1E-30	1E10	1E10	1E-30	1E10	1E10	1E-30	1E10	1E10	1E-30	1E10	1E10	1E-30	1E10	1E10
81	9.6E-15	1E-30	1E-10	1E10	5.4E-9	0.13	1E10	1E-30	20400	1E10	8.8E-8	23.1	1E10	1.09E-7	117	1E10	2.37E-7	1500	3.01E-15	1.14E-8	168	1E-30	1E10	1E10	1E-30	1E10	1E10	1E-30	1E10	1E10	1E-30	1E10	1E10	1E-30	1E10	1E10	1E-30	1E10	1E10	1E-30	1E10	1E10	1E-30	1E10	1E10	1E-30	1E10	1E10
82	9.6E-15	1E-30	1E-10	1E10	5.4E-9	0.13	1E10	1E-30	20400	1E10	8.8E-8	23.1	1E10	1.09E-7	117	1E10	2.37E-7	1500	3.01E-15	1.14E-8	168	1E-30	1E10	1E10	1E-30	1E10	1E10	1E-30	1E10	1E10	1E-30	1E10	1E10	1E-30	1E10	1E10	1E-30	1E10	1E10	1E-30	1E10	1E10	1E-30	1E10	1E10	1E-30	1E10	1E10
83	1.29E-14	1E-30	1E-10	1E10	5.38E-9	0.13	1E10	1E-30	20900	1E10	1.19E-7	23.1	1E10	1.06E-7	120	1E10	2.48E-7	1610	3.79E-15	1.44E-8	139	1E-30	1E10	1E10	1E-30	1E10	1E10	1E-30	1E10	1E10	1E-30	1E10	1E10	1E-30	1E10	1E10	1E-30	1E10	1E10	1E-30	1E10	1E10	1E-30	1E10	1E10	1E-30	1E10	1E10
84	1.29E-14	1E-30	1E-10	1E10	5.38E-9	0.13	1E10	1E-30	20900	1E10	1.19E-7	23.1	1E10	1.06E-7	120	1E10	2.48E-7	1610	3.79E-15	1.44E-8	139	1E-30	1E10	1E10	1E-30	1E10	1E10	1E-30	1E10	1E10	1E-30	1E10	1E10	1E-30	1E10	1E10	1E-30	1E10	1E10	1E-30	1E10	1E10	1E-30	1E10	1E10	1E-30	1E10	1E10
85	1.59E-14	1E-30	1E-10	1E10	5.5E-9	0.13	1E10	1E-30	18600	1E10	1.46E-7	23.1	1E10	1.04E-7	109	1E10	2.72E-7	1680	3.08E-15	1.17E-8	237	1E-30	1E10	1E10	1E-30	1E10	1E10	1E-30	1E10	1E10	1E-30	1E10	1E10	1E-30	1E10	1E10	1E-30	1E10	1E10	1E-30	1E10	1E10	1E-30	1E10	1E10	1E-30	1E10	1E10
86	1.59E-14	1E-30	1E-10	1E10	5.5E-9	0.13	1E10	1E-30	18600	1E10	1.46E-7	23.1	1E10	1.04E-7	109	1E10	2.72E-7	1680	3.08E-15	1.17E-8	237	1E-30	1E10	1E10	1E-30	1E10	1E10	1E-30	1E10	1E10	1E-30	1E10	1E10	1E-30	1E10	1E10	1E-30	1E10	1E10	1E-30	1E10	1E10	1E-30	1E10	1E10	1E-30	1E10	1E10
87	2.64E-14	1E-30	1E-10	1E10	5.59E-9	0.08	1E10	1E-30	21900	1E10	1.21E-7	29.1	1E10	1.14E-7	107	1E10	2.78E-7	1680	3.08E-15	1.17E-8	473	1E-30	1E10	1E10	1E-30	1E10	1E10	1E-30	1E10	1E10	1E-30	1E10	1E10	1E-30	1E10	1E10	1E-30	1E10	1E10	1E-30	1E10	1E10	1E-30	1E10	1E10	1E-30	1E10	1E10
88	2.64E-14	1E-30	1E-10	1E10	5.59E-9	0.08	1E10	1E-30	21900	1E10	1.21E-7	29.1	1E10	1.14E-7	107	1E10	2.78E-7	1680	3.08E-15	1.17E-8	473	1E-30	1E10	1E10	1E-30	1E10	1E10	1E-30	1E10	1E10	1E-30	1E10	1E10	1E-30	1E10	1E10	1E-30	1E10	1E10	1E-30	1E10	1E10	1E-30	1E10	1E10	1E-30	1E10	1E10
89	2.25E-14	1E-30	1E-10	1E10	5.78E-9	0.08	1E10	1E-30	19100	1E10	9.84E-8	23.6	1E10	1.14E-7	109	1E10	2.84E-7	1530	2.62E-15	1E-8	376	1E-30	1E10	1E10	1E-30	1E10	1E10	1E-30	1E10	1E10	1E-30	1E10	1E10	1E-30	1E10	1E10	1E-30	1E10	1E10	1E-30	1E10	1E10	1E-30	1E10	1E10	1E-30	1E10	1E10
90	2.25E-14	1E-30	1E-10	1E10	5.78E-9	0.08	1E10	1E-30	19100	1E10	9.84E-8	23.6	1E10	1.14E-7	109	1E10	2.84E-7	1530	2.62E-15	1E-8	376	1E-30	1E10	1E10	1E-30	1E10	1E10	1E-30	1E10	1E10	1E-30	1E10	1E10	1E-30	1E10	1E10	1E-30	1E10	1E10	1E-30	1E10	1E10	1E-30	1E10	1E10	1E-30	1E10	1E10
91	1.45E-14	1E-30	1E-10	1E10	6.15E-9	0.13	1E10	1E-30	14800	1E10	8.21E-8	10.3	1E10	1.19E-7	109	1E10	3.05E-7	1270	2.74E-15	1.05E-8	168	1E-30	1E10	1E10	1E-30	1E10	1E10	1E-30	1E10	1E10	1E-30	1E10	1E10	1E-30	1E10	1E10	1E-30	1E10	1E10	1E-30	1E10	1E10	1E-30	1E10	1E10	1E-30	1E10	1E10
92	1.45E-14	1E-30	1E-10	1E10	6.15E-9	0.13	1E10	1E-30	14800	1E10	8.21E-8	10.3	1E10	1.19E-7	109	1E10	3.05E-7	1270	2.74E-15	1.05E-8	168	1E-30	1E10	1E10	1E-30	1E10	1E10	1E-30	1E10	1E10	1E-30	1E10	1E10	1E-30	1E10	1E10	1E-30	1E10	1E10	1E-30	1E10	1E10	1E-30	1E10	1E10	1E-30	1E10	1E10
93	1.55E-14	1E-30	1E-10	1E10	6.19E-9	0.13	1E10	1E-30	14500	1E10	8.21E-8	10.3	1E10	1.22E-7	109	1E10	3.05E-7	1270	2.74E-15	1.05E-8	168	1E-30	1E10	1E10	1E-30	1E10	1E10	1E-30	1E10	1E10	1E-30	1E10	1E10	1E-30	1E10	1E10	1E-30	1E10	1E10	1E-30	1E10	1E10	1E-30	1E10	1E10	1E-30	1E10	1E10
94	1.55E-14	1E-30	1E-10	1E10	6.19E-9	0.13	1E10	1E-30	14500	1E10	8.21E-8	10.3	1E10	1.22E-7	109	1E10	3.05E-7	1270	2.74E-15	1.05E-8	168	1E-30	1E10	1E10	1E-30	1E10	1E10	1E-30	1E10	1E10	1E-30	1E10	1E10	1E-30	1E10	1E10	1E-30	1E10	1E10	1E-30	1E10	1E10	1E-30	1E10	1E10	1E-30	1E10	1E10
95	2.14E-14	1E-30	1E-10	1E10	6.24E-9	0.13	1E10	1E-30	14200	1E10	7.66E-8	11.3	1E10	1.14E-7	109	1E10	3.05E-7	1270	2.74E-15	1.05E-8	168	1E-30	1E10	1E10	1E-30	1E10	1E10	1E-30	1E10	1E10	1E-30	1E10	1E10	1E-30	1E10	1E10	1E-30	1E10	1E10	1E-30	1E10	1E10	1E-30	1E10	1E10	1E-30	1E10	1E10
96	2.14E-14	1E-30	1E-10	1E10	6.24E-9	0.13	1E10	1E-30	14200	1E10	7.66E-8	11.3	1E10	1.14E-7	109	1E10	3.05E-7	1270	2.74E-15	1.05E-8	168	1E-30	1E10	1E10	1E-30	1E10	1E10	1E-30	1E10	1E10	1E-30	1E10	1E10	1E-30	1E10	1E10	1E-30	1E10	1E10	1E-30	1E10	1E10	1E-30	1E10	1E10	1E-30	1E10	1E10
97	1.95E-14	1E-30	1E-10	1E10	6.39E-9	0.13	1E10	1E-30	16300	1E10	7.15E-8	11.3	1E10	1.25E-7	109	1E10	3.05E-7	1430	2.68E-15	1.03E-8	168	1E-30	1E10	1E10	1E-30	1E10	1E10	1E-30	1E10	1E10	1E-30	1E10	1E10	1E-30	1E10	1E10	1E-30	1E10	1E10	1E-30	1E10	1E10	1E-30	1E10	1E10	1E-30	1E10	1E10
98	1.95E-14	1E-30	1E-10	1E10	6.39E-9	0.13	1E10	1E-30	16300	1E10	7.15E-8	11.3	1E10	1.25E-7	109	1E10	3.05E-7	1430	2.68E-15	1.03E-8	168	1E-30	1E10	1E10	1E-30	1E10	1E10	1E-30	1E10	1E10	1E-30	1E10	1E10	1E-30	1E10	1E10	1E-30	1E10	1E10	1E-30	1E10	1E10	1E-30	1E10	1E10	1E-30	1E10	1E10
99	2.09E-14	1E-30	1E-10	1E10	6.4E-9	0.13	1E10	1E-30	13100	1E10	9.21E-8	11.8	1E10	1.11E-7	102	1E10	2.84E-7	1160	2.74E-15	1.05E-8	227	1E-30	1E10	1E10	1E-30	1E10	1E10	1E-30	1E10	1E10	1E-30	1E10	1E10	1E-30	1E10	1E10	1E-30	1E10	1E10	1E-30	1E10	1E10	1E-30	1E10	1E10	1E-30	1E10	1E10
100	2.09E-14	1E-30	1E-10	1E10	6.4E-9	0.13	1E10	1E-30	13100	1E10	9.21E-8	11.8	1E10	1.11E-7	102	1E10	2.84E-7	1160	2.74E-15	1.05E-8	227	1E-30	1E10	1E10	1E-30	1E10	1E10	1E-30	1E10	1E10	1E-30	1E10	1E10	1E-30	1E10	1E10	1E-30	1E10	1E10	1E-30	1E10	1E10	1E-30	1E10	1E10	1E-30	1E10	1E10
101	1.7E-14	1E-30	1E-10	1E10	6.01E-9	0.13	1E10	1E-30	14700	1E10	1.03E-7	16.3	1E10	1.28E-7	109	1E10	2.72E-7	1110	2.74E-15	1.05E-8	168	1E-30	1E10	1E10	1E-30	1E10	1E10	1E-30	1E10	1E10	1E-30	1E10	1E10	1E-30	1E10	1E10	1E-30	1E10	1E10	1E-30	1E10	1E10	1E-30	1E10	1E10	1E-30	1E10	1E10
102	1.7E-14	1E-30	1E-10	1E10	6.01E-9	0.13	1E10	1E-30	14700	1E10	1.03E-7	16.3	1E10	1.28E-7	109	1E10	2.72E-7	1110	2.74E-15	1.05E-8	168	1E-30	1E10	1E10	1E-30	1E10	1E10	1E-30	1E10	1E10	1E-30	1E10	1E10	1E-30	1E10	1E10	1E-30	1E10	1E10	1E-30	1E10	1E10	1E-30	1E10	1E10	1E-30	1E10	1E10
103	1.48E-14	1E-30	1E-10	1E10	6.51E-9	0.13	1E10	1E-30	15E3	1E10	9.42E-8	11.3	1E10	1.28E-7	109	1E10	2.91E-7	1190	2.74E-15	1.05E-8	168	1E-30	1E10	1E10	1E-30	1E10	1E10	1E-30	1E10	1E10	1E-30	1E10	1E10	1E-30	1E10	1E10	1E-30	1E10	1E10	1E-30	1E10	1E10	1E-30	1E10	1E10	1E-30	1E10	1E10
104	1.48E-14	1E-30	1E-10	1E10	6.51E-9	0.13	1E10	1E-30	15E3	1E10	9.42E-8	11.3	1E10	1.28E-7	109	1E10	2.91E-7	1190	2.74E-15	1.05E-8	168	1E-30	1E10	1E10	1E-30	1E10	1E10	1E-30	1E10	1E10	1E-30	1E10	1E10	1E-30	1E10	1E10	1E-30	1E10	1E10	1E-30	1E10	1E10	1E-30	1E10	1E10	1E-30	1E10	1E10
105	1.66E-14	1E-30	1E-10	1E10	6.56E-9	0.13	1E10	1E-30	15E3	1E10	9.42E-8	11.3	1E10	1.22E-7	104	1E10	2.78E-7	1190	2.74E-15	1.05E-8	168	1E-30	1E10	1E10	1E-30	1E10	1E10	1E-30	1E10	1E10	1E-30	1E10	1E10	1E-30	1E10	1E10	1E-30	1E10	1E10	1E-30	1E10	1E10	1E-30	1E10	1E10	1E-30	1E10	1E10
106	1.66E-14	1E-30	1E-10	1E10	6.56E-9	0.13	1E10	1E-30	15E3	1E10	9.42E-8	11.3	1E10	1.22E-7	104	1E10	2.78E-7	1190	2.74E-15	1.05E-8	168	1E-30	1E10	1E10	1E-30	1E10	1E10	1E-30	1E10	1E10	1E-30	1E10	1E10	1E-30	1E10	1E10	1E-30	1E10	1E10	1E-30	1E10	1E10	1E-30	1E10	1E10	1E-30	1E10	1E10
107	2.18E-14	1E-30	1E-10	1E10	6.8E-9	0.13	1E10	1E-30	15900	1E10	1.08E-7	11.6	1E10	1.09E-7	90.6	1E10	2.84E-7	1310	2.74E-15	1.05E-8	267	1E-30	1E10	1E10	1E-30	1E10	1E10	1E-30	1E10	1E10	1E-30	1E10	1E10	1E-30	1E10	1E10	1E-30	1E10	1E10	1E-30	1E10	1E10	1E-30	1E10	1E10	1E-30	1E10	1E10
108	2.18E-14	1E-30	1E-10	1E10	6.8E-9	0.13	1E10	1E-30	15900	1E10	1.08E-7	11.6	1E10	1.09E-7	90.6	1E10	2.84E-7	1310	2.74E-15	1.05E-8	267	1E-30	1E10	1E10	1E-30	1E10	1E10	1E-30	1E10	1E10	1E-30	1E10	1E10	1E-30	1E10	1E10	1E-30	1E10	1E10	1E-30	1E10	1E10	1E-30	1E10	1E10	1E-30	1E10	1E10
109	2.23E-14	1E-30	1E-10	1E10	6.92E-9	0.13	1E10	1E-30	17E3	1E10	1.01E-7	11.8	1E10	1.14E-7	88.5	1E10	2.91E-7	1280	2.94E-15	1.13E-8	185	1E-30	1E10	1E10	1E-30	1E10	1E10	1E-30	1E10	1E10	1E-30	1E10	1E10	1E-30	1E10	1E10	1E-30	1E10	1E10	1E-30	1E10	1E10	1E-30	1E10	1E10	1E-30	1E10	1E10
110	2.23E-14	1E-30	1E-10	1E10	6.92E-9	0.13	1E10	1E-30	17E3	1E10	1.01E-7	11.8	1E10	1.14E-7	88.5	1E10	2.91E-7	1280	2.94E-15	1.13E-8	185	1E-30	1E10	1E10	1E-30	1E10	1E10	1E-30	1E10	1E10	1E-30	1E10	1E10	1E-30	1E10	1E10	1E-30	1E10	1E10	1E-30	1E10	1E10	1E-30	1E10	1E10	1E-30	1E10	1E10
111	2.23E-14	1E-30	1E-10	1E10	7.01E-9	0.13	1E10	1E-30	17400	1E10	1.01E-7	11.8	1E10	1.19E-7	88.5	1E10	2.78E-7	1280	3.01E-15	1.16E-8	114	1E-30	1E10	1E10	1E-30	1E10	1E10	1E-30	1E10	1E10	1E-30	1E10	1E10	1E-30	1E10	1E10	1E-30	1E10	1E10	1E-30	1E10	1E10	1E-30	1E10	1E10	1E-30	1E10	1E10
112	2.23E-14	1E-30	1E-10	1E10	7.01E-9	0.13	1E10	1E-30	17400	1E10	1.01E-7	11.8	1E10	1.19E-7	88.5	1E10	2.78E-7	1280	3.01E-15	1.16E-8	114	1E-30	1E10	1E10	1E-30	1E10	1E10	1E-30	1E10	1E10	1E-30	1E10	1E10	1E-30	1E10	1E10	1E-30	1E10	1E10	1E-30	1E10	1E10	1E-30	1E10	1E10	1E-30	1E10	1E10
113	9.07E-15	1E-30	1E-10	1E10	7.25E-9	0.1	1E10	1E-30	19100	1E10	9.4E-8	12.6	1E10	1.31E-7	82.6	1E10	3.19E-7	1190	2.87E-15	1.11E-8	218	1E-30	1E10	1E10	1E-30	1E10	1E10	1E-30	1E10	1E10	1E-30	1E10	1E10	1E-30	1E10	1E10	1E-30	1E10	1E10	1E-30	1E10	1E10	1E-30	1E10	1E10	1E-30	1E10	1E10
114	9.07E-15	1E-30	1E-10	1E10	7.25E-9	0.1	1E10	1E-30	19100	1E10	9.4E-8	12.6	1E10	1.31E-7	82.6	1E10	3.19E-7	1190	2.87E-15	1.11E-8	218	1E-30	1E10	1E10	1E-30	1E10	1E10	1E-30	1E10	1E10	1E-30	1E10	1E10	1E-30	1E10	1E10	1E-30	1E10	1E10	1E-30	1E10	1E10	1E-30	1E10	1E10	1E-30	1E10	1E10
115	2.08E-14	1E-30	1E-10	1E10	7.17E-9	0.1	1E10	1E-30	17E3	1E10	1.49E-7	33	1E10	1.3E-7	99.3	1E10	3.05E-7	1220	3.01E-15	1.16E-8	151	1E-30	1E10	1E10	1E-30	1E10	1E10	1E-30	1E10	1E10	1E-30	1E10	1E10	1E-30	1E10	1E10	1E-30	1E10	1E10	1E-30	1E10	1E10	1E-30	1E10	1E10	1E-30	1E10	1E10
116	2.08E-14	1E-30	1E-10	1E10	7.17E-9	0.1	1E10	1E-30	17E3	1E10	1.49E-7	33	1E10	1.3E-7	99.3	1E10	3.05E-7	1220	3.01E-15	1.16E-8	151	1E-30	1E10	1E10	1E-30	1E10	1E10	1E-30	1E10	1E10	1E-30	1E10	1E10	1E-30	1E10	1E10	1E-30	1E10	1E10	1E-30	1E10	1E10	1E-30	1E10	1E10	1E-30	1E10	1E10
117	2.03E-14	1E-30	1E-10	1E10	7.28E-9	0.1	1E10	1E-30	17400	1E10	2.01E-7	41.6	1E10	1.19E-7	84.5	1E10	3.19E-7	1280	3.01E-15	1.16E-8	151	1E-30	1E10	1E10	1E-30	1E10	1E10	1E-30	1E10	1E10	1E-30	1E10	1E10	1E-30	1E10	1E10	1E-30	1E10	1E10	1E-30	1E10	1E10	1E-30	1E10	1E10	1E-30	1E10	1E10
118	2.03E-14	1E-30	1E-10	1E10	7.28E-9	0.1	1E10	1E-30	17400	1E10	2.01E-7	41.6	1E10	1.19E-7	84.5	1E10	3.19E-7	1280	3.01E-15	1.16E-8	151	1E-30	1E10	1E10	1E-30	1E10	1E10	1E-30	1E10	1E10	1E-30	1E10	1E10	1E-30	1E10	1E10	1E-30	1E10	1E10	1E-30	1E10	1E10	1E-30	1E10	1E10	1E-30	1E10	1E10
119	2.18E-14	1E-30	1E-10	1E10	7.45E-9	0.1	1E10	1E-30	17800	1E10	2.01E-7	41.6	1E10	1.11E-7	75.3	1E10	3.19E-7	1370	3.01E-15	1.16E-8	151	1E-30	1E10	1E10	1E-30	1E10	1E10	1E-30	1E10	1E10	1E-30	1E10	1E10	1E-30	1E10	1E10	1E-30	1E10	1E10	1E-30	1E10	1E10	1E-30	1E10	1E10	1E-30	1E10	1E10
120	2.18E-14	1E-30	1E-10	1E10	7.45E-9	0.1	1E10	1E-30	17800	1E10	2.01E-7	41.6	1E10	1.11E-7	75.3	1E10	3.19E-7	1370	3.01E-15	1.16E-8	151	1E-30	1E10	1E10	1E-30	1E10	1E10	1E-30	1E10	1E10	1E-30	1E10	1E10	1E-30	1E10	1E10	1E-30	1E10	1E10	1E-30	1E10	1E10	1E-30	1E10	1E10	1E-30	1E10	1E10
121	2.13E-14	1E-30	1E-10	1E10	7.91E-9	0.1	1E10	1E-30	17E3	1E10	1.71E-7	41.6	1E10	1.5E-7	71.9	1E10	2.31E-7	685	3.08E-15	1.19E-8	550	1E-30	1E10	1E10	1E-30	1E10	1E10	1E-30	1E10	1E10	1E-30	1E10	1E10	1E-30	1E10	1E10	1E-30	1E10	1E10	1E-30	1E10	1E10	1E-30	1E10	1E10	1E-30	1E10	1E10
122	2.13E-14	1E-30	1E-10	1E10	7.91E-9	0.1	1E10	1E-30	17E3	1E10	1.71E-7	41.6	1E10	1.5E-7	71.9	1E10	2.31E-7	685	3.08E-15	1.19E-8	550	1E-30	1E10	1E10	1E-30	1E10	1E10	1E-30	1E10	1E10	1E-30	1E10	1E10	1E-30	1E10	1E10	1E-30	1E10	1E10	1E-30	1E10	1E10	1E-30	1E10	1E10	1E-30	1E10	1E10
123	2.13E-14	1E-30	1E-10	1E10	8.04E-9	0.1	1E10	1E-30	17400	1E10	1.71E-7	41.6	1E10	1.5E-7	71.9	1E10	2.36E-7	701	3.08E-15	1.19E-8	550	1E-30	1E10	1E10	1E-30	1E10	1E10	1E-30	1E10	1E10	1E-30	1E10	1E10	1E-30	1E10	1E10	1E-30	1E10	1E10	1E-30	1E10	1E10	1E-30	1E10	1E10	1E-30	1E10	1E10
124	2.13E-14	1E-30	1E-10	1E10	8.04E-9	0.1	1E10	1E-30	17400	1E10	1.71E-7	41.6	1E10	1.5E-7	71.9	1E10	2.36E-7	701	3.08E-15	1.19E-8	550	1E-30	1E10	1E10	1E-30	1E10	1E10	1E-30	1E10	1E10	1E-30	1E10	1E10	1E-30	1E10	1E10	1E-30	1E10	1E10	1E-30	1E10	1E10	1E-30	1E10	1E10	1E-30	1E10	1E10
125	2.23E-14	1E-30	1E-10	1E10	8.16E-9	0.1	1E10	1E-30	15900	1E10	2.05E-7	51.2	1E10	1.43E-7	65.6	1E10	2.36E-7	685	3.08E-15	1.19E-8	872	1E-30	1E10	1E10	1E-30	1E10	1E10	1E-30	1E10	1E10	1E-30	1E10	1E10	1E-30	1E10	1E10	1E-30	1E10	1E10	1E-30	1E10	1E10	1E-30	1E10	1E10	1E-30	1E10	1E10
126	2.23E-14	1E-30	1E-10	1E10	8.16E-9	0.1	1E10	1E-30	15900	1E10	2.05E-7	51.2	1E10	1.43E-7	65.6	1E10	2.36E-7	685	3.08E-15	1.19E-8	872	1E-30	1E10	1E10	1E-30	1E10	1E10	1E-30	1E10	1E10	1E-30	1E10	1E10	1E-30	1E10	1E10	1E-30	1E10	1E10	1E-30	1E10	1E10	1E-30	1E10	1E10	1E-30	1E10	1E10
127	1.94E-14	1E-30	1E-10	1E10	8.3E-9	0.1	1E10	1E-30	19100	1E10	1.91E-7	31.6	1E10	1.43E-7	65.6	1E10	2.65E-7	751	3.08E-15	1.19E-8	437	1E-30	1E10	1E10	1E-30	1E10	1E10	1E-30	1E10	1E10	1E-30	1E10	1E10	1E-30	1E10	1E10	1E-30	1E10	1E10	1E-30	1E10	1E10	1E-30	1E10	1E10	1E-30	1E10	1E10
128	1.94E-14	1E-30	1E-10	1E10	8.3E-9	0.1	1E10	1E-30	19100	1E10	1.91E-7	31.6	1E10	1.43E-7	65.6	1E10	2.65E-7	751	3.08E-15	1.19E-8	437	1E-30	1E10	1E10	1E-30	1E10	1E10	1E-30	1E10	1E10	1E-30	1E10	1E10	1E-30	1E10	1E10	1E-30	1E10	1E10	1E-30	1E10	1E10	1E-30	1E10	1E10	1E-30	1E10	1E10
129	1.85E-14	1E-30	1E-10	1E10	8.44E-9	0.16	1E10	1E-30	24100	1E10	2.4E-7	30.9	1E10	1.16E-7	65.6	1E10	3.04E-7	1400	2.62E-15	1.4E-8	814	1E-30	1E10	1E10	1E-30	1E10	1E10	1E-30	1E10	1E10	1E-30	1E10	1E10	1E-30	1E10	1E10	1E-30	1E10	1E10	1E-30	1E10	1E10	1E-30	1E10	1E10	1E-30	1E10	1E10
130	1.85E-14	1E-30	1E-10	1E10	8.44E-9	0.16	1E10	1E-30	24100	1E10	2.4E-7	30.9	1E10	1.16E-7	65.6	1E10	3.04E-7	1400	2.62E-15	1.4E-8	814	1E-30	1E10	1E10	1E-30	1E10	1E10	1E-30	1E10	1E10	1E-30	1E10	1E10	1E-30	1E10	1E10	1E-30	1E10	1E10	1E-30	1E10	1E10	1E-30	1E10	1E10	1E-30	1E10	1E10
131	1.69E-14	1E-30	1E-10	1E10	8.56E-9	0.16	1E10	1E-30	18700	1E10	1.91E-7	31.6	1E10	1.53E-7	65.6	1E10	2.47E-7	768	3.08E-15	1.19E-8	437	1E-30	1E10	1E10	1E-30	1E10	1E10	1E-30	1E10	1E10	1E-30	1E10	1E10	1E-30	1E10	1E10	1E-30	1E10	1E10	1E-30	1E10	1E10	1E-30	1E10	1E10	1E-30	1E10	1E10
132	1.69E-14	1E-30	1E-10	1E10	8.56E-9	0.16	1E10	1E-30	18700	1E10	1.91E-7	31.6	1E10	1.53E-7	65.6	1E10	2.47E-7	768	3.08E-15	1.19E-8	437	1E-30	1E10	1E10	1E-30	1E10	1E10	1E-30	1E10	1E10	1E-30	1E10	1E10	1E-30	1E10	1E10	1E-30	1E10	1E10	1E-30	1E10	1E10	1E-30	1E10	1E10	1E-30	1E10	1E10
133	1.73E-14	1E-30	1E-10	1E10	8.69E-9	0.16	1E10	1E-30	2E4	1E10	1.87E-7	24.5	1E10	1.36E-7	62.6	1E10	2.59E-7	882	3.3E-15	1.28E-8	276	1E-30	1E10	1E10	1E-30	1E10	1E10	1E-30	1E10	1E10	1E-30	1E10	1E10	1E-30	1E10	1E10	1E-30	1E10	1E10	1E-30	1E10	1E10	1E-30	1E10	1E10	1E-30	1E10	1E10
134	1.73E-14	1E-30	1E-10	1E10	8.69E-9	0.16	1E10	1E-30	2E4	1E10	1.87E-7	24.5	1E10	1.36E-7	62.6	1E10	2.59E-7	882	3.3E-15	1.28E-8	276	1E-30	1E10	1E10	1E-30	1E10	1E10	1E-30	1E10	1E10	1E-30	1E10	1E10	1E-30	1E10	1E10	1E-30	1E10	1E10	1E-30	1E10	1E10	1E-30	1E10	1E10	1E-30	1E10	1E10
135	1.62E-14	1E-30	1E-10	1E10	8.76E-9	0.16	1E10	1E-30	21400	1E10	1.87E-7	24.5	1E10	1.56E-7	67.1	1E10	2.15E-7	669	3.7E-15	1.44E-8	276	1E-30	1E10	1E10	1E-30	1E10	1E10	1E-30	1E10	1E10	1E-30	1E10	1E10	1E-30	1E10	1E10	1E-30	1E10	1E10	1E-30	1E10	1E10	1E-30	1E10	1E10	1E-30	1E10	1E10
136	1.62E-14	1E-30	1E-10	1E10	8.76E-9	0.16	1E10	1E-30	21400	1E10	1.87E-7	24.5	1E10	1.56E-7	67.1	1E10	2.15E-7	669	3.7E-15	1.44E-8	276	1E-30	1E10	1E10	1E-30	1E10	1E10	1E-30	1E10	1E10	1E-30	1E10	1E10	1E-30	1E10	1E10	1E-30	1E10	1E10	1E-30	1E10	1E10	1E-30	1E10	1E10	1E-30	1E10	1E10
137	1.58E-14	1E-30	1E-10	1E10	9.02E-9	0.16	1E10	1E-30	21900	1E10	1.42E-7	24.5	1E10	1.6E-7	67.1	1E10	2.25E-7	669	3.7E-15	1.44E-8	174	1E-30	1E10	1E10	1E-30	1E10	1E10	1E-30	1E10	1E10	1E-30	1E10	1E10	1E-30	1E10	1E10	1E-30	1E10	1E10	1E-30	1E10	1E10	1E-30	1E10	1E10	1E-30	1E10	1E10
138	1.58E-14	1E-30	1E-10	1E10	9.02E-9	0.16	1E10	1E-30	21900	1E10	1.42E-7	24.5	1E10	1.6E-7	67.1	1E10	2.25E-7	669	3.7E-15	1.44E-8	174	1E-30	1E10	1E10	1E-30	1E10	1E10	1E-30	1E10	1E10	1E-30	1E10	1E10	1E-30	1E10	1E10	1E-30	1E10	1E10	1E-30	1E10	1E10	1E-30	1E10	1E10	1E-30	1E10	1E10
139	1.69E-14	1E-30	1E-10	1E10	9.02E-9	0.16	1E10	1E-30	2E4	1E10	2.01E-7	24.5	1E10	1.6E-7	67.1	1E10	2.25E-7	669	3.7E-15	1.44E-8	229	1E-30	1E10	1E10	1E-30	1E10	1E10	1E-30	1E10	1E10	1E-30	1E10	1E10	1E-30	1E10	1E10	1E-30	1E10	1E10	1E-30	1E10	1E10	1E-30	1E10	1E10	1E-30	1E10	1E10
140	1.69E-14	1E-30	1E-10	1E10	9.02E-9	0.16	1E10	1E-30	2E4	1E10	2.01E-7	24.5	1E10	1.6E-7	67.1	1E10	2.25E-7	669	3.7E-15	1.44E-8	229	1E-30	1E10	1E10	1E-30	1E10	1E10	1E-30	1E10	1E10	1E-30	1E10	1E10	1E-30	1E10	1E10	1E-30	1E10	1E10	1E-30	1E10	1E10	1E-30	1E10	1E10	1E-30	1E10	1E10
141	1.4E-14	1E-30	1E-10	1E10	8.7E-9	0.16	1E10	1E-30	21100	1E10	1.56E-7	81.4	1E10	3.02E-7	782	1E10	1.83E-6	11700	1.57E-15	3.07E-8	224	1E-30	1E10	1E10	1E-30	1E10	1E10	1E-30	1E10	1E10	1E-30	1E10	1E10	1E-30	1E10	1E10	1E-30	1E10	1E10	1E-30	1E10	1E10	1E-30	1E10	1E10	1E-30	1E10	1E10
142	1.4E-14	1E-30	1E-10	1E10	8.7E-9	0.16	1E10	1E-30	21100	1E10	1.56E-7	81.4	1E10	3.02E-7	782	1E10	1.83E-6	11700	1.57E-15	3.07E-8	224	1E-30	1E10	1E10	1E-30	1E10	1E10	1E-30	1E10	1E10	1E-30	1E10	1E10	1E-30	1E10	1E10	1E-30	1E10	1E10	1E-30	1E10	1E10	1E-30	1E10	1E10	1E-30	1E10	1E10
143	1.9E-14	1E-30	1E-10	1E10	9.25E-9	0.16	1E10	1E-30	17E3	1E10	2.01E-7	24.5	1E10	1.75E-7	67.1	1E10	2.15E-7	583	3.7E-15	1.44E-8	588	1E-30	1E10	1E10	1E-30	1E10	1E10	1E-30	1E10	1E10	1E-30	1E10	1E10	1E-30	1E10	1E10	1E-30	1E10	1E10	1E-30	1E10	1E10	1E-30	1E10	1E10	1E-30	1E10	1E10
144	1.9E-14	1E-30	1E-10	1E10	9.25E-9	0.16	1E10	1E-30	17E3	1E10	2.01E-7	24.5	1E10	1.75E-7	67.1	1E10	2.15E-7	583	3.7E-15	1.44E-8	588	1E-30	1E10	1E10	1E-30	1E10	1E10	1E-30	1E10	1E10	1E-30	1E10	1E10	1E-30	1E10	1E10	1E-30	1E10	1E10	1E-30	1E10	1E10	1E-30	1E10	1E10	1E-30	1E10	1E10
145	1.51E-14	1E-30	1E-10	1E10	9.19E-9	0.16	1E10	1E-30	19100	1E10	1.96E-7	24.5	1E10	2.26E-7	104	1E10	2.15E-7	532	3.96E-15	1.54E-8	186	1E-30	1E10	1E10	1E-30	1E10	1E10	1E-30	1E10	1E10	1E-30	1E10	1E10	1E-30	1E10	1E10	1E-30	1E10	1E10	1E-30	1E10	1E10	1E-30	1E10	1E10	1E-30	1E10	1E10
146	1.51E-14	1E-30	1E-10	1E10	9.19E-9	0.16	1E10	1E-30	19100	1E10	1.96E-7	24.5	1E10	2.26E-7	104	1E10	2.15E-7	532	3.96E-15	1.54E-8	186	1E-30	1E10	1E10	1E-30	1E10	1E10	1E-30	1E10	1E10	1E-30	1E10	1E10	1E-30	1E10	1E10	1E-30	1E10	1E10	1E-30	1E10	1E10	1E-30	1E10	1E10	1E-30	1E10	1E10
147	1.29E-14	1E-30	1E-10	1E10	9.51E-9	0.23	1E10	1E-30	21E3	1E10	1.39E-7	14.4	1E10	2.65E-7	107	1E10	2.15E-7	611	5.22E-15	1.17E-8	110	1E-30	1E10	1E10	1E-30	1E10	1E10	1E-30	1E10	1E10	1E-30	1E10	1E10	1E-30	1E10	1E10	1E-30	1E10	1E10	1E-30	1E10	1E10	1E-30	1E10	1E10	1E-30	1E10	1E10
148	1.29E-14	1E-30	1E-10	1E10	9.51E-9	0.23	1E10	1E-30	21E3	1E10	1.39E-7	14.4	1E10	2.65E-7	107	1E10	2.15E-7	611	5.22E-15	1.17E-8	110	1E-30	1E10	1E10	1E-30	1E10	1E10	1E-30	1E10	1E10	1E-30	1E10	1E10	1E-30	1E10	1E10	1E-30	1E10	1E10	1E-30	1E10	1E10	1E-30	1E10	1E10	1E-30	1E10	1E10
149	1.48E-14	1E-30	1E-10	1E10	1.05E-8	0.23	1E10	1E-30	17500	1E10	6.35E-8	5.24	1E10	1.92E-7	109	1E10	2.36E-7	702	5.1E-15	1.2E-8	182	1E-30	1E10	1E10	1E-30	1E10	1E10	1E-30	1E10	1E10	1E-30	1E10	1E10	1E-30	1E10	1E10	1E-30	1E10	1E10	1E-30	1E10	1E10	1E-30	1E10	1E10	1E-30	1E10	1E10
150	1.48E-14	1E-30	1E-10	1E10	1.05E-8	0.23	1E10	1E-30	17500	1E10	6.35E-8	5.24	1E10	1.92E-7	109	1E10	2.36E-7	702	5.1E-15	1.2E-8	182	1E-30	1E10	1E10	1E-30	1E10	1E10	1E-30	1E10	1E10	1E-30	1E10	1E10	1E-30	1E10	1E10	1E-30	1E10	1E10	1E-30	1E10	1E10	1E-30	1E10	1E10	1E-30	1E10	1E10
151	1.83E-14	1E-30	1E-10	1E10	1.05E-8	0.23	1E10	1E-30	15600	1E10	7.12E-8	5.24	1E10	3.26E-7	112	1E10	1.92E-7	413	4.55E-15	1.41E-8	263	1E-30	1E10	1E10	1E-30	1E10	1E10	1E-30	1E10	1E10	1E-30	1E10	1E10	1E-30	1E10	1E10	1E-30	1E10	1E10	1E-30	1E10	1E10	1E-30	1E10	1E10	1E-30	1E10	1E10
152	1.83E-14	1E-30	1E-10	1E10	1.05E-8	0.23	1E10	1E-30	15600	1E10	7.12E-8	5.24	1E10	3.26E-7	112	1E10	1.92E-7	413	4.55E-15	1.41E-8	263	1E-30	1E10	1E10	1E-30	1E10	1E10	1E-30	1E10	1E10	1E-30	1E10	1E10	1E-30	1E10	1E10	1E-30	1E10	1E10	1E-30	1E10	1E10	1E-30	1E10	1E10	1E-30	1E10	1E10
153	1.42E-14	1E-30	1E-10	1E10	9.7E-9	0.23	1E10	1E-30	14600	1E10	1.63E-7	41.6	1E10	4.83E-7	44.4	1E10	1.96E-7	432	5.22E-15	1.23E-8	182	1E-30	1E10	1E10	1E-30	1E10	1E10	1E-30	1E10	1E10	1E-30	1E10	1E10	1E-30	1E10	1E10	1E-30	1E10	1E10	1E-30	1E10	1E10	1E-30	1E10	1E10	1E-30	1E10	1E10
154	1.42E-14	1E-30	1E-10	1E10	9.7E-9	0.23	1E10	1E-30	14600	1E10	1.63E-7	41.6	1E10	4.83E-7	44.4	1E10	1.96E-7	432	5.22E-15	1.23E-8	182	1E-30	1E10	1E10	1E-30	1E10	1E10	1E-30	1E10	1E10	1E-30	1E10	1E10	1E-30	1E10	1E10	1E-30	1E10	1E10	1E-30	1E10	1E10	1E-30	1E10	1E10	1E-30	1E10	1E10
155	1.17E-14	1E-30	1E-10	1E10	1.01E-8	0.18	1E10	1E-30	24700	1E10	9.18E-8	24.5	1E10	6.37E-7	173	1E10	2.2E-7	583	5.22E-15	1.23E-8	182	1E-30	1E10	1E10	1E-30	1E10	1E10	1E-30	1E10	1E10	1E-30	1E10	1E10	1E-30	1E10	1E10	1E-30	1E10	1E10	1E-30	1E10	1E10	1E-30	1E10	1E10	1E-30	1E10	1E10
156	1.17E-14	1E-30	1E-10	1E10	1.01E-8	0.18	1E10	1E-30	24700	1E10	9.18E-8	24.5	1E10	6.37E-7	173	1E10	2.2E-7	583	5.22E-15	1.23E-8	182	1E-30	1E10	1E10	1E-30	1E10	1E10	1E-30	1E10	1E10	1E-30	1E10	1E10	1E-30	1E10	1E10	1E-30	1E10	1E10	1E-30	1E10	1E10	1E-30	1E10	1E10	1E-30	1E10	1E10
157	9.32E-15	1E-30	1E-10	1E10	1.07E-8	0.18	1E10	1E-30	16300	1E10	8.37E-8	9.54	1E10	2.31E-7	106	1E10	2.36E-7	544	4.15E-15	1.54E-8	229	1E-30	1E10	1E10	1E-30	1E10	1E10	1E-30	1E10	1E10	1E-30	1E10	1E10	1E-30	1E10	1E10	1E-30	1E10	1E10	1E-30	1E10	1E10	1E-30	1E10	1E10	1E-30	1E10	1E10
158	9.32E-15	1E-30	1E-10	1E10	1.07E-8	0.18	1E10	1E-30	16300	1E10	8.37E-8	9.54	1E10	2.31E-7	106	1E10	2.36E-7	544	4.15E-15	1.54E-8	229	1E-30	1E10	1E10	1E-30	1E10	1E10	1E-30	1E10	1E10	1E-30	1E10	1E10	1E-30	1E10	1E10	1E-30	1E10	1E10	1E-30	1E10	1E10	1E-30	1E10	1E10	1E-30	1E10	1E10
159	1.32E-14	1E-30	1E-10	1E10	1.04E-8	0.11	1E10	1E-30	23600	1E10	1.16E-7	26.8	1E10	1.88E-7	66.5	1E10	2.76E-7	824	3E-15	2.13E-8	380	1E-30	1E10	1E10	1E-30	1E10	1E10	1E-30	1E10	1E10	1E-30	1E10	1E10	1E-30	1E10	1E10	1E-30	1E10	1E10	1E-30	1E10	1E10	1E-30	1E10	1E10	1E-30	1E10	1E10
160	1.32E-14	1E-30	1E-10	1E10	1.04E-8	0.11	1E10	1E-30	23600	1E10	1.16E-7	26.8	1E10	1.88E-7	66.5	1E10	2.76E-7	824	3E-15	2.13E-8	380	1E-30	1E10	1E10	1E-30	1E10	1E10	1E-30	1E10	1E10	1E-30	1E10	1E10	1E-30	1E10	1E10	1E-30	1E10	1E10	1E-30	1E10	1E10	1E-30	1E10	1E10	1E-30	1E10	1E10
161	1.86E-14	1E-30	1E-10	1E10	1.03E-8	0.11	1E10	1E-30	18300	1E10	1.42E-7	37.1	1E10	3.19E-7	103	1E10	2.52E-7	596	3.87E-15	1.65E-8	229	1E-30	1E10	1E10	1E-30	1E10	1E10	1E-30	1E10	1E10	1E-30	1E10	1E10	1E-30	1E10	1E10	1E-30	1E10	1E10	1E-30	1E10	1E10	1E-30	1E10	1E10	1E-30	1E10	1E10
162	1.86E-14	1E-30	1E-10	1E10	1.03E-8	0.11	1E10	1E-30	18300	1E10	1.42E-7	37.1	1E10	3.19E-7	103	1E10	2.52E-7	596	3.87E-15	1.65E-8	229	1E-30	1E10	1E10	1E-30	1E10	1E10	1E-30	1E10	1E10	1E-30	1E10	1E10	1E-30	1E10	1E10	1E-30	1E10	1E10	1E-30	1E10	1E10	1E-30	1E10	1E10	1E-30	1E10	1E10
163	1.86E-14	1E-30	1E-10	1E10	9.95E-9	0.18	1E10	1E-30	17900	1E10	1.71E-7	67.4	1E10	1.8E-6	19200	1E10	2.52E-7	463	5.11E-16	2.74E-8	4470	1E-30	1E10	1E10	1E-30	1E10	1E10	1E-30	1E10	1E10	1E-30	1E10	1E10	1E-30	1E10	1E10	1E-30	1E10	1E10	1E-30	1E10	1E10	1E-30	1E10	1E10	1E-30	1E10	1E10
164	1.86E-14	1E-30	1E-10	1E10	9.95E-9	0.18	1E10	1E-30	17900	1E10	1.71E-7	67.4	1E10	1.8E-6	19200	1E10	2.52E-7	463	5.11E-16	2.74E-8	4470	1E-30	1E10	1E10	1E-30	1E10	1E10	1E-30	1E10	1E10	1E-30	1E10	1E10	1E-30	1E10	1E10	1E-30	1E10	1E10	1E-30	1E10	1E10	1E-30	1E10	1E10	1E-30	1E10	1E10
165	1.74E-14	1E-30	1E-10	1E10	1.01E-8	0.18	1E10	1E-30	17500	1E10	2.01E-7	75.7	1E10	8.22E-7	385	1E10	2.35E-7	532	1.73E-15	3.69E-8	892	1E-30	1E10	1E10	1E-30	1E10	1E10	1E-30	1E10	1E10	1E-30	1E10	1E10	1E-30	1E10	1E10	1E-30	1E10	1E10	1E-30	1E10	1E10	1E-30	1E10	1E10	1E-30	1E10	1E10
166	1.74E-14	1E-30	1E-10	1E10	1.01E-8	0.18	1E10	1E-30	17500	1E10	2.01E-7	75.7	1E10	8.22E-7	385	1E10	2.35E-7	532	1.73E-15	3.69E-8	892	1E-30	1E10	1E10	1E-30	1E10	1E10	1E-30	1E10	1E10	1E-30	1E10	1E10	1E-30	1E10	1E10	1E-30	1E10	1E10	1E-30	1E10	1E10	1E-30	1E10	1E10	1E-30	1E10	1E10
167	1.9E-14	1E-30	1E-10	1E10	1.02E-8	0.18	1E10	1E-30	17100	1E10	3.18E-7	107	1E10	3.67E-7	157	1E10	2.46E-7	520	1.65E-16	5.59E-9	1120	1E-30	1E10	1E10	1E-30	1E10	1E10	1E-30	1E10	1E10	1E-30	1E10	1E10	1E-30	1E10	1E10	1E-30	1E10	1E10	1E-30	1E10	1E10	1E-30	1E10	1E10	1E-30	1E10	1E10
168	1.9E-14	1E-30	1E-10	1E10	1.02E-8	0.18	1E10	1E-30	17100	1E10	3.18E-7	107	1E10	3.67E-7	157	1E10	2.46E-7	520	1.65E-16	5.59E-9	1120	1E-30	1E10	1E10	1E-30	1E10	1E10	1E-30	1E10	1E10	1E-30	1E10	1E10	1E-30	1E10	1E10	1E-30	1E10	1E10	1E-30	1E10	1E10	1E-30	1E10	1E10	1E-30	1E10	1E10
169	1.86E-14	1E-30	1E-10	1E10	1.01E-8	0.18	1E10	1E-30	15200	1E10	3.27E-7	143	1E10	1.05E-6	740	1E10	2.58E-7	571	1.85E-15	3.96E-8	892	1E-30	1E10	1E10	1E-30	1E10	1E10	1E-30	1E10	1E10	1E-30	1E10	1E10	1E-30	1E10	1E10	1E-30	1E10	1E10	1E-30	1E10	1E10	1E-30	1E10	1E10	1E-30	1E10	1E10
170	1.86E-14	1E-30	1E-10	1E10	1.01E-8	0.18	1E10	1E-30	15200	1E10	3.27E-7	143	1E10	1.05E-6	740	1E10	2.58E-7	571	1.85E-15	3.96E-8	892	1E-30	1E10	1E10	1E-30	1E10	1E10	1E-30	1E10	1E10	1E-30	1E10	1E10	1E-30	1E10	1E10	1E-30	1E10	1E10	1E-30	1E10	1E10	1E-30	1E10	1E10	1E-30	1E10	1E10
171	1.62E-14	1E-30	1E-10	1E10	1.05E-8	0.18	1E10	1E-30	19600	1E10	2.15E-7	72.3	1E10	4.02E-7	130	1E10	2.7E-7	718	1.85E-15	3.96E-8	892	1E-30	1E10	1E10	1E-30	1E10	1E10	1E-30	1E10	1E10	1E-30	1E10	1E10	1E-30	1E10	1E10	1E-30	1E10	1E10	1E-30	1E10	1E10	1E-30	1E10	1E10	1E-30	1E10	1E10
172	1.62E-14	1E-30	1E-10	1E10	1.05E-8	0.18	1E10	1E-30	19600	1E10	2.15E-7	72.3	1E10	4.02E-7	130	1E10	2.7E-7	718	1.85E-15	3.96E-8	892	1E-30	1E10	1E10	1E-30	1E10	1E10	1E-30	1E10	1E10	1E-30	1E10	1E10	1E-30	1E10	1E10	1E-30	1E10	1E10	1E-30	1E10	1E10	1E-30	1E10	1E10	1E-30	1E10	1E10
173	1.82E-14	1E-30	1E-10	1E10	1.3E-8	0.18	1E10	1E-30	17100	1E10	5.04E-8	3.02	1E10	2.59E-7	84.2	1E10	2.3E-7	485	3.87E-15	1.5E-8	389	1E-30	1E10	1E10	1E-30	1E10	1E10	1E-30	1E10	1E10	1E-30	1E10	1E10	1E-30	1E10	1E10	1E-30	1E10	1E10	1E-30	1E10	1E10	1E-30	1E10	1E10	1E-30	1E10	1E10
174	1.82E-14	1E-30	1E-10	1E10	1.3E-8	0.18	1E10	1E-30	17100	1E10	5.04E-8	3.02	1E10	2.59E-7	84.2	1E10	2.3E-7	485	3.87E-15	1.5E-8	389	1E-30	1E10	1E10	1E-30	1E10	1E10	1E-30	1E10	1E10	1E-30	1E10	1E10	1E-30	1E10	1E10	1E-30	1E10	1E10	1E-30	1E10	1E10	1E-30	1E10	1E10	1E-30	1E10	1E10
175	1.41E-14	1E-30	1E-10	1E10	1.19E-8	0.18	1E10	1E-30	17100	1E10	7.99E-8	6.16	1E10	3.5E-7	84.2	1E10	2.1E-7	394	3.87E-15	1.5E-8	389	1E-30	1E10	1E10	1E-30	1E10	1E10	1E-30	1E10	1E10	1E-30	1E10	1E10	1E-30	1E10	1E10	1E-30	1E10	1E10	1E-30	1E10	1E10	1E-30	1E10	1E10	1E-30	1E10	1E10
176	1.41E-14	1E-30	1E-10	1E10	1.19E-8	0.18	1E10	1E-30	17100	1E10	7.99E-8	6.16	1E10	3.5E-7	84.2	1E10	2.1E-7	394	3.87E-15	1.5E-8	389	1E-30	1E10	1E10	1E-30	1E10	1E10	1E-30	1E10	1E10	1E-30	1E10	1E10	1E-30	1E10	1E10	1E-30	1E10	1E10	1E-30	1E10	1E10	1E-30	1E10	1E10	1E-30	1E10	1E10
177	1.54E-14	1E-30	1E-10	1E10	1.17E-8	0.18	1E10	1E-30	18E3	1E10	8.76E-8	21.9	1E10	3.31E-7	635	1E10	1.24E-6	4540	1.61E-15	3.44E-8	892	1E-30	1E10	1E10	1E-30	1E10	1E10	1E-30	1E10	1E10	1E-30	1E10	1E10	1E-30	1E10	1E10	1E-30	1E10	1E10	1E-30	1E10	1E10	1E-30	1E10	1E10	1E-30	1E10	1E10
178	1.54E-14	1E-30	1E-10	1E10	1.17E-8	0.18	1E10	1E-30	18E3	1E10	8.76E-8	21.9	1E10	3.31E-7	635	1E10	1.24E-6	4540	1.61E-15	3.44E-8	892	1E-30	1E10	1E10	1E-30	1E10	1E10	1E-30	1E10	1E10	1E-30	1E10	1E10	1E-30	1E10	1E10	1E-30	1E10	1E10	1E-30	1E10	1E10	1E-30	1E10	1E10	1E-30	1E10	1E10
179	1.09E-14	1E-30	1E-10	1E10	1.19E-8	0.2	1E10	1E-30	25400	1E10	1.49E-7	72.5	1E10	4.9E-7	1490	1E10	3.56E-6	3E4	1.57E-15	3.36E-8	282	1E-30	1E10	1E10	1E-30	1E10	1E10	1E-30	1E10	1E10	1E-30	1E10	1E10	1E-30	1E10	1E10	1E-30	1E10	1E10	1E-30	1E10	1E10	1E-30	1E10	1E10	1E-30	1E10	1E10
180	1.09E-14	1E-30	1E-10	1E10	1.19E-8	0.2	1E10	1E-30	25400	1E10	1.49E-7	72.5	1E10	4.9E-7	1490	1E10	3.56E-6	3E4	1.57E-15	3.36E-8	282	1E-30	1E10	1E10	1E-30	1E10	1E10	1E-30	1E10	1E10	1E-30	1E10	1E10	1E-30	1E10	1E10	1E-30	1E10	1E10	1E-30	1E10	1E10	1E-30	1E10	1E10	1E-30	1E10	1E10
181	1.28E-14	1E-30	1E-10	1E10	1.26E-8	0.2	1E10	1E-30	22600	1E10	1.83E-7	79.5	1E10	4.57E-7	1130	1E10	3.56E-6	12E3	1.61E-15	3.44E-8	282	1E-30	1E10	1E10	1E-30	1E10	1E10	1E-30	1E10	1E10	1E-30	1E10	1E10	1E-30	1E10	1E10	1E-30	1E10	1E10	1E-30	1E10	1E10	1E-30	1E10	1E10	1E-30	1E10	1E10
182	1.28E-14	1E-30	1E-10	1E10	1.26E-8	0.2	1E10	1E-30	22600	1E10	1.83E-7	79.5	1E10	4.57E-7	1130	1E10	3.56E-6	12E3	1.61E-15	3.44E-8	282	1E-30	1E10	1E10	1E-30	1E10	1E10	1E-30	1E10	1E10	1E-30	1E10	1E10	1E-30	1E10	1E10	1E-30	1E10	1E10	1E-30	1E10	1E10	1E-30	1E10	1E10	1E-30	1E10	1E10
183	1.17E-14	1E-30	1E-10	1E10	1.4E-8	0.24	1E10	1E-30	21600	1E10	2.3E-7	100	1E10	7.59E-7	1450	1E10	8.94E-7	2550	1.22E-15	2.61E-8	355	1E-30	1E10	1E10	1E-30	1E10	1E10	1E-30	1E10	1E10	1E-30	1E10	1E10	1E-30	1E10	1E10	1E-30	1E10	1E10	1E-30	1E10	1E10	1E-30	1E10	1E10	1E-30	1E10	1E10
184	1.17E-14	1E-30	1E-10	1E10	1.4E-8	0.24	1E10	1E-30	21600	1E10	2.3E-7	100	1E10	7.59E-7	1450	1E10	8.94E-7	2550	1.22E-15	2.61E-8	355	1E-30	1E10	1E10	1E-30	1E10	1E10	1E-30	1E10	1E10	1E-30	1E10	1E10	1E-30	1E10	1E10	1E-30	1E10	1E10	1E-30	1E10	1E10	1E-30	1E10	1E10	1E-30	1E10	1E10
185	1.73E-14	1E-30	1E-10	1E10	1.45E-8	0.24	1E10	1E-30	31200	1E10	1.83E-7	79.5	1E10	4.9E-7	1490	1E10	3.56E-6	24400	1.61E-15	3.44E-8	282	1E-30	1E10	1E10	1E-30	1E10	1E10	1E-30	1E10	1E10	1E-30	1E10	1E10	1E-30	1E10	1E10	1E-30	1E10	1E10	1E-30	1E10	1E10	1E-30	1E10	1E10	1E-30	1E10	1E10
186	1.73E-14	1E-30	1E-10	1E10	1.45E-8	0.24	1E10	1E-30	31200	1E10	1.83E-7	79.5	1E10	4.9E-7	1490	1E10	3.56E-6	24400	1.61E-15	3.44E-8	282	1E-30	1E10	1E10	1E-30	1E10	1E10	1E-30	1E10	1E10	1E-30	1E10	1E10	1E-30	1E10	1E10	1E-30	1E10	1E10	1E-30	1E10	1E10	1E-30	1E10	1E10	1E-30	1E10	1E10
187	1.41E-14	1E-30	1E-10	1E10	1.54E-8	0.34	1E10	1E-30	32700	1E10	2.31E-7	126	1E10	7.42E-7	2420	1E10	3.56E-6	24400	1.61E-15	3.44E-8	282	1E-30	1E10	1E10	1E-30	1E10	1E10	1E-30	1E10	1E10	1E-30	1E10	1E10	1E-30	1E10	1E10	1E-30	1E10	1E10	1E-30	1E10	1E10	1E-30	1E10	1E10	1E-30	1E10	1E10
188	1.41E-14	1E-30	1E-10	1E10	1.54E-8	0.34	1E10	1E-30	32700	1E10	2.31E-7	126	1E10	7.42E-7	2420	1E10	3.56E-6	24400	1.61E-15	3.44E-8	282	1E-30	1E10	1E10	1E-30	1E10	1E10	1E-30	1E10	1E10	1E-30	1E10	1E10	1E-30	1E10	1E10	1E-30	1E10	1E10	1E-30	1E10	1E10	1E-30	1E10	1E10	1E-30	1E10	1E10
189	1.38E-14	1E-30	1E-10	1E10	1.67E-8	0.27	1E10	1E-30	45100	1E10	2.59E-7	145	1E10	7.42E-7	2420	1E10	3.56E-6	24400	1.61E-15	3.44E-8	282	1E-30	1E10	1E10	1E-30	1E10	1E10	1E-30	1E10	1E10	1E-30	1E10	1E10	1E-30	1E10	1E10	1E-30	1E10	1E10	1E-30	1E10	1E10	1E-30	1E10	1E10	1E-30	1E10	1E10
190	1.38E-14	1E-30	1E-10	1E10	1.67E-8	0.27	1E10	1E-30	45100	1E10	2.59E-7	145	1E10	7.42E-7	2420	1E10	3.56E-6	24400	1.61E-15	3.44E-8	282	1E-30	1E10	1E10	1E-30	1E10	1E10	1E-30	1E10	1E10	1E-30	1E10	1E10	1E-30	1E10	1E10	1E-30	1E10	1E10	1E-30	1E10	1E10	1E-30	1E10	1E10	1E-30	1E10	1E10
191	1.41E-14	1E-30	1E-10	1E10	1.84E-8	0.38	1E10	1E-30	50600	1E10	4.11E-7	290	1E10	7.77E-7	2420	1E10	3.56E-6	24400	1.61E-15	3.44E-8	282	1E-30	1E10	1E10	1E-30	1E10	1E10	1E-30	1E10	1E10	1E-30	1E10	1E10	1E-30	1E10	1E10	1E-30	1E10	1E10	1E-30	1E10	1E10	1E-30	1E10	1E10	1E-30	1E10	1E10
192	1.41E-14	1E-30	1E-10	1E10	1.84E-8	0.38	1E10	1E-30	50600	1E10	4.11E-7	290	1E10	7.77E-7	2420	1E10	3.56E-6	24400	1.61E-15	3.44E-8	282	1E-30	1E10	1E10	1E-30	1E10	1E10	1E-30	1E10	1E10	1E-30	1E10	1E10	1E-30	1E10	1E10	1E-30	1E10	1E10	1E-30	1E10	1E10	1E-30	1E10	1E10	1E-30	1E10	1E10
193	1.51E-14	1E-30	1E-10	1E10	1.94E-8	0.6	1E10	1E-30	82E3	1E10	4.72E-7	290	1E10	7.77E-7	2480	1E10	2.3E-6	24400	1.61E-15	3.44E-8	282	1E-30	1E10	1E10	1E-30	1E10	1E10	1E-30	1E10	1E10	1E-30	1E10	1E10	1E-30	1E10	1E10	1E-30	1E10	1E10	1E-30	1E10	1E10	1E-30	1E10	1E10	1E-30	1E10	1E10
194	1.51E-14	1E-30	1E-10	1E10	1.94E-8	0.6	1E10	1E-30	82E3	1E10	4.72E-7	290	1E10	7.77E-7	2480	1E10	2.3E-6	24400	1.61E-15	3.44E-8	282	1E-30	1E10	1E10	1E-30	1E10	1E10	1E-30	1E10	1E10	1E-30	1E10	1E10	1E-30	1E10	1E10	1E-30	1E10	1E10	1E-30	1E10	1E10	1E-30	1E10	1E10	1E-30	1E10	1E10
195	1.38E-14	1E-30	1E-10	1E10	2.06E-8	0.4	1E10	1E-30	69800	1E10	3.84E-7	215	1E10	7.59E-7	1840	1E10	2.3E-6	24400	1.84E-15	3.77E-8	174	1E-30	1E10	1E10	1E-30	1E10	1E10	1E-30	1E10	1E10	1E-30	1E10	1E10	1E-30	1E10	1E10	1E-30	1E10	1E10	1E-30	1E10	1E10	1E-30	1E10	1E10	1E-30	1E10	1E10
196	1.38E-14	1E-30	1E-10	1E10	2.06E-8	0.4	1E10	1E-30	69800	1E10	3.84E-7	215	1E10	7.59E-7	1840	1E10	2.3E-6	24400	1.84E-15	3.77E-8	174	1E-30	1E10	1E10	1E-30	1E10	1E10	1E-30	1E10	1E10	1E-30	1E10	1E10	1E-30	1E10	1E10	1E-30	1E10	1E10	1E-30	1E10	1E10	1E-30	1E10	1E10	1E-30	1E10	1E10
197	1.09E-14	1E-30	1E-10	1E10	2.27E-8	0.45	1E10	1E-30	94200	1E10	3.92E-7	317	1E10	1.51E-6	6070	1E10	2.89E-6	32200	2.22E-15	3.6E-8	178	1E-30	1E10	1E10	1E-30	1E10	1E10	1E-30	1E10	1E10	1E-30	1E10	1E10	1E-30	1E10	1E10	1E-30	1E10	1E10	1E-30	1E10	1E10	1E-30	1E10	1E10	1E-30	1E10	1E10
198	1.09E-14	1E-30	1E-10	1E10	2.27E-8	0.45	1E10	1E-30	94200	1E10	3.92E-7	317	1E10	1.51E-6	6070	1E10	2.89E-6	32200	2.22E-15	3.6E-8	178	1E-30	1E10	1E10	1E-30	1E10	1E10	1E-30	1E10	1E10	1E-30	1E10	1E10	1E-30	1E10	1E10	1E-30	1E10	1E10	1E-30	1E10	1E10	1E-30	1E10	1E10	1E-30	1E10	1E10
199	1.2E-14	1E-30	1E-10	1E10	2.34E-8	0.71	1E10	1E-30	13E4	1E10	6.08E-7	578	1E10	1E-6	3340	1E10	2.3E-6	49900	2.38E-15	3.21E-8	141	1E-30	1E10	1E10	1E-30	1E10	1E10	1E-30	1E10	1E10	1E-30	1E10	1E10	1E-30	1E10	1E10	1E-30	1E10	1E10	1E-30	1E10	1E10	1E-30	1E10	1E10	1E-30	1E10	1E10
200	1.2E-14	1E-30	1E-10	1E10	2.34E-8	0.71	1E10	1E-30	13E4	1E10	6.08E-7	578	1E10	1E-6	3340	1E10	2.3E-6	49900	2.38E-15	3.21E-8	141	1E-30	1E10	1E10	1E-30	1E10	1E10	1E-30	1E10	1E10	1E-30	1E10	1E10	1E-30	1E10	1E10	1E-30	1E10	1E10	1E-30	1E10	1E10	1E-30	1E10	1E10	1E-30	1E10	1E10
201	1.41E-14	1E-30	1E-10	1E10	2.45E-8	0.72	1E10	1E-30	98500	1E10	6.08E-7	578	1E10	1.2E-6	3840	1E10	2.35E-6	39600	1.97E-15	3.85E-8	178	1E-30	1E10	1E10	1E-30	1E10	1E10	1E-30	1E10	1E10	1E-30	1E10	1E10	1E-30	1E10	1E10	1E-30	1E10	1E10	1E-30	1E10	1E10	1E-30	1E10	1E10	1E-30	1E10	1E10
202	1.41E-14	1E-30	1E-10	1E10	2.45E-8	0.72	1E10	1E-30	98500	1E10	6.08E-7	578	1E10	1.2E-6	3840	1E10	2.35E-6	39600	1.97E-15	3.85E-8	178	1E-30	1E10	1E10	1E-30	1E10	1E10	1E-30	1E10	1E10	1E-30	1E10	1E10	1E-30	1E10	1E10	1E-30	1E10	1E10	1E-30	1E10	1E10	1E-30	1E10	1E10	1E-30	1E10	1E10
203	1.44E-14	1E-30	1E-10	1E10	2.57E-8	0.73	1E10	1E-30	98500	1E10	6.82E-7	649	1E10	1.32E-6	4210	1E10	2.35E-6	49900	1.89E-15	4.23E-8	269	1E-30	1E10	1E10	1E-30	1E10	1E10	1E-30	1E10	1E10	1E-30	1E10	1E10	1E-30	1E10	1E10	1E-30	1E10	1E10	1E-30	1E10	1E10	1E-30	1E10	1E10	1E-30	1E10	1E10
204	1.44E-14	1E-30	1E-10	1E10	2.57E-8	0.73	1E10	1E-30	98500	1E10	6.82E-7	649	1E10	1.32E-6	4210	1E10	2.35E-6	49900	1.89E-15	4.23E-8	269	1E-30	1E10	1E10	1E-30	1E10	1E10	1E-30	1E10	1E10	1E-30	1E10	1E10	1E-30	1E10	1E10	1E-30	1E10	1E10	1E-30	1E10	1E10	1E-30	1E10	1E10	1E-30	1E10	1E10
205	1.3E-14	1E-30	1E-10	1E10	2.81E-8	0.73	1E10	1E-30	73E3	1E10	2.45E-6	186	1E10	5.67E-7	391	1E10	1.09E-6	4950	1.43E-15	6.69E-8	186	1E-30	1E10	1E10	1E-30	1E10	1E10	1E-30	1E10	1E10	1E-30	1E10	1E10	1E-30	1E10	1E10	1E-30	1E10	1E10	1E-30	1E10	1E10	1E-30	1E10	1E10	1E-30	1E10	1E10
206	1.3E-14	1E-30	1E-10	1E10	2.81E-8	0.73	1E10	1E-30	73E3	1E10	2.45E-6	186	1E10	5.67E-7	391	1E10	1.09E-6	4950	1.43E-15	6.69E-8	186	1E-30	1E10	1E10	1E-30	1E10	1E10	1E-30	1E10	1E10	1E-30	1E10	1E10	1E-30	1E10	1E10	1E-30	1E10	1E10	1E-30	1E10	1E10	1E-30	1E10	1E10	1E-30	1E10	1E10
207	1.12E-14	1E-30	1E-10	1E10	3.41E-8	0.85	1E10	1E-30	167E5	1E10	6.66E-7	382	1E10	1.26E-6	3670	1E10	1.78E-6	40500	2.37E-15	5.32E-8	370	1E-30	1E10	1E10	1E-30	1E10	1E10	1E-30	1E10	1E10	1E-30	1E10	1E10	1E-30	1E10	1E10	1E-30	1E10	1E10	1E-30	1E10	1E10	1E-30	1E10	1E10	1E-30	1E10	1E10
208	1.12E-14	1E-30	1E-10	1E10	3.41E-8	0.85	1E10	1E-30	167E5	1E10	6.66E-7	382	1E10	1.26E-6	3670	1E10	1.78E-6	40500	2.37E-15	5.32E-8	370	1E-30	1E10	1E10	1E-30	1E10	1E10	1E-30	1E10	1E10	1E-30	1E10	1E10	1E-30	1E10	1E10	1E-30	1E10	1E10	1E-30	1E10	1E10	1E-30	1E10	1E10	1E-30	1E10	1E10
END DSCRDATA
