BEGIN DSCRDATA
% INDEX	K01	L01	M01	K02	L02	M02	K03	L03	M03	K04	L04	M04	K05	L05	M05	K06	L06	M06	K07	L07	M07	K08	L08	M08	K09	L09	M09	K10	L10	M10	K11	L11	M11	K12	L12	M12	K13	L13	M13	K14	L14	M14	K15	L15	M15	K16	L16	M16
0	0	0	0	0	0	0	0	0	0	0	0	0	0	0	0	0	0	0	0	0	0	0	0	0	0	0	0	0	0	0	0	0	0	0	0	0	0	0	0	0	0	0	0	0	0	0	0	0
1	2.87E-14	1E-30	1E-10	1E10	2.96E-9	0.013	1E10	1E-30	4400	1E10	2.67E-8	2.47	1E10	5.23E-8	20.8	1E10	1.23E-7	692	1E-30	1E10	1E10	1E-30	1E10	1E10	1E-30	1E10	1E10	1E-30	1E10	1E10	1E-30	1E10	1E10	1E-30	1E10	1E10	1E-30	1E10	1E10	1E-30	1E10	1E10	1E-30	1E10	1E10	1E-30	1E10	1E10
2	2.74E-14	1E-30	1E-10	1E10	3.4E-9	0.0252	1E10	1E-30	4110	1E10	5.47E-8	11.8	1E10	1.05E-7	116	1E10	2.13E-7	1600	1E-30	1E10	1E10	1E-30	1E10	1E10	1E-30	1E10	1E10	1E-30	1E10	1E10	1E-30	1E10	1E10	1E-30	1E10	1E10	1E-30	1E10	1E10	1E-30	1E10	1E10	1E-30	1E10	1E10	1E-30	1E10	1E10
3	4.98E-14	1E-30	1E-10	1E10	6.78E-9	0.023	1E10	1E-30	10100	1E10	1.44E-7	11.8	1E10	2.05E-7	88	1E10	3.7E-7	1790	4.68E-16	2.23E-7	301	1E-30	1E10	1E10	1E-30	1E10	1E10	1E-30	1E10	1E10	1E-30	1E10	1E10	1E-30	1E10	1E10	1E-30	1E10	1E10	1E-30	1E10	1E10	1E-30	1E10	1E10	1E-30	1E10	1E10
4	7.03E-14	1E-30	1E-10	1E10	7.26E-9	0.031	1E10	1E-30	16400	1E10	9.78E-8	14.1	1E10	3.24E-7	636	1E10	3.96E-7	7330	3.89E-16	2.23E-7	301	1E-30	1E10	1E10	1E-30	1E10	1E10	1E-30	1E10	1E10	1E-30	1E10	1E10	1E-30	1E10	1E10	1E-30	1E10	1E10	1E-30	1E10	1E10	1E-30	1E10	1E10	1E-30	1E10	1E10
5	7.89E-14	1E-30	1E-10	1E10	8.53E-9	0.071	1E10	1E-30	16400	1E10	9.75E-8	14.9	1E10	3.22E-7	521	1E10	4.83E-7	6200	3.89E-16	2.23E-7	301	1E-30	1E10	1E10	1E-30	1E10	1E10	1E-30	1E10	1E10	1E-30	1E10	1E10	1E-30	1E10	1E10	1E-30	1E10	1E10	1E-30	1E10	1E10	1E-30	1E10	1E10	1E-30	1E10	1E10
6	7.89E-14	1E-30	1E-10	1E10	8.53E-9	0.071	1E10	1E-30	16400	1E10	9.75E-8	14.9	1E10	3.22E-7	521	1E10	4.83E-7	6200	3.89E-16	2.23E-7	301	1E-30	1E10	1E10	1E-30	1E10	1E10	1E-30	1E10	1E10	1E-30	1E10	1E10	1E-30	1E10	1E10	1E-30	1E10	1E10	1E-30	1E10	1E10	1E-30	1E10	1E10	1E-30	1E10	1E10
7	4.98E-14	1E-30	1E-10	1E10	1.15E-8	0.033	1E10	1E-30	16400	1E10	1.41E-7	9.63	1E10	3.96E-7	261	1E10	7.66E-7	4490	7.58E-16	4.16E-7	301	1E-30	1E10	1E10	1E-30	1E10	1E10	1E-30	1E10	1E10	1E-30	1E10	1E10	1E-30	1E10	1E10	1E-30	1E10	1E10	1E-30	1E10	1E10	1E-30	1E10	1E10	1E-30	1E10	1E10
8	4.98E-14	1E-30	1E-10	1E10	1.15E-8	0.033	1E10	1E-30	16400	1E10	1.41E-7	9.63	1E10	3.96E-7	261	1E10	7.66E-7	4490	7.58E-16	4.16E-7	301	1E-30	1E10	1E10	1E-30	1E10	1E10	1E-30	1E10	1E10	1E-30	1E10	1E10	1E-30	1E10	1E10	1E-30	1E10	1E10	1E-30	1E10	1E10	1E-30	1E10	1E10	1E-30	1E10	1E10
9	6.88E-14	1E-30	1E-10	1E10	1.26E-8	0.033	1E10	1E-30	23200	1E10	6.14E-8	5.43	1E10	6.06E-7	1320	1E10	9.9E-7	9780	6.16E-16	4.16E-7	301	1E-30	1E10	1E10	1E-30	1E10	1E10	1E-30	1E10	1E10	1E-30	1E10	1E10	1E-30	1E10	1E10	1E-30	1E10	1E10	1E-30	1E10	1E10	1E-30	1E10	1E10	1E-30	1E10	1E10
10	6.88E-14	1E-30	1E-10	1E10	1.26E-8	0.033	1E10	1E-30	23200	1E10	6.14E-8	5.43	1E10	6.06E-7	1320	1E10	9.9E-7	9780	6.16E-16	4.16E-7	301	1E-30	1E10	1E10	1E-30	1E10	1E10	1E-30	1E10	1E10	1E-30	1E10	1E10	1E-30	1E10	1E10	1E-30	1E10	1E10	1E-30	1E10	1E10	1E-30	1E10	1E10	1E-30	1E10	1E10
11	9.07E-14	1E-30	1E-10	1E10	1.35E-8	0.033	1E10	1E-30	15300	1E10	2.79E-7	16.3	1E10	3.79E-7	128	1E10	8.47E-7	3240	5.24E-16	4.16E-7	301	1E-30	1E10	1E10	1E-30	1E10	1E10	1E-30	1E10	1E10	1E-30	1E10	1E10	1E-30	1E10	1E10	1E-30	1E10	1E10	1E-30	1E10	1E10	1E-30	1E10	1E10	1E-30	1E10	1E10
12	9.07E-14	1E-30	1E-10	1E10	1.35E-8	0.033	1E10	1E-30	15300	1E10	2.79E-7	16.3	1E10	3.79E-7	128	1E10	8.47E-7	3240	5.24E-16	4.16E-7	301	1E-30	1E10	1E10	1E-30	1E10	1E10	1E-30	1E10	1E10	1E-30	1E10	1E10	1E-30	1E10	1E10	1E-30	1E10	1E10	1E-30	1E10	1E10	1E-30	1E10	1E10	1E-30	1E10	1E10
13	6.72E-14	1E-30	1E-10	1E10	1.55E-8	0.096	1E10	1E-30	29900	1E10	4.45E-7	122	1E10	1.02E-6	1740	1E10	1.01E-6	8430	8.31E-16	6.6E-7	301	2.65E-14	1.17E-8	21.4	1E-30	1E10	1E10	1E-30	1E10	1E10	1E-30	1E10	1E10	1E-30	1E10	1E10	1E-30	1E10	1E10	1E-30	1E10	1E10	1E-30	1E10	1E10	1E-30	1E10	1E10
14	6.72E-14	1E-30	1E-10	1E10	1.55E-8	0.096	1E10	1E-30	29900	1E10	4.45E-7	122	1E10	1.02E-6	1740	1E10	1.01E-6	8430	8.31E-16	6.6E-7	301	2.65E-14	1.17E-8	21.4	1E-30	1E10	1E10	1E-30	1E10	1E10	1E-30	1E10	1E10	1E-30	1E10	1E10	1E-30	1E10	1E10	1E-30	1E10	1E10	1E-30	1E10	1E10	1E-30	1E10	1E10
15	3.29E-14	1E-30	1E-10	1E10	1.82E-8	0.041	1E10	1E-30	29900	1E10	3.88E-7	66.8	1E10	1.62E-6	1450	1E10	1.22E-6	7340	7.24E-16	6.6E-7	301	2.47E-14	1.17E-8	17	1E-30	1E10	1E10	1E-30	1E10	1E10	1E-30	1E10	1E10	1E-30	1E10	1E10	1E-30	1E10	1E10	1E-30	1E10	1E10	1E-30	1E10	1E10	1E-30	1E10	1E10
16	3.29E-14	1E-30	1E-10	1E10	1.82E-8	0.041	1E10	1E-30	29900	1E10	3.88E-7	66.8	1E10	1.62E-6	1450	1E10	1.22E-6	7340	7.24E-16	6.6E-7	301	2.47E-14	1.17E-8	17	1E-30	1E10	1E10	1E-30	1E10	1E10	1E-30	1E10	1E10	1E-30	1E10	1E10	1E-30	1E10	1E10	1E-30	1E10	1E10	1E-30	1E10	1E10	1E-30	1E10	1E10
17	7.36E-14	1E-30	1E-10	1E10	2.09E-8	0.041	1E10	1E-30	36E3	1E10	3.79E-7	33.5	1E10	9.97E-7	603	1E10	1.28E-6	7690	6.6E-16	6.6E-7	1900	1.75E-14	9.11E-9	25.2	1E-30	1E10	1E10	1E-30	1E10	1E10	1E-30	1E10	1E10	1E-30	1E10	1E10	1E-30	1E10	1E10	1E-30	1E10	1E10	1E-30	1E10	1E10	1E-30	1E10	1E10
18	7.36E-14	1E-30	1E-10	1E10	2.09E-8	0.041	1E10	1E-30	36E3	1E10	3.79E-7	33.5	1E10	9.97E-7	603	1E10	1.28E-6	7690	6.6E-16	6.6E-7	1900	1.75E-14	9.11E-9	25.2	1E-30	1E10	1E10	1E-30	1E10	1E10	1E-30	1E10	1E10	1E-30	1E10	1E10	1E-30	1E10	1E10	1E-30	1E10	1E10	1E-30	1E10	1E10	1E-30	1E10	1E10
19	8.65E-14	1E-30	1E-10	1E10	2.35E-8	0.058	1E10	1E-30	36E3	1E10	2.76E-7	21.9	1E10	9.3E-7	603	1E10	1.57E-6	8630	6.3E-16	6.6E-7	1900	1.75E-14	9.11E-9	25.2	1E-30	1E10	1E10	1E-30	1E10	1E10	1E-30	1E10	1E10	1E-30	1E10	1E10	1E-30	1E10	1E10	1E-30	1E10	1E10	1E-30	1E10	1E10	1E-30	1E10	1E10
20	8.65E-14	1E-30	1E-10	1E10	2.35E-8	0.058	1E10	1E-30	36E3	1E10	2.76E-7	21.9	1E10	9.3E-7	603	1E10	1.57E-6	8630	6.3E-16	6.6E-7	1900	1.75E-14	9.11E-9	25.2	1E-30	1E10	1E10	1E-30	1E10	1E10	1E-30	1E10	1E10	1E-30	1E10	1E10	1E-30	1E10	1E10	1E-30	1E10	1E10	1E-30	1E10	1E10	1E-30	1E10	1E10
21	9.48E-14	1E-30	1E-10	1E10	2.46E-8	0.12	1E10	1E-30	36E3	1E10	5.63E-7	125	1E10	2.49E-6	3780	1E10	1.64E-6	9040	6.75E-16	6.6E-7	1900	1.52E-14	9.11E-9	25.2	1E-30	1E10	1E10	1E-30	1E10	1E10	1E-30	1E10	1E10	1E-30	1E10	1E10	1E-30	1E10	1E10	1E-30	1E10	1E10	1E-30	1E10	1E10	1E-30	1E10	1E10
22	9.48E-14	1E-30	1E-10	1E10	2.46E-8	0.12	1E10	1E-30	36E3	1E10	5.63E-7	125	1E10	2.49E-6	3780	1E10	1.64E-6	9040	6.75E-16	6.6E-7	1900	1.52E-14	9.11E-9	25.2	1E-30	1E10	1E10	1E-30	1E10	1E10	1E-30	1E10	1E10	1E-30	1E10	1E10	1E-30	1E10	1E10	1E-30	1E10	1E10	1E-30	1E10	1E10	1E-30	1E10	1E10
23	6.56E-14	1E-30	1E-10	1E10	2.7E-8	0.057	1E10	1E-30	36E3	1E10	6.46E-7	125	1E10	3.52E-6	3780	1E10	2.06E-6	9040	1.12E-15	6.6E-7	1900	8.35E-15	2.88E-8	79.7	3.43E-15	3.27E-8	119	1E-30	1E10	1E10	1E-30	1E10	1E10	1E-30	1E10	1E10	1E-30	1E10	1E10	1E-30	1E10	1E10	1E-30	1E10	1E10	1E-30	1E10	1E10
24	6.56E-14	1E-30	1E-10	1E10	2.7E-8	0.057	1E10	1E-30	36E3	1E10	6.46E-7	125	1E10	3.52E-6	3780	1E10	2.06E-6	9040	1.12E-15	6.6E-7	1900	8.35E-15	2.88E-8	79.7	3.43E-15	3.27E-8	119	1E-30	1E10	1E10	1E-30	1E10	1E10	1E-30	1E10	1E10	1E-30	1E10	1E10	1E-30	1E10	1E10	1E-30	1E10	1E10	1E-30	1E10	1E10
25	9.27E-14	1E-30	1E-10	1E10	3.03E-8	0.063	1E10	1E-30	36E3	1E10	6.76E-7	125	1E10	3.95E-6	3780	1E10	2.16E-6	9040	1.07E-15	6.6E-7	1900	8.35E-15	2.88E-8	79.7	3.43E-15	3.27E-8	119	1E-30	1E10	1E10	1E-30	1E10	1E10	1E-30	1E10	1E10	1E-30	1E10	1E10	1E-30	1E10	1E10	1E-30	1E10	1E10	1E-30	1E10	1E10
26	9.27E-14	1E-30	1E-10	1E10	3.03E-8	0.063	1E10	1E-30	36E3	1E10	6.76E-7	125	1E10	3.95E-6	3780	1E10	2.16E-6	9040	1.07E-15	6.6E-7	1900	8.35E-15	2.88E-8	79.7	3.43E-15	3.27E-8	119	1E-30	1E10	1E10	1E-30	1E10	1E10	1E-30	1E10	1E10	1E-30	1E10	1E10	1E-30	1E10	1E10	1E-30	1E10	1E10	1E-30	1E10	1E10
27	9.71E-14	1E-30	1E-10	1E10	3.4E-8	0.096	1E10	1E-30	36800	1E10	6.76E-7	125	1E10	4.97E-6	3780	1E10	2.31E-6	9040	9.76E-16	6.6E-7	1900	6.95E-15	2.88E-8	79.7	3.35E-15	3.27E-8	119	1E-30	1E10	1E10	1E-30	1E10	1E10	1E-30	1E10	1E10	1E-30	1E10	1E10	1E-30	1E10	1E10	1E-30	1E10	1E10	1E-30	1E10	1E10
28	9.71E-14	1E-30	1E-10	1E10	3.4E-8	0.096	1E10	1E-30	36800	1E10	6.76E-7	125	1E10	4.97E-6	3780	1E10	2.31E-6	9040	9.76E-16	6.6E-7	1900	6.95E-15	2.88E-8	79.7	3.35E-15	3.27E-8	119	1E-30	1E10	1E10	1E-30	1E10	1E10	1E-30	1E10	1E10	1E-30	1E10	1E10	1E-30	1E10	1E10	1E-30	1E10	1E10	1E-30	1E10	1E10
29	7.54E-14	1E-30	1E-10	1E10	3.73E-8	0.064	1E10	1E-30	36800	1E10	8.32E-7	125	1E10	5.71E-6	4240	1E10	2.53E-6	7520	1.62E-15	6.6E-7	477	6.79E-15	5.75E-8	159	3.35E-15	3.27E-8	119	1E-30	1E10	1E10	1E-30	1E10	1E10	1E-30	1E10	1E10	1E-30	1E10	1E10	1E-30	1E10	1E10	1E-30	1E10	1E10	1E-30	1E10	1E10
30	7.54E-14	1E-30	1E-10	1E10	3.73E-8	0.064	1E10	1E-30	36800	1E10	8.32E-7	125	1E10	5.71E-6	4240	1E10	2.53E-6	7520	1.62E-15	6.6E-7	477	6.79E-15	5.75E-8	159	3.35E-15	3.27E-8	119	1E-30	1E10	1E10	1E-30	1E10	1E10	1E-30	1E10	1E10	1E-30	1E10	1E10	1E-30	1E10	1E10	1E-30	1E10	1E10	1E-30	1E10	1E10
31	8.86E-14	1E-30	1E-10	1E10	4E-8	0.064	1E10	1E-30	36800	1E10	9.34E-7	122	1E10	4.43E-6	1810	1E10	2.59E-6	7520	1.55E-15	6.6E-7	477	5.39E-15	5.75E-8	159	2.99E-15	3.27E-8	119	1E-30	1E10	1E10	1E-30	1E10	1E10	1E-30	1E10	1E10	1E-30	1E10	1E10	1E-30	1E10	1E10	1E-30	1E10	1E10	1E-30	1E10	1E10
32	8.86E-14	1E-30	1E-10	1E10	4E-8	0.064	1E10	1E-30	36800	1E10	9.34E-7	122	1E10	4.43E-6	1810	1E10	2.59E-6	7520	1.55E-15	6.6E-7	477	5.39E-15	5.75E-8	159	2.99E-15	3.27E-8	119	1E-30	1E10	1E10	1E-30	1E10	1E10	1E-30	1E10	1E10	1E-30	1E10	1E10	1E-30	1E10	1E10	1E-30	1E10	1E10	1E-30	1E10	1E10
33	9.71E-14	1E-30	1E-10	1E10	4.49E-8	0.1	1E10	1E-30	36800	1E10	7.18E-7	43.7	1E10	1.5E-6	428	1E10	2.93E-6	8010	1.51E-15	6.6E-7	477	5.91E-15	5.75E-8	159	2.92E-15	3.27E-8	119	1E-30	1E10	1E10	1E-30	1E10	1E10	1E-30	1E10	1E10	1E-30	1E10	1E10	1E-30	1E10	1E10	1E-30	1E10	1E10	1E-30	1E10	1E10
34	9.71E-14	1E-30	1E-10	1E10	4.49E-8	0.1	1E10	1E-30	36800	1E10	7.18E-7	43.7	1E10	1.5E-6	428	1E10	2.93E-6	8010	1.51E-15	6.6E-7	477	5.91E-15	5.75E-8	159	2.92E-15	3.27E-8	119	1E-30	1E10	1E10	1E-30	1E10	1E10	1E-30	1E10	1E10	1E-30	1E10	1E10	1E-30	1E10	1E10	1E-30	1E10	1E10	1E-30	1E10	1E10
35	9.83E-14	1E-30	1E-10	1E10	4.89E-8	0.17	1E10	1E-30	54500	1E10	1.19E-6	204	1E10	5.23E-6	4730	1E10	3.87E-6	19600	5.25E-15	2.08E-7	376	9.23E-15	3.53E-8	176	1.52E-16	5.32E-7	1400	1E-30	1E10	1E10	1E-30	1E10	1E10	1E-30	1E10	1E10	1E-30	1E10	1E10	1E-30	1E10	1E10	1E-30	1E10	1E10	1E-30	1E10	1E10
36	9.83E-14	1E-30	1E-10	1E10	4.89E-8	0.17	1E10	1E-30	54500	1E10	1.19E-6	204	1E10	5.23E-6	4730	1E10	3.87E-6	19600	5.25E-15	2.08E-7	376	9.23E-15	3.53E-8	176	1.52E-16	5.32E-7	1400	1E-30	1E10	1E10	1E-30	1E10	1E10	1E-30	1E10	1E10	1E-30	1E10	1E10	1E-30	1E10	1E10	1E-30	1E10	1E10	1E-30	1E10	1E10
37	1.04E-13	1E-30	1E-10	1E10	5.52E-8	0.087	1E10	1E-30	36800	1E10	9.58E-7	53.4	1E10	1.8E-6	438	1E10	3.52E-6	8010	2.39E-15	6.6E-7	477	7.79E-15	5.75E-8	159	4.42E-15	3.27E-8	119	1E-30	1E10	1E10	1E-30	1E10	1E10	1E-30	1E10	1E10	1E-30	1E10	1E10	1E-30	1E10	1E10	1E-30	1E10	1E10	1E-30	1E10	1E10
38	1.04E-13	1E-30	1E-10	1E10	5.52E-8	0.087	1E10	1E-30	36800	1E10	9.58E-7	53.4	1E10	1.8E-6	438	1E10	3.52E-6	8010	2.39E-15	6.6E-7	477	7.79E-15	5.75E-8	159	4.42E-15	3.27E-8	119	1E-30	1E10	1E10	1E-30	1E10	1E10	1E-30	1E10	1E10	1E-30	1E10	1E10	1E-30	1E10	1E10	1E-30	1E10	1E10	1E-30	1E10	1E10
39	8.45E-14	1E-30	1E-10	1E10	6.05E-8	0.15	1E10	1E-30	47400	1E10	1.42E-6	53.4	1E10	1.84E-6	564	1E10	4.19E-6	11200	2.13E-15	6.6E-7	477	8.35E-15	5.75E-8	159	3.76E-15	3.27E-8	119	1E-30	1E10	1E10	1E-30	1E10	1E10	1E-30	1E10	1E10	1E-30	1E10	1E10	1E-30	1E10	1E10	1E-30	1E10	1E10	1E-30	1E10	1E10
40	8.45E-14	1E-30	1E-10	1E10	6.05E-8	0.15	1E10	1E-30	47400	1E10	1.42E-6	53.4	1E10	1.84E-6	564	1E10	4.19E-6	11200	2.13E-15	6.6E-7	477	8.35E-15	5.75E-8	159	3.76E-15	3.27E-8	119	1E-30	1E10	1E10	1E-30	1E10	1E10	1E-30	1E10	1E10	1E-30	1E10	1E10	1E-30	1E10	1E10	1E-30	1E10	1E10	1E-30	1E10	1E10
41	8.85E-14	1E-30	1E-10	1E10	6.34E-8	0.094	1E10	1E-30	48500	1E10	1.21E-6	53.4	1E10	2.02E-6	564	1E10	4.19E-6	11200	2.81E-15	6.6E-7	477	1.08E-14	5.75E-8	159	5.69E-15	3.27E-8	119	2.38E-16	4.09E-7	266	1E-30	1E10	1E10	1E-30	1E10	1E10	1E-30	1E10	1E10	1E-30	1E10	1E10	1E-30	1E10	1E10	1E-30	1E10	1E10
42	8.85E-14	1E-30	1E-10	1E10	6.34E-8	0.094	1E10	1E-30	48500	1E10	1.21E-6	53.4	1E10	2.02E-6	564	1E10	4.19E-6	11200	2.81E-15	6.6E-7	477	1.08E-14	5.75E-8	159	5.69E-15	3.27E-8	119	2.38E-16	4.09E-7	266	1E-30	1E10	1E10	1E-30	1E10	1E10	1E-30	1E10	1E10	1E-30	1E10	1E10	1E-30	1E10	1E10	1E-30	1E10	1E10
43	7.36E-14	1E-30	1E-10	1E10	7.28E-8	0.16	1E10	1E-30	48500	1E10	1.56E-6	53.4	1E10	2.27E-6	551	1E10	4.81E-6	10200	3.23E-15	6.6E-7	301	1.21E-14	5.75E-8	81.5	5.31E-15	3.27E-8	119	4.75E-15	1.63E-8	66.8	1E-30	1E10	1E10	1E-30	1E10	1E10	1E-30	1E10	1E10	1E-30	1E10	1E10	1E-30	1E10	1E10	1E-30	1E10	1E10
44	7.36E-14	1E-30	1E-10	1E10	7.28E-8	0.16	1E10	1E-30	48500	1E10	1.56E-6	53.4	1E10	2.27E-6	551	1E10	4.81E-6	10200	3.23E-15	6.6E-7	301	1.21E-14	5.75E-8	81.5	5.31E-15	3.27E-8	119	4.75E-15	1.63E-8	66.8	1E-30	1E10	1E10	1E-30	1E10	1E10	1E-30	1E10	1E10	1E-30	1E10	1E10	1E-30	1E10	1E10	1E-30	1E10	1E10
45	7.89E-14	1E-30	1E-10	1E10	7.98E-8	0.23	1E10	1E-30	48500	1E10	1.75E-6	53.4	1E10	2.32E-6	551	1E10	4.92E-6	10200	3.16E-15	6.6E-7	301	1.21E-14	5.75E-8	81.5	5.31E-15	3.27E-8	119	4.75E-15	1.63E-8	66.8	1E-30	1E10	1E10	1E-30	1E10	1E10	1E-30	1E10	1E10	1E-30	1E10	1E10	1E-30	1E10	1E10	1E-30	1E10	1E10
46	7.89E-14	1E-30	1E-10	1E10	7.98E-8	0.23	1E10	1E-30	48500	1E10	1.75E-6	53.4	1E10	2.32E-6	551	1E10	4.92E-6	10200	3.16E-15	6.6E-7	301	1.21E-14	5.75E-8	81.5	5.31E-15	3.27E-8	119	4.75E-15	1.63E-8	66.8	1E-30	1E10	1E10	1E-30	1E10	1E10	1E-30	1E10	1E10	1E-30	1E10	1E10	1E-30	1E10	1E10	1E-30	1E10	1E10
47	6.72E-14	1E-30	1E-10	1E10	8.75E-8	0.2	1E10	1E-30	73400	1E10	2.06E-6	53.4	1E10	2.54E-6	604	1E10	5.27E-6	13100	4.07E-15	6.6E-7	301	1.45E-14	6.91E-8	81.5	6.24E-15	3.84E-8	119	5.84E-15	2.01E-8	66.8	1E-30	1E10	1E10	1E-30	1E10	1E10	1E-30	1E10	1E10	1E-30	1E10	1E10	1E-30	1E10	1E10	1E-30	1E10	1E10
48	6.72E-14	1E-30	1E-10	1E10	8.75E-8	0.2	1E10	1E-30	73400	1E10	2.06E-6	53.4	1E10	2.54E-6	604	1E10	5.27E-6	13100	4.07E-15	6.6E-7	301	1.45E-14	6.91E-8	81.5	6.24E-15	3.84E-8	119	5.84E-15	2.01E-8	66.8	1E-30	1E10	1E10	1E-30	1E10	1E10	1E-30	1E10	1E10	1E-30	1E10	1E10	1E-30	1E10	1E10	1E-30	1E10	1E10
49	7.54E-14	1E-30	1E-10	1E10	9.59E-8	0.17	1E10	1E-30	73400	1E10	1.75E-6	53.4	1E10	2.66E-6	604	1E10	5.52E-6	13100	2.4E-15	1.17E-6	268	1.83E-14	6.91E-8	81.5	8.81E-15	3.84E-8	119	8.06E-15	2.01E-8	66.8	1E-30	1E10	1E10	1E-30	1E10	1E10	1E-30	1E10	1E10	1E-30	1E10	1E10	1E-30	1E10	1E10	1E-30	1E10	1E10
50	7.54E-14	1E-30	1E-10	1E10	9.59E-8	0.17	1E10	1E-30	73400	1E10	1.75E-6	53.4	1E10	2.66E-6	604	1E10	5.52E-6	13100	2.4E-15	1.17E-6	268	1.83E-14	6.91E-8	81.5	8.81E-15	3.84E-8	119	8.06E-15	2.01E-8	66.8	1E-30	1E10	1E10	1E-30	1E10	1E10	1E-30	1E10	1E10	1E-30	1E10	1E10	1E-30	1E10	1E10	1E-30	1E10	1E10
51	8.96E-14	1E-30	1E-10	1E10	1.07E-7	0.29	1E10	1E-30	54500	1E10	2.83E-6	269	1E10	1.19E-5	5060	1E10	1.17E-5	13200	2.04E-15	1.52E-6	1120	5.21E-17	1.87E-5	11400	6.31E-17	4.67E-6	4950	1.47E-16	9.5E-7	1930	7.9E-17	1.13E-6	2190	1E-30	1E10	1E10	1E-30	1E10	1E10	1E-30	1E10	1E10	1E-30	1E10	1E10	1E-30	1E10	1E10
52	8.96E-14	1E-30	1E-10	1E10	1.07E-7	0.29	1E10	1E-30	54500	1E10	2.83E-6	269	1E10	1.19E-5	5060	1E10	1.17E-5	13200	2.04E-15	1.52E-6	1120	5.21E-17	1.87E-5	11400	6.31E-17	4.67E-6	4950	1.47E-16	9.5E-7	1930	7.9E-17	1.13E-6	2190	1E-30	1E10	1E10	1E-30	1E10	1E10	1E-30	1E10	1E10	1E-30	1E10	1E10	1E-30	1E10	1E10
53	8.17E-14	1E-30	1E-10	1E10	1.12E-7	0.32	1E10	1E-30	54500	1E10	2.96E-6	269	1E10	1.22E-5	5060	1E10	1.26E-5	9800	2.51E-15	1.52E-6	1120	6.87E-17	1.87E-5	11400	7.95E-17	4.56E-6	4950	1.98E-16	9.07E-7	1930	9.72E-17	1.05E-6	2190	1E-30	1E10	1E10	1E-30	1E10	1E10	1E-30	1E10	1E10	1E-30	1E10	1E10	1E-30	1E10	1E10
54	8.17E-14	1E-30	1E-10	1E10	1.12E-7	0.32	1E10	1E-30	54500	1E10	2.96E-6	269	1E10	1.22E-5	5060	1E10	1.26E-5	9800	2.51E-15	1.52E-6	1120	6.87E-17	1.87E-5	11400	7.95E-17	4.56E-6	4950	1.98E-16	9.07E-7	1930	9.72E-17	1.05E-6	2190	1E-30	1E10	1E10	1E-30	1E10	1E10	1E-30	1E10	1E10	1E-30	1E10	1E10	1E-30	1E10	1E10
55	9.38E-14	1E-30	1E-10	1E10	1.23E-7	0.32	1E10	1E-30	54500	1E10	2.96E-6	269	1E10	1.22E-5	5060	1E10	1.26E-5	9800	2.51E-15	1.52E-6	1120	6.56E-17	1.87E-5	11400	7.95E-17	4.56E-6	4950	1.98E-16	9.07E-7	1930	9.72E-17	1.05E-6	2190	1E-30	1E10	1E10	1E-30	1E10	1E10	1E-30	1E10	1E10	1E-30	1E10	1E10	1E-30	1E10	1E10
56	9.38E-14	1E-30	1E-10	1E10	1.23E-7	0.32	1E10	1E-30	54500	1E10	2.96E-6	269	1E10	1.22E-5	5060	1E10	1.26E-5	9800	2.51E-15	1.52E-6	1120	6.56E-17	1.87E-5	11400	7.95E-17	4.56E-6	4950	1.98E-16	9.07E-7	1930	9.72E-17	1.05E-6	2190	1E-30	1E10	1E10	1E-30	1E10	1E10	1E-30	1E10	1E10	1E-30	1E10	1E10	1E-30	1E10	1E10
57	8.55E-14	1E-30	1E-10	1E10	1.35E-7	0.35	1E10	1E-30	54500	1E10	3.1E-6	269	1E10	1.31E-5	5060	1E10	1.26E-5	9800	3.02E-15	1.52E-6	1120	8.45E-17	1.87E-5	11400	9.13E-17	4.56E-6	4950	2.03E-16	9.07E-7	1930	1.14E-16	1.05E-6	2190	1E-30	1E10	1E10	1E-30	1E10	1E10	1E-30	1E10	1E10	1E-30	1E10	1E10	1E-30	1E10	1E10
58	8.55E-14	1E-30	1E-10	1E10	1.35E-7	0.35	1E10	1E-30	54500	1E10	3.1E-6	269	1E10	1.31E-5	5060	1E10	1.26E-5	9800	3.02E-15	1.52E-6	1120	8.45E-17	1.87E-5	11400	9.13E-17	4.56E-6	4950	2.03E-16	9.07E-7	1930	1.14E-16	1.05E-6	2190	1E-30	1E10	1E10	1E-30	1E10	1E10	1E-30	1E10	1E10	1E-30	1E10	1E10	1E-30	1E10	1E10
59	6.13E-14	1E-30	1E-10	1E10	1.56E-7	0.38	1E10	1E-30	73400	1E10	4.64E-6	855	1E10	6.38E-6	296	1E10	1.08E-5	17700	4.79E-15	1.17E-6	330	9.39E-15	2.19E-7	258	3.51E-15	1.53E-7	474	5.09E-15	5.05E-8	168	3.59E-16	3.86E-7	1040	1E-30	1E10	1E10	1E-30	1E10	1E10	1E-30	1E10	1E10	1E-30	1E10	1E10	1E-30	1E10	1E10
60	6.13E-14	1E-30	1E-10	1E10	1.56E-7	0.38	1E10	1E-30	73400	1E10	4.64E-6	855	1E10	6.38E-6	296	1E10	1.08E-5	17700	4.79E-15	1.17E-6	330	9.39E-15	2.19E-7	258	3.51E-15	1.53E-7	474	5.09E-15	5.05E-8	168	3.59E-16	3.86E-7	1040	1E-30	1E10	1E10	1E-30	1E10	1E10	1E-30	1E10	1E10	1E-30	1E10	1E10	1E-30	1E10	1E10
61	8.27E-14	1E-30	1E-10	1E10	1.67E-7	0.38	1E10	1E-30	73400	1E10	9.05E-6	728	1E10	4.62E-6	854	1E10	1.06E-5	16100	4.79E-15	1.17E-6	330	8.56E-15	2.19E-7	258	3.43E-15	1.53E-7	474	4.97E-15	5.05E-8	168	3.94E-15	3.6E-8	97.1	1E-30	1E10	1E10	1E-30	1E10	1E10	1E-30	1E10	1E10	1E-30	1E10	1E10	1E-30	1E10	1E10
62	8.27E-14	1E-30	1E-10	1E10	1.67E-7	0.38	1E10	1E-30	73400	1E10	9.05E-6	728	1E10	4.62E-6	854	1E10	1.06E-5	16100	4.79E-15	1.17E-6	330	8.56E-15	2.19E-7	258	3.43E-15	1.53E-7	474	4.97E-15	5.05E-8	168	3.94E-15	3.6E-8	97.1	1E-30	1E10	1E10	1E-30	1E10	1E10	1E-30	1E10	1E10	1E-30	1E10	1E10	1E-30	1E10	1E10
63	6.13E-14	1E-30	1E-10	1E10	1.83E-7	0.48	1E10	1E-30	73400	1E10	1.4E-5	283	1E10	4.51E-6	744	1E10	1.33E-5	16900	5.5E-15	1.17E-6	330	1.13E-14	2.19E-7	258	4.03E-15	1.53E-7	474	5.58E-15	5.05E-8	168	4.63E-15	3.6E-8	97.1	8.35E-16	1.21E-7	383	1E-30	1E10	1E10	1E-30	1E10	1E10	1E-30	1E10	1E10	1E-30	1E10	1E10
64	6.13E-14	1E-30	1E-10	1E10	1.83E-7	0.48	1E10	1E-30	73400	1E10	1.4E-5	283	1E10	4.51E-6	744	1E10	1.33E-5	16900	5.5E-15	1.17E-6	330	1.13E-14	2.19E-7	258	4.03E-15	1.53E-7	474	5.58E-15	5.05E-8	168	4.63E-15	3.6E-8	97.1	8.35E-16	1.21E-7	383	1E-30	1E10	1E10	1E-30	1E10	1E10	1E-30	1E10	1E10	1E-30	1E10	1E10
65	4.54E-14	1E-30	1E-10	1E10	2.1E-7	0.52	1E10	1E-30	73400	1E10	2.07E-5	283	1E10	5.06E-6	937	1E10	1.67E-5	16900	7.42E-15	1.17E-6	208	1.52E-14	2.19E-7	163	5.19E-15	1.53E-7	238	5.45E-15	6.36E-8	211	5.57E-15	3.6E-8	97.1	1.05E-15	1.21E-7	383	1E-30	1E10	1E10	1E-30	1E10	1E10	1E-30	1E10	1E10	1E-30	1E10	1E10
66	4.54E-14	1E-30	1E-10	1E10	2.1E-7	0.52	1E10	1E-30	73400	1E10	2.07E-5	283	1E10	5.06E-6	937	1E10	1.67E-5	16900	7.42E-15	1.17E-6	208	1.52E-14	2.19E-7	163	5.19E-15	1.53E-7	238	5.45E-15	6.36E-8	211	5.57E-15	3.6E-8	97.1	1.05E-15	1.21E-7	383	1E-30	1E10	1E10	1E-30	1E10	1E10	1E-30	1E10	1E10	1E-30	1E10	1E10
END DSCRDATA
