BEGIN DSCRDATA
% INDEX	K01	L01	M01	K02	L02	M02	K03	L03	M03	K04	L04	M04	K05	L05	M05	K06	L06	M06	K07	L07	M07	K08	L08	M08	K09	L09	M09	K10	L10	M10	K11	L11	M11	K12	L12	M12	K13	L13	M13	K14	L14	M14	K15	L15	M15	K16	L16	M16
0	0	0	0	0	0	0	0	0	0	0	0	0	0	0	0	0	0	0	0	0	0	0	0	0	0	0	0	0	0	0	0	0	0	0	0	0	0	0	0	0	0	0	0	0	0	0	0	0
1	3.42E-14	1E-30	1E-10	1E10	3.44E-9	0.022	1E10	1E-30	54500	1E10	1.68E-8	1.35	1E10	1.35E-7	452	1E10	5.38E-6	6250	1E-30	1E10	1E10	1E-30	1E10	1E10	1E-30	1E10	1E10	1E-30	1E10	1E10	1E-30	1E10	1E10	1E-30	1E10	1E10	1E-30	1E10	1E10	1E-30	1E10	1E10	1E-30	1E10	1E10	1E-30	1E10	1E10
2	3.34E-14	1E-30	1E-10	1E10	3.36E-9	0.022	1E10	1E-30	54500	1E10	9.44E-9	1.35	1E10	8.49E-8	452	1E10	3.72E-6	7340	1E-30	1E10	1E10	1E-30	1E10	1E10	1E-30	1E10	1E10	1E-30	1E10	1E10	1E-30	1E10	1E10	1E-30	1E10	1E10	1E-30	1E10	1E10	1E-30	1E10	1E10	1E-30	1E10	1E10	1E-30	1E10	1E10
3	3.34E-14	1E-30	1E-10	1E10	3.77E-9	0.047	1E10	1E-30	54500	1E10	1.19E-8	1.35	1E10	1.76E-7	1610	1E10	9.07E-8	201	1E-30	1E10	1E10	1E-30	1E10	1E10	1E-30	1E10	1E10	1E-30	1E10	1E10	1E-30	1E10	1E10	1E-30	1E10	1E10	1E-30	1E10	1E10	1E-30	1E10	1E10	1E-30	1E10	1E10	1E-30	1E10	1E10
4	4.11E-14	1E-30	1E-10	1E10	6.41E-9	0.024	1E10	1E-30	54500	1E10	6.67E-8	9.61	1E10	3.63E-7	759	1E10	6.05E-7	6680	3.8E-17	3.35E-6	6380	1E-30	1E10	1E10	1E-30	1E10	1E10	1E-30	1E10	1E10	1E-30	1E10	1E10	1E-30	1E10	1E10	1E-30	1E10	1E10	1E-30	1E10	1E10	1E-30	1E10	1E10	1E-30	1E10	1E10
5	4.41E-14	1E-30	1E-10	1E10	6.71E-9	0.022	1E10	1E-30	14E5	1E10	1.09E-7	14.1	1E10	5.7E-7	1620	1E10	6.15E-7	7890	2.88E-20	4.96E-8	6380	1E-30	1E10	1E10	1E-30	1E10	1E10	1E-30	1E10	1E10	1E-30	1E10	1E10	1E-30	1E10	1E10	1E-30	1E10	1E10	1E-30	1E10	1E10	1E-30	1E10	1E10	1E-30	1E10	1E10
6	3.84E-14	1E-30	1E-10	1E10	7.36E-9	0.086	1E10	1E-30	54500	1E10	8.68E-8	16.2	1E10	2.73E-7	812	1E10	7.22E-7	10400	3.8E-17	3.35E-6	6380	1E-30	1E10	1E10	1E-30	1E10	1E10	1E-30	1E10	1E10	1E-30	1E10	1E10	1E-30	1E10	1E10	1E-30	1E10	1E10	1E-30	1E10	1E10	1E-30	1E10	1E10	1E-30	1E10	1E10
7	6.22E-14	1E-30	1E-10	1E10	8.85E-9	0.1	1E10	1E-30	54500	1E10	8.48E-8	10.7	1E10	3.14E-7	758	1E10	7.22E-7	10400	3.02E-17	3.35E-6	6380	1E-30	1E10	1E10	1E-30	1E10	1E10	1E-30	1E10	1E10	1E-30	1E10	1E10	1E-30	1E10	1E10	1E-30	1E10	1E10	1E-30	1E10	1E10	1E-30	1E10	1E10	1E-30	1E10	1E10
8	5.67E-14	1E-30	1E-10	1E10	8.45E-9	0.13	1E10	1E-30	54500	1E10	2.57E-7	171	1E10	5.52E-7	1900	1E10	6.23E-7	8180	2.95E-17	3.35E-6	6380	1E-30	1E10	1E10	1E-30	1E10	1E10	1E-30	1E10	1E10	1E-30	1E10	1E10	1E-30	1E10	1E10	1E-30	1E10	1E10	1E-30	1E10	1E10	1E-30	1E10	1E10	1E-30	1E10	1E10
9	5.67E-14	1E-30	1E-10	1E10	8.45E-9	0.13	1E10	1E-30	54500	1E10	2.57E-7	171	1E10	5.52E-7	1900	1E10	6.23E-7	8180	2.95E-17	3.35E-6	6380	1E-30	1E10	1E10	1E-30	1E10	1E10	1E-30	1E10	1E10	1E-30	1E10	1E10	1E-30	1E10	1E10	1E-30	1E10	1E10	1E-30	1E10	1E10	1E-30	1E10	1E10	1E-30	1E10	1E10
10	4.61E-14	1E-30	1E-10	1E10	1.14E-8	0.053	1E10	1E-30	54500	1E10	2.29E-7	32.2	1E10	6.72E-7	849	1E10	9.81E-7	7020	1.45E-16	2.11E-6	1890	4.24E-17	1.59E-6	3460	1E-30	1E10	1E10	1E-30	1E10	1E10	1E-30	1E10	1E10	1E-30	1E10	1E10	1E-30	1E10	1E10	1E-30	1E10	1E10	1E-30	1E10	1E10	1E-30	1E10	1E10
11	4.61E-14	1E-30	1E-10	1E10	1.14E-8	0.053	1E10	1E-30	54500	1E10	2.29E-7	32.2	1E10	6.72E-7	849	1E10	9.81E-7	7020	1.45E-16	2.11E-6	1890	4.24E-17	1.59E-6	3460	1E-30	1E10	1E10	1E-30	1E10	1E10	1E-30	1E10	1E10	1E-30	1E10	1E10	1E-30	1E10	1E10	1E-30	1E10	1E10	1E-30	1E10	1E10	1E-30	1E10	1E10
12	4.61E-14	1E-30	1E-10	1E10	1.31E-8	0.13	1E10	1E-30	54500	1E10	2.9E-7	46.7	1E10	6.07E-7	914	1E10	1.07E-6	7820	1.23E-16	2.11E-6	1890	4.44E-17	1.59E-6	3460	1E-30	1E10	1E10	1E-30	1E10	1E10	1E-30	1E10	1E10	1E-30	1E10	1E10	1E-30	1E10	1E10	1E-30	1E10	1E10	1E-30	1E10	1E10	1E-30	1E10	1E10
13	4.61E-14	1E-30	1E-10	1E10	1.31E-8	0.13	1E10	1E-30	54500	1E10	2.9E-7	46.7	1E10	6.07E-7	914	1E10	1.07E-6	7820	1.23E-16	2.11E-6	1890	4.44E-17	1.59E-6	3460	1E-30	1E10	1E10	1E-30	1E10	1E10	1E-30	1E10	1E10	1E-30	1E10	1E10	1E-30	1E10	1E10	1E-30	1E10	1E10	1E-30	1E10	1E10	1E-30	1E10	1E10
14	7.47E-14	1E-30	1E-10	1E10	1.73E-8	0.15	1E10	1E-30	54500	1E10	3.57E-7	46.7	1E10	8.77E-7	914	1E10	1.23E-6	7820	6.29E-17	2.11E-6	1890	4.44E-17	1.59E-6	3460	1E-30	1E10	1E10	1E-30	1E10	1E10	1E-30	1E10	1E10	1E-30	1E10	1E10	1E-30	1E10	1E10	1E-30	1E10	1E10	1E-30	1E10	1E10	1E-30	1E10	1E10
15	7.47E-14	1E-30	1E-10	1E10	1.73E-8	0.15	1E10	1E-30	54500	1E10	3.57E-7	46.7	1E10	8.77E-7	914	1E10	1.23E-6	7820	6.29E-17	2.11E-6	1890	4.44E-17	1.59E-6	3460	1E-30	1E10	1E10	1E-30	1E10	1E10	1E-30	1E10	1E10	1E-30	1E10	1E10	1E-30	1E10	1E10	1E-30	1E10	1E10	1E-30	1E10	1E10	1E-30	1E10	1E10
16	5.41E-14	1E-30	1E-10	1E10	1.9E-8	0.17	1E10	1E-30	54500	1E10	4.5E-7	46.7	1E10	1.03E-6	914	1E10	1.41E-6	7820	2.13E-16	2.11E-6	1890	8.46E-17	1.59E-6	3460	1E-30	1E10	1E10	1E-30	1E10	1E10	1E-30	1E10	1E10	1E-30	1E10	1E10	1E-30	1E10	1E10	1E-30	1E10	1E10	1E-30	1E10	1E10	1E-30	1E10	1E10
17	5.41E-14	1E-30	1E-10	1E10	1.9E-8	0.17	1E10	1E-30	54500	1E10	4.5E-7	46.7	1E10	1.03E-6	914	1E10	1.41E-6	7820	2.13E-16	2.11E-6	1890	8.46E-17	1.59E-6	3460	1E-30	1E10	1E10	1E-30	1E10	1E10	1E-30	1E10	1E10	1E-30	1E10	1E10	1E-30	1E10	1E10	1E-30	1E10	1E10	1E-30	1E10	1E10	1E-30	1E10	1E10
18	8.77E-14	1E-30	1E-10	1E10	2.34E-8	0.17	1E10	1E-30	54500	1E10	5.8E-7	46.7	1E10	1.18E-6	914	1E10	1.9E-6	7820	1.77E-16	2.11E-6	1890	6.57E-17	1.59E-6	3460	1E-30	1E10	1E10	1E-30	1E10	1E10	1E-30	1E10	1E10	1E-30	1E10	1E10	1E-30	1E10	1E10	1E-30	1E10	1E10	1E-30	1E10	1E10	1E-30	1E10	1E10
19	8.77E-14	1E-30	1E-10	1E10	2.34E-8	0.17	1E10	1E-30	54500	1E10	5.8E-7	46.7	1E10	1.18E-6	914	1E10	1.9E-6	7820	1.77E-16	2.11E-6	1890	6.57E-17	1.59E-6	3460	1E-30	1E10	1E10	1E-30	1E10	1E10	1E-30	1E10	1E10	1E-30	1E10	1E10	1E-30	1E10	1E10	1E-30	1E10	1E10	1E-30	1E10	1E10	1E-30	1E10	1E10
20	1.03E-13	1E-30	1E-10	1E10	2.57E-8	0.17	1E10	1E-30	54500	1E10	5.8E-7	46.7	1E10	1.39E-6	914	1E10	1.9E-6	8570	1.81E-16	2.11E-6	1890	6.88E-17	1.59E-6	3460	1E-30	1E10	1E10	1E-30	1E10	1E10	1E-30	1E10	1E10	1E-30	1E10	1E10	1E-30	1E10	1E10	1E-30	1E10	1E10	1E-30	1E10	1E10	1E-30	1E10	1E10
21	1.03E-13	1E-30	1E-10	1E10	2.57E-8	0.17	1E10	1E-30	54500	1E10	5.8E-7	46.7	1E10	1.39E-6	914	1E10	1.9E-6	8570	1.81E-16	2.11E-6	1890	6.88E-17	1.59E-6	3460	1E-30	1E10	1E10	1E-30	1E10	1E10	1E-30	1E10	1E10	1E-30	1E10	1E10	1E-30	1E10	1E10	1E-30	1E10	1E10	1E-30	1E10	1E10	1E-30	1E10	1E10
22	6.21E-14	1E-30	1E-10	1E10	2.75E-8	0.21	1E10	1E-30	54500	1E10	5.8E-7	34.6	1E10	1.27E-6	914	1E10	2.08E-6	5160	3E-16	2.11E-6	1890	1.2E-16	1.59E-6	3460	1E-30	1E10	1E10	1E-30	1E10	1E10	1E-30	1E10	1E10	1E-30	1E10	1E10	1E-30	1E10	1E10	1E-30	1E10	1E10	1E-30	1E10	1E10	1E-30	1E10	1E10
23	6.21E-14	1E-30	1E-10	1E10	2.75E-8	0.21	1E10	1E-30	54500	1E10	5.8E-7	34.6	1E10	1.27E-6	914	1E10	2.08E-6	5160	3E-16	2.11E-6	1890	1.2E-16	1.59E-6	3460	1E-30	1E10	1E10	1E-30	1E10	1E10	1E-30	1E10	1E10	1E-30	1E10	1E10	1E-30	1E10	1E10	1E-30	1E10	1E10	1E-30	1E10	1E10	1E-30	1E10	1E10
24	8.57E-14	1E-30	1E-10	1E10	3.46E-8	0.21	1E10	1E-30	54500	1E10	1.03E-6	34.6	1E10	1.39E-6	618	1E10	3.15E-6	10500	3E-16	2.11E-6	1890	1.17E-16	1.59E-6	3460	1.31E-15	4.84E-8	552	1E-30	1E10	1E10	1E-30	1E10	1E10	1E-30	1E10	1E10	1E-30	1E10	1E10	1E-30	1E10	1E10	1E-30	1E10	1E10	1E-30	1E10	1E10
25	8.57E-14	1E-30	1E-10	1E10	3.46E-8	0.21	1E10	1E-30	54500	1E10	1.03E-6	34.6	1E10	1.39E-6	618	1E10	3.15E-6	10500	3E-16	2.11E-6	1890	1.17E-16	1.59E-6	3460	1.31E-15	4.84E-8	552	1E-30	1E10	1E10	1E-30	1E10	1E10	1E-30	1E10	1E10	1E-30	1E10	1E10	1E-30	1E10	1E10	1E-30	1E10	1E10	1E-30	1E10	1E10
26	6.07E-14	1E-30	1E-10	1E10	3.79E-8	0.21	1E10	1E-30	68600	1E10	1.03E-6	34.6	1E10	1.39E-6	618	1E10	3.15E-6	10500	3.95E-14	7.66E-9	7.52	1.17E-16	1.59E-6	3460	1.31E-15	4.84E-8	552	1E-30	1E10	1E10	1E-30	1E10	1E10	1E-30	1E10	1E10	1E-30	1E10	1E10	1E-30	1E10	1E10	1E-30	1E10	1E10	1E-30	1E10	1E10
27	6.07E-14	1E-30	1E-10	1E10	3.79E-8	0.21	1E10	1E-30	68600	1E10	1.03E-6	34.6	1E10	1.39E-6	618	1E10	3.15E-6	10500	3.95E-14	7.66E-9	7.52	1.17E-16	1.59E-6	3460	1.31E-15	4.84E-8	552	1E-30	1E10	1E10	1E-30	1E10	1E10	1E-30	1E10	1E10	1E-30	1E10	1E10	1E-30	1E10	1E10	1E-30	1E10	1E10	1E-30	1E10	1E10
28	5.53E-14	1E-30	1E-10	1E10	4.07E-8	0.25	1E10	1E-30	54500	1E10	1.11E-6	204	1E10	4.35E-6	4730	1E10	4.34E-6	11E3	4.79E-15	2.08E-7	376	9.66E-15	3.53E-8	176	1.75E-16	5.32E-7	1400	1E-30	1E10	1E10	1E-30	1E10	1E10	1E-30	1E10	1E10	1E-30	1E10	1E10	1E-30	1E10	1E10	1E-30	1E10	1E10	1E-30	1E10	1E10
29	5.53E-14	1E-30	1E-10	1E10	4.07E-8	0.25	1E10	1E-30	54500	1E10	1.11E-6	204	1E10	4.35E-6	4730	1E10	4.34E-6	11E3	4.79E-15	2.08E-7	376	9.66E-15	3.53E-8	176	1.75E-16	5.32E-7	1400	1E-30	1E10	1E10	1E-30	1E10	1E10	1E-30	1E10	1E10	1E-30	1E10	1E10	1E-30	1E10	1E10	1E-30	1E10	1E10	1E-30	1E10	1E10
30	7.12E-14	1E-30	1E-10	1E10	4.46E-8	0.25	1E10	1E-30	54500	1E10	1.27E-6	204	1E10	5.48E-6	4730	1E10	4.87E-6	11E3	5.13E-15	2.08E-7	376	9.66E-15	3.53E-8	176	1.75E-16	5.32E-7	1400	1E-30	1E10	1E10	1E-30	1E10	1E10	1E-30	1E10	1E10	1E-30	1E10	1E10	1E-30	1E10	1E10	1E-30	1E10	1E10	1E-30	1E10	1E10
31	7.12E-14	1E-30	1E-10	1E10	4.46E-8	0.25	1E10	1E-30	54500	1E10	1.27E-6	204	1E10	5.48E-6	4730	1E10	4.87E-6	11E3	5.13E-15	2.08E-7	376	9.66E-15	3.53E-8	176	1.75E-16	5.32E-7	1400	1E-30	1E10	1E10	1E-30	1E10	1E10	1E-30	1E10	1E10	1E-30	1E10	1E10	1E-30	1E10	1E10	1E-30	1E10	1E10	1E-30	1E10	1E10
32	8.56E-14	1E-30	1E-10	1E10	4.78E-8	0.25	1E10	1E-30	54500	1E10	1.33E-6	204	1E10	5.87E-6	4730	1E10	4.87E-6	11E3	5.13E-15	2.08E-7	376	9.66E-15	3.53E-8	176	1.52E-16	5.32E-7	1400	1E-30	1E10	1E10	1E-30	1E10	1E10	1E-30	1E10	1E10	1E-30	1E10	1E10	1E-30	1E10	1E10	1E-30	1E10	1E10	1E-30	1E10	1E10
33	8.56E-14	1E-30	1E-10	1E10	4.78E-8	0.25	1E10	1E-30	54500	1E10	1.33E-6	204	1E10	5.87E-6	4730	1E10	4.87E-6	11E3	5.13E-15	2.08E-7	376	9.66E-15	3.53E-8	176	1.52E-16	5.32E-7	1400	1E-30	1E10	1E10	1E-30	1E10	1E10	1E-30	1E10	1E10	1E-30	1E10	1E10	1E-30	1E10	1E10	1E-30	1E10	1E10	1E-30	1E10	1E10
34	6.35E-14	1E-30	1E-10	1E10	5.62E-8	0.29	1E10	1E-30	54500	1E10	1.67E-6	204	1E10	6.29E-6	3930	1E10	5.72E-6	9360	6.46E-15	2.08E-7	376	1.43E-14	3.53E-8	176	2.2E-16	5.32E-7	1400	1E-30	1E10	1E10	1E-30	1E10	1E10	1E-30	1E10	1E10	1E-30	1E10	1E10	1E-30	1E10	1E10	1E-30	1E10	1E10	1E-30	1E10	1E10
35	6.35E-14	1E-30	1E-10	1E10	5.62E-8	0.29	1E10	1E-30	54500	1E10	1.67E-6	204	1E10	6.29E-6	3930	1E10	5.72E-6	9360	6.46E-15	2.08E-7	376	1.43E-14	3.53E-8	176	2.2E-16	5.32E-7	1400	1E-30	1E10	1E10	1E-30	1E10	1E10	1E-30	1E10	1E10	1E-30	1E10	1E10	1E-30	1E10	1E10	1E-30	1E10	1E10	1E-30	1E10	1E10
36	3.65E-14	1E-30	1E-10	1E10	7.08E-8	0.33	1E10	1E-30	54500	1E10	2.1E-6	204	1E10	7.92E-6	3930	1E10	7.54E-6	9800	9.56E-15	2.08E-7	376	2.72E-14	3.53E-8	176	1.84E-17	8.96E-6	8440	9.83E-17	8.51E-7	2370	1E-30	1E10	1E10	1E-30	1E10	1E10	1E-30	1E10	1E10	1E-30	1E10	1E10	1E-30	1E10	1E10	1E-30	1E10	1E10
37	3.65E-14	1E-30	1E-10	1E10	7.08E-8	0.33	1E10	1E-30	54500	1E10	2.1E-6	204	1E10	7.92E-6	3930	1E10	7.54E-6	9800	9.56E-15	2.08E-7	376	2.72E-14	3.53E-8	176	1.84E-17	8.96E-6	8440	9.83E-17	8.51E-7	2370	1E-30	1E10	1E10	1E-30	1E10	1E10	1E-30	1E10	1E10	1E-30	1E10	1E10	1E-30	1E10	1E10	1E-30	1E10	1E10
38	7.28E-14	1E-30	1E-10	1E10	8.71E-8	0.37	1E10	1E-30	54500	1E10	2.41E-6	269	1E10	1.28E-5	3930	1E10	8.86E-6	9800	1.69E-15	1.52E-6	1120	6.1E-15	1.27E-7	1230	2.37E-17	8.96E-6	8440	1.03E-16	8.51E-7	2370	1E-30	1E10	1E10	1E-30	1E10	1E10	1E-30	1E10	1E10	1E-30	1E10	1E10	1E-30	1E10	1E10	1E-30	1E10	1E10
39	7.28E-14	1E-30	1E-10	1E10	8.71E-8	0.37	1E10	1E-30	54500	1E10	2.41E-6	269	1E10	1.28E-5	3930	1E10	8.86E-6	9800	1.69E-15	1.52E-6	1120	6.1E-15	1.27E-7	1230	2.37E-17	8.96E-6	8440	1.03E-16	8.51E-7	2370	1E-30	1E10	1E10	1E-30	1E10	1E10	1E-30	1E10	1E10	1E-30	1E10	1E10	1E-30	1E10	1E10	1E-30	1E10	1E10
40	6.49E-14	1E-30	1E-10	1E10	9.33E-8	0.42	1E10	1E-30	54500	1E10	3.1E-6	269	1E10	1.11E-5	5060	1E10	1.07E-5	9800	1.99E-15	1.52E-6	1120	8.04E-15	1.27E-7	1230	6.77E-17	4.56E-6	4950	1.57E-16	9.07E-7	1930	7.9E-17	1.05E-6	2190	1E-30	1E10	1E10	1E-30	1E10	1E10	1E-30	1E10	1E10	1E-30	1E10	1E10	1E-30	1E10	1E10
41	6.49E-14	1E-30	1E-10	1E10	9.33E-8	0.42	1E10	1E-30	54500	1E10	3.1E-6	269	1E10	1.11E-5	5060	1E10	1.07E-5	9800	1.99E-15	1.52E-6	1120	8.04E-15	1.27E-7	1230	6.77E-17	4.56E-6	4950	1.57E-16	9.07E-7	1930	7.9E-17	1.05E-6	2190	1E-30	1E10	1E10	1E-30	1E10	1E10	1E-30	1E10	1E10	1E-30	1E10	1E10	1E-30	1E10	1E10
42	7.63E-14	1E-30	1E-10	1E10	1.07E-7	0.41	1E10	1E-30	54500	1E10	3.17E-6	269	1E10	1.22E-5	5060	1E10	1.2E-5	9800	2.04E-15	1.52E-6	1120	5.21E-17	1.87E-5	11400	6.17E-17	4.56E-6	4950	1.4E-16	9.07E-7	1930	7.37E-17	1.05E-6	2190	1E-30	1E10	1E10	1E-30	1E10	1E10	1E-30	1E10	1E10	1E-30	1E10	1E10	1E-30	1E10	1E10
43	7.63E-14	1E-30	1E-10	1E10	1.07E-7	0.41	1E10	1E-30	54500	1E10	3.17E-6	269	1E10	1.22E-5	5060	1E10	1.2E-5	9800	2.04E-15	1.52E-6	1120	5.21E-17	1.87E-5	11400	6.17E-17	4.56E-6	4950	1.4E-16	9.07E-7	1930	7.37E-17	1.05E-6	2190	1E-30	1E10	1E10	1E-30	1E10	1E10	1E-30	1E10	1E10	1E-30	1E10	1E10	1E-30	1E10	1E10
44	8.96E-14	1E-30	1E-10	1E10	1.12E-7	0.41	1E10	1E-30	54500	1E10	2.96E-6	269	1E10	1.22E-5	5060	1E10	1.26E-5	9800	2.04E-15	1.52E-6	1120	5.21E-17	1.87E-5	11400	6.17E-17	4.56E-6	4950	1.4E-16	9.07E-7	1930	7.37E-17	1.05E-6	2190	1E-30	1E10	1E10	1E-30	1E10	1E10	1E-30	1E10	1E10	1E-30	1E10	1E10	1E-30	1E10	1E10
45	8.96E-14	1E-30	1E-10	1E10	1.12E-7	0.41	1E10	1E-30	54500	1E10	2.96E-6	269	1E10	1.22E-5	5060	1E10	1.26E-5	9800	2.04E-15	1.52E-6	1120	5.21E-17	1.87E-5	11400	6.17E-17	4.56E-6	4950	1.4E-16	9.07E-7	1930	7.37E-17	1.05E-6	2190	1E-30	1E10	1E10	1E-30	1E10	1E10	1E-30	1E10	1E10	1E-30	1E10	1E10	1E-30	1E10	1E10
46	8.36E-14	1E-30	1E-10	1E10	1.29E-7	0.46	1E10	1E-30	55800	1E10	3.48E-6	269	1E10	1.31E-5	5060	1E10	1.51E-5	9800	2.4E-15	1.52E-6	1120	6.26E-17	1.87E-5	11400	7.08E-17	4.56E-6	4950	1.68E-16	9.07E-7	1930	7.9E-17	1.05E-6	2190	1E-30	1E10	1E10	1E-30	1E10	1E10	1E-30	1E10	1E10	1E-30	1E10	1E10	1E-30	1E10	1E10
47	8.36E-14	1E-30	1E-10	1E10	1.29E-7	0.46	1E10	1E-30	55800	1E10	3.48E-6	269	1E10	1.31E-5	5060	1E10	1.51E-5	9800	2.4E-15	1.52E-6	1120	6.26E-17	1.87E-5	11400	7.08E-17	4.56E-6	4950	1.68E-16	9.07E-7	1930	7.9E-17	1.05E-6	2190	1E-30	1E10	1E10	1E-30	1E10	1E10	1E-30	1E10	1E10	1E-30	1E10	1E10	1E-30	1E10	1E10
48	9.6E-14	1E-30	1E-10	1E10	1.59E-7	0.5	1E10	1E-30	55800	1E10	3.48E-6	229	1E10	1.54E-5	5060	1E10	1.62E-5	9800	3.16E-15	1.52E-6	1120	8.44E-17	1.87E-5	11400	9.33E-17	4.56E-6	4950	2.11E-16	9.07E-7	1930	1.04E-16	1.05E-6	2190	1E-30	1E10	1E10	1E-30	1E10	1E10	1E-30	1E10	1E10	1E-30	1E10	1E10	1E-30	1E10	1E10
49	9.6E-14	1E-30	1E-10	1E10	1.59E-7	0.5	1E10	1E-30	55800	1E10	3.48E-6	229	1E10	1.54E-5	5060	1E10	1.62E-5	9800	3.16E-15	1.52E-6	1120	8.44E-17	1.87E-5	11400	9.33E-17	4.56E-6	4950	2.11E-16	9.07E-7	1930	1.04E-16	1.05E-6	2190	1E-30	1E10	1E10	1E-30	1E10	1E10	1E-30	1E10	1E10	1E-30	1E10	1E10	1E-30	1E10	1E10
50	9.17E-14	1E-30	1E-10	1E10	1.91E-7	0.58	1E10	1E-30	55800	1E10	4.5E-6	314	1E10	1.15E-5	4790	1E10	5.74E-5	18400	3.71E-15	1.52E-6	1120	1.09E-16	1.87E-5	11400	1.26E-16	4.56E-6	4950	2.91E-16	9.07E-7	1930	1.47E-16	1.05E-6	2190	6.71E-16	1.67E-7	603	1E-30	1E10	1E10	1E-30	1E10	1E10	1E-30	1E10	1E10	1E-30	1E10	1E10
51	9.17E-14	1E-30	1E-10	1E10	1.91E-7	0.58	1E10	1E-30	55800	1E10	4.5E-6	314	1E10	1.15E-5	4790	1E10	5.74E-5	18400	3.71E-15	1.52E-6	1120	1.09E-16	1.87E-5	11400	1.26E-16	4.56E-6	4950	2.91E-16	9.07E-7	1930	1.47E-16	1.05E-6	2190	6.71E-16	1.67E-7	603	1E-30	1E10	1E10	1E-30	1E10	1E10	1E-30	1E10	1E10	1E-30	1E10	1E10
52	8.17E-14	1E-30	1E-10	1E10	2.35E-7	0.66	1E10	1E-30	55800	1E10	5.54E-6	314	1E10	1.23E-5	4790	1E10	1.46E-4	28800	5E-15	1.52E-6	1120	1.47E-16	1.87E-5	11400	1.82E-16	4.56E-6	4950	3.93E-16	9.07E-7	1930	1.77E-16	1.05E-6	2190	6.71E-16	1.67E-7	603	1E-30	1E10	1E10	1E-30	1E10	1E10	1E-30	1E10	1E10	1E-30	1E10	1E10
53	8.17E-14	1E-30	1E-10	1E10	2.35E-7	0.66	1E10	1E-30	55800	1E10	5.54E-6	314	1E10	1.23E-5	4790	1E10	1.46E-4	28800	5E-15	1.52E-6	1120	1.47E-16	1.87E-5	11400	1.82E-16	4.56E-6	4950	3.93E-16	9.07E-7	1930	1.77E-16	1.05E-6	2190	6.71E-16	1.67E-7	603	1E-30	1E10	1E10	1E-30	1E10	1E10	1E-30	1E10	1E10	1E-30	1E10	1E10
54	7.8E-14	1E-30	1E-10	1E10	2.52E-7	0.78	1E10	1E-30	55800	1E10	5.8E-6	314	1E10	1.26E-5	4790	1E10	1.49E-4	28800	5.61E-15	1.52E-6	1120	1.47E-16	1.87E-5	11400	1.82E-16	4.56E-6	4950	3.84E-16	9.07E-7	1930	1.77E-16	1.05E-6	2190	7.19E-16	1.67E-7	603	1E-30	1E10	1E10	1E-30	1E10	1E10	1E-30	1E10	1E10	1E-30	1E10	1E10
55	7.8E-14	1E-30	1E-10	1E10	2.52E-7	0.78	1E10	1E-30	55800	1E10	5.8E-6	314	1E10	1.26E-5	4790	1E10	1.49E-4	28800	5.61E-15	1.52E-6	1120	1.47E-16	1.87E-5	11400	1.82E-16	4.56E-6	4950	3.84E-16	9.07E-7	1930	1.77E-16	1.05E-6	2190	7.19E-16	1.67E-7	603	1E-30	1E10	1E10	1E-30	1E10	1E10	1E-30	1E10	1E10	1E-30	1E10	1E10
56	8.17E-14	1E-30	1E-10	1E10	2.89E-7	0.83	1E10	1E-30	55800	1E10	6.97E-6	314	1E10	1.32E-5	4790	1E10	1.52E-4	28800	6.44E-15	1.52E-6	1120	1.65E-16	1.87E-5	11400	1.95E-16	4.56E-6	4950	4.41E-16	9.07E-7	1930	1.99E-16	1.05E-6	2190	8.07E-16	1.67E-7	603	1E-30	1E10	1E10	1E-30	1E10	1E10	1E-30	1E10	1E10	1E-30	1E10	1E10
57	8.17E-14	1E-30	1E-10	1E10	2.89E-7	0.83	1E10	1E-30	55800	1E10	6.97E-6	314	1E10	1.32E-5	4790	1E10	1.52E-4	28800	6.44E-15	1.52E-6	1120	1.65E-16	1.87E-5	11400	1.95E-16	4.56E-6	4950	4.41E-16	9.07E-7	1930	1.99E-16	1.05E-6	2190	8.07E-16	1.67E-7	603	1E-30	1E10	1E10	1E-30	1E10	1E10	1E-30	1E10	1E10	1E-30	1E10	1E10
58	8.56E-14	1E-30	1E-10	1E10	3.47E-7	1.19	1E10	1E-30	55800	1E10	9.62E-6	314	1E10	1.55E-5	4790	1E10	1.56E-4	28800	7.06E-15	1.52E-6	1120	2.23E-16	1.87E-5	11400	2.57E-16	4.56E-6	4950	5.43E-16	9.07E-7	1930	2.62E-16	1.05E-6	2190	8.65E-16	1.67E-7	603	1E-30	1E10	1E10	1E-30	1E10	1E10	1E-30	1E10	1E10	1E-30	1E10	1E10
59	8.56E-14	1E-30	1E-10	1E10	3.47E-7	1.19	1E10	1E-30	55800	1E10	9.62E-6	314	1E10	1.55E-5	4790	1E10	1.56E-4	28800	7.06E-15	1.52E-6	1120	2.23E-16	1.87E-5	11400	2.57E-16	4.56E-6	4950	5.43E-16	9.07E-7	1930	2.62E-16	1.05E-6	2190	8.65E-16	1.67E-7	603	1E-30	1E10	1E10	1E-30	1E10	1E10	1E-30	1E10	1E10	1E-30	1E10	1E10
60	7.29E-14	1E-30	1E-10	1E10	4.17E-7	1.32	1E10	1E-30	55800	1E10	1.18E-5	314	1E10	1.66E-5	4790	1E10	1.63E-4	28800	1.12E-14	1.52E-6	1120	2.68E-16	1.87E-5	11400	3.24E-16	4.56E-6	4950	7.16E-16	9.07E-7	1930	3.53E-16	1.05E-6	2190	1.04E-15	1.67E-7	603	1E-30	1E10	1E10	1E-30	1E10	1E10	1E-30	1E10	1E10	1E-30	1E10	1E10
61	1.59E-13	1E-30	1E-10	1E10	5.13E-7	1.53	1E10	1E-30	55800	1E10	1.35E-5	314	1E10	1.86E-5	4790	1E10	1.52E-4	27500	1.78E-14	1.52E-6	1120	8.53E-15	3.72E-7	787	1.5E-14	7.49E-8	649	1.55E-15	2.9E-7	787	2.91E-15	5.01E-8	323	4.8E-16	1.59E-7	1600	1E-30	1E10	1E10	1E-30	1E10	1E10	1E-30	1E10	1E10	1E-30	1E10	1E10
62	1.74E-13	1E-30	1E-10	1E10	6.03E-7	1.58	1E10	1E-30	55800	1E10	1.38E-5	314	1E10	1.9E-5	4790	1E10	1.59E-4	27500	1.95E-14	1.52E-6	1120	1E-14	3.72E-7	787	1.85E-14	7.49E-8	649	1.74E-15	2.9E-7	787	3.5E-15	5.01E-8	323	5.39E-16	1.59E-7	1600	1E-30	1E10	1E10	1E-30	1E10	1E10	1E-30	1E10	1E10	1E-30	1E10	1E10
63	2.4E-13	1E-30	1E-10	1E10	7.42E-7	1.79	1E10	1E-30	55800	1E10	1.48E-5	314	1E10	2.04E-5	4790	1E10	1.63E-4	26300	2.43E-15	2.8E-5	1940	3.66E-15	1.9E-6	1310	1.97E-15	1.67E-6	6670	1.95E-15	3.25E-7	787	3.84E-15	5.49E-8	323	5.91E-16	1.74E-7	1600	1E-30	1E10	1E10	1E-30	1E10	1E10	1E-30	1E10	1E10	1E-30	1E10	1E10
64	3.47E-13	1E-30	1E-10	1E10	8.72E-7	1.92	1E10	1E-30	55800	1E10	1.86E-5	314	1E10	2.04E-5	4790	1E10	1.56E-4	26300	4.22E-15	2.8E-5	1940	1.49E-15	1.9E-6	1310	9.43E-16	1.67E-6	6670	2.14E-15	3.25E-7	787	4.62E-15	5.49E-8	323	6.33E-16	1.74E-7	1600	1E-30	1E10	1E10	1E-30	1E10	1E10	1E-30	1E10	1E10	1E-30	1E10	1E10
65	5.86E-14	1E-30	1E-10	1E10	1.14E-6	2.09	1E10	1E-30	76100	1E10	8.48E-6	5.33	1E10	1.99E-5	2470	1E10	3.77E-5	11100	4.07E-15	1.71E-5	5820	2.4E-13	2.31E-8	29.3	7.39E-14	3.01E-8	117	1.51E-14	8.06E-8	269	1E-30	1E10	1E10	1E-30	1E10	1E10	1E-30	1E10	1E10	1E-30	1E10	1E10	1E-30	1E10	1E10	1E-30	1E10	1E10
END DSCRDATA
