BEGIN DSCRDATA
% INDEX	K01	L01	M01	K02	L02	M02	K03	L03	M03	K04	L04	M04	K05	L05	M05	K06	L06	M06	K07	L07	M07	K08	L08	M08	K09	L09	M09	K10	L10	M10	K11	L11	M11	K12	L12	M12	K13	L13	M13	K14	L14	M14	K15	L15	M15	K16	L16	M16	K17	L17	M17	K18	L18	M18	T01	T02	T03
0	0	0	0	0	0	0	0	0	0	0	0	0	0	0	0	0	0	0	0	0	0	0	0	0	0	0	0	0	0	0	0	0	0	0	0	0	0	0	0	0	0	0	0	0	0	0	0	0	0	0	0	0	0	0	0	0	0
1	3E-13	1E10	1E11	1E-30	2.44922901532803E-10	1E10	1E-30	1E10	0.794637300700082	3.04212539309301E-13	1.27949736714684E-10	1123.28968289404	1E10	1E-30	1E-10	1E10	1E-30	1E-10	1E10	1E-30	1E-10	1E10	1E-30	1E-10	1E10	1E-30	1E-10	1E10	1E-30	1E-10	1E10	1E-30	1E-10	1E10	1E-30	1E-10	1E10	1E-30	1E-10	1E10	1E-30	1E-10	1E10	1E-30	1E-10	1E10	1E-30	1E-10	1E10	1E-30	1E-10	1E10	1E-30	1E-10	1	-0.1	0.1
2	3E-13	1E10	1E11	1E-30	2.44922901532803E-10	1E10	1E-30	1E10	0.794637300700082	3.04212539309301E-13	1.27949736714684E-10	1123.28968289404	1E10	1E-30	1E-10	1E10	1E-30	1E-10	1E10	1E-30	1E-10	1E10	1E-30	1E-10	1E10	1E-30	1E-10	1E10	1E-30	1E-10	1E10	1E-30	1E-10	1E10	1E-30	1E-10	1E10	1E-30	1E-10	1E10	1E-30	1E-10	1E10	1E-30	1E-10	1E10	1E-30	1E-10	1E10	1E-30	1E-10	1E10	1E-30	1E-10	1	-0.25	0.25
3	5E-13	1E10	1E11	1E-30	4.02544209863018E-10	1E10	1E-30	1E10	0.594909642966919	1E-30	3.51666108867616E-11	0.495925905813292	1E10	1E-30	1E-10	1E10	1E-30	1E-10	1E10	1E-30	1E-10	1E10	1E-30	1E-10	1E10	1E-30	1E-10	1E10	1E-30	1E-10	1E10	1E-30	1E-10	1E10	1E-30	1E-10	1E10	1E-30	1E-10	1E10	1E-30	1E-10	1E10	1E-30	1E-10	1E10	1E-30	1E-10	1E10	1E-30	1E-10	1E10	1E-30	1E-10	1	-0.05	0.05
4	5E-13	1E10	1E11	1E-30	4.02544209863018E-10	1E10	1E-30	1E10	0.594909642966919	1E-30	3.51666108867616E-11	0.495925905813292	1E10	1E-30	1E-10	1E10	1E-30	1E-10	1E10	1E-30	1E-10	1E10	1E-30	1E-10	1E10	1E-30	1E-10	1E10	1E-30	1E-10	1E10	1E-30	1E-10	1E10	1E-30	1E-10	1E10	1E-30	1E-10	1E10	1E-30	1E-10	1E10	1E-30	1E-10	1E10	1E-30	1E-10	1E10	1E-30	1E-10	1E10	1E-30	1E-10	1	-0.1	0.1
5	5E-13	1E10	1E11	1E-30	4.02544209863018E-10	1E10	1E-30	1E10	0.594909642966919	1E-30	3.51666108867616E-11	0.495925905813292	1E10	1E-30	1E-10	1E10	1E-30	1E-10	1E10	1E-30	1E-10	1E10	1E-30	1E-10	1E10	1E-30	1E-10	1E10	1E-30	1E-10	1E10	1E-30	1E-10	1E10	1E-30	1E-10	1E10	1E-30	1E-10	1E10	1E-30	1E-10	1E10	1E-30	1E-10	1E10	1E-30	1E-10	1E10	1E-30	1E-10	1E10	1E-30	1E-10	1	-0.25	0.25
6	5E-13	1E10	1E11	1E-30	3.68379629837531E-10	1E10	1E-30	1E10	1.08275179007848	6.91459633015193E-13	7.03764752548551E-11	229.958131611056	1E10	1E-30	1E-10	1E10	1E-30	1E-10	1E10	1E-30	1E-10	1E10	1E-30	1E-10	1E10	1E-30	1E-10	1E10	1E-30	1E-10	1E10	1E-30	1E-10	1E10	1E-30	1E-10	1E10	1E-30	1E-10	1E10	1E-30	1E-10	1E10	1E-30	1E-10	1E10	1E-30	1E-10	1E10	1E-30	1E-10	1E10	1E-30	1E-10	1	-0.1	0.1
7	5E-13	1E10	1E11	1E-30	3.68379629837531E-10	1E10	1E-30	1E10	1.08275179007848	6.91459633015193E-13	7.03764752548551E-11	229.958131611056	1E10	1E-30	1E-10	1E10	1E-30	1E-10	1E10	1E-30	1E-10	1E10	1E-30	1E-10	1E10	1E-30	1E-10	1E10	1E-30	1E-10	1E10	1E-30	1E-10	1E10	1E-30	1E-10	1E10	1E-30	1E-10	1E10	1E-30	1E-10	1E10	1E-30	1E-10	1E10	1E-30	1E-10	1E10	1E-30	1E-10	1E10	1E-30	1E-10	1	-0.25	0.25
8	1E-12	1E10	1E11	1E-30	4.08938132030113E-10	1E10	1E-30	1E10	0.49197629098201	1E-30	3.76018608773428E-11	0.269966194458086	4.97016671962252E-11	6.09453910175957E-12	1.15240364822	1E10	1E-30	1E-10	1E10	1E-30	1E-10	1E10	1E-30	1E-10	1E10	1E-30	1E-10	1E10	1E-30	1E-10	1E10	1E-30	1E-10	1E10	1E-30	1E-10	1E10	1E-30	1E-10	1E10	1E-30	1E-10	1E10	1E-30	1E-10	1E10	1E-30	1E-10	1E10	1E-30	1E-10	1E10	1E-30	1E-10	1	-0.1	0.1
9	1E-12	1E10	1E11	1E-30	4.08938132030113E-10	1E10	1E-30	1E10	0.49197629098201	1E-30	3.76018608773428E-11	0.269966194458086	4.97016671962252E-11	6.09453910175957E-12	1.15240364822	1E10	1E-30	1E-10	1E10	1E-30	1E-10	1E10	1E-30	1E-10	1E10	1E-30	1E-10	1E10	1E-30	1E-10	1E10	1E-30	1E-10	1E10	1E-30	1E-10	1E10	1E-30	1E-10	1E10	1E-30	1E-10	1E10	1E-30	1E-10	1E10	1E-30	1E-10	1E10	1E-30	1E-10	1E10	1E-30	1E-10	1	-0.25	0.25
10	1E-12	1E10	1E11	1E-30	4.08938132030113E-10	1E10	1E-30	1E10	0.49197629098201	1E-30	3.76018608773428E-11	0.269966194458086	4.97016671962252E-11	6.09453910175957E-12	1.15240364822	1E10	1E-30	1E-10	1E10	1E-30	1E-10	1E10	1E-30	1E-10	1E10	1E-30	1E-10	1E10	1E-30	1E-10	1E10	1E-30	1E-10	1E10	1E-30	1E-10	1E10	1E-30	1E-10	1E10	1E-30	1E-10	1E10	1E-30	1E-10	1E10	1E-30	1E-10	1E10	1E-30	1E-10	1E10	1E-30	1E-10	2	-5	5
11	1E-12	1E10	1E11	1E-30	4.75544799765317E-10	1E10	1E-30	1E10	0.20425562149309	1E-30	2.11975458184769E-10	0.450822548479904	1E-30	3.89644804909733E-11	0.423676649346635	1E10	1E-30	1E-10	1E10	1E-30	1E-10	1E10	1E-30	1E-10	1E10	1E-30	1E-10	1E10	1E-30	1E-10	1E10	1E-30	1E-10	1E10	1E-30	1E-10	1E10	1E-30	1E-10	1E10	1E-30	1E-10	1E10	1E-30	1E-10	1E10	1E-30	1E-10	1E10	1E-30	1E-10	1E10	1E-30	1E-10	1	-0.1	0.1
12	1E-12	1E10	1E11	1E-30	4.75544799765317E-10	1E10	1E-30	1E10	0.20425562149309	1E-30	2.11975458184769E-10	0.450822548479904	1E-30	3.89644804909733E-11	0.423676649346635	1E10	1E-30	1E-10	1E10	1E-30	1E-10	1E10	1E-30	1E-10	1E10	1E-30	1E-10	1E10	1E-30	1E-10	1E10	1E-30	1E-10	1E10	1E-30	1E-10	1E10	1E-30	1E-10	1E10	1E-30	1E-10	1E10	1E-30	1E-10	1E10	1E-30	1E-10	1E10	1E-30	1E-10	1E10	1E-30	1E-10	1	-0.25	0.25
13	1.2E-12	1E10	1E11	1E-30	3.96325982225436E-10	1E10	1E-30	1E10	0.410824048300162	1E-30	4.14723717615494E-11	0.283534961408995	2.54034916505971E-11	1.15786268302715E-11	2.63120064801599	1E10	1E-30	1E-10	1E10	1E-30	1E-10	1E10	1E-30	1E-10	1E10	1E-30	1E-10	1E10	1E-30	1E-10	1E10	1E-30	1E-10	1E10	1E-30	1E-10	1E10	1E-30	1E-10	1E10	1E-30	1E-10	1E10	1E-30	1E-10	1E10	1E-30	1E-10	1E10	1E-30	1E-10	1E10	1E-30	1E-10	1	-0.1	0.1
14	1.2E-12	1E10	1E11	1E-30	3.96325982225436E-10	1E10	1E-30	1E10	0.410824048300162	1E-30	4.14723717615494E-11	0.283534961408995	2.54034916505971E-11	1.15786268302715E-11	2.63120064801599	1E10	1E-30	1E-10	1E10	1E-30	1E-10	1E10	1E-30	1E-10	1E10	1E-30	1E-10	1E10	1E-30	1E-10	1E10	1E-30	1E-10	1E10	1E-30	1E-10	1E10	1E-30	1E-10	1E10	1E-30	1E-10	1E10	1E-30	1E-10	1E10	1E-30	1E-10	1E10	1E-30	1E-10	1E10	1E-30	1E-10	1	-0.25	0.25
15	1.5E-12	1E10	1E11	1E-30	3.65622103411239E-10	1E10	1E-30	1E10	0.388530887624647	1E-30	2.4591415789421E-11	0.218972435797036	2.7152653843261E-11	1.14028718915455E-11	1.71798286936015	1E10	1E-30	1E-10	1E10	1E-30	1E-10	1E10	1E-30	1E-10	1E10	1E-30	1E-10	1E10	1E-30	1E-10	1E10	1E-30	1E-10	1E10	1E-30	1E-10	1E10	1E-30	1E-10	1E10	1E-30	1E-10	1E10	1E-30	1E-10	1E10	1E-30	1E-10	1E10	1E-30	1E-10	1E10	1E-30	1E-10	1	-0.05	0.05
16	1.5E-12	1E10	1E11	1E-30	3.65622103411239E-10	1E10	1E-30	1E10	0.388530887624647	1E-30	2.4591415789421E-11	0.218972435797036	2.7152653843261E-11	1.14028718915455E-11	1.71798286936015	1E10	1E-30	1E-10	1E10	1E-30	1E-10	1E10	1E-30	1E-10	1E10	1E-30	1E-10	1E10	1E-30	1E-10	1E10	1E-30	1E-10	1E10	1E-30	1E-10	1E10	1E-30	1E-10	1E10	1E-30	1E-10	1E10	1E-30	1E-10	1E10	1E-30	1E-10	1E10	1E-30	1E-10	1E10	1E-30	1E-10	1	-0.1	0.1
17	1.5E-12	1E10	1E11	1E-30	3.65622103411239E-10	1E10	1E-30	1E10	0.388530887624647	1E-30	2.4591415789421E-11	0.218972435797036	2.7152653843261E-11	1.14028718915455E-11	1.71798286936015	1E10	1E-30	1E-10	1E10	1E-30	1E-10	1E10	1E-30	1E-10	1E10	1E-30	1E-10	1E10	1E-30	1E-10	1E10	1E-30	1E-10	1E10	1E-30	1E-10	1E10	1E-30	1E-10	1E10	1E-30	1E-10	1E10	1E-30	1E-10	1E10	1E-30	1E-10	1E10	1E-30	1E-10	1E10	1E-30	1E-10	1	-0.25	0.25
18	1.5E-12	1E10	1E11	1E-30	3.65622103411239E-10	1E10	1E-30	1E10	0.388530887624647	1E-30	2.4591415789421E-11	0.218972435797036	2.7152653843261E-11	1.14028718915455E-11	1.71798286936015	1E10	1E-30	1E-10	1E10	1E-30	1E-10	1E10	1E-30	1E-10	1E10	1E-30	1E-10	1E10	1E-30	1E-10	1E10	1E-30	1E-10	1E10	1E-30	1E-10	1E10	1E-30	1E-10	1E10	1E-30	1E-10	1E10	1E-30	1E-10	1E10	1E-30	1E-10	1E10	1E-30	1E-10	1E10	1E-30	1E-10	2	-5	5
19	1.8E-12	1E10	1E11	1E-30	3.44255199460694E-10	1E10	1E-30	1E10	0.349756615929825	1E-30	1.74416063755392E-11	0.376156112195862	9.64984079030941E-11	3.62210558888721E-12	0.604593132767675	1E10	1E-30	1E-10	1E10	1E-30	1E-10	1E10	1E-30	1E-10	1E10	1E-30	1E-10	1E10	1E-30	1E-10	1E10	1E-30	1E-10	1E10	1E-30	1E-10	1E10	1E-30	1E-10	1E10	1E-30	1E-10	1E10	1E-30	1E-10	1E10	1E-30	1E-10	1E10	1E-30	1E-10	1E10	1E-30	1E-10	1	-0.05	0.05
20	1.8E-12	1E10	1E11	1E-30	3.44255199460694E-10	1E10	1E-30	1E10	0.349756615929825	1E-30	1.74416063755392E-11	0.376156112195862	9.64984079030941E-11	3.62210558888721E-12	0.604593132767675	1E10	1E-30	1E-10	1E10	1E-30	1E-10	1E10	1E-30	1E-10	1E10	1E-30	1E-10	1E10	1E-30	1E-10	1E10	1E-30	1E-10	1E10	1E-30	1E-10	1E10	1E-30	1E-10	1E10	1E-30	1E-10	1E10	1E-30	1E-10	1E10	1E-30	1E-10	1E10	1E-30	1E-10	1E10	1E-30	1E-10	1	-0.1	0.1
21	1.8E-12	1E10	1E11	1E-30	3.44255199460694E-10	1E10	1E-30	1E10	0.349756615929825	1E-30	1.74416063755392E-11	0.376156112195862	9.64984079030941E-11	3.62210558888721E-12	0.604593132767675	1E10	1E-30	1E-10	1E10	1E-30	1E-10	1E10	1E-30	1E-10	1E10	1E-30	1E-10	1E10	1E-30	1E-10	1E10	1E-30	1E-10	1E10	1E-30	1E-10	1E10	1E-30	1E-10	1E10	1E-30	1E-10	1E10	1E-30	1E-10	1E10	1E-30	1E-10	1E10	1E-30	1E-10	1E10	1E-30	1E-10	1	-0.25	0.25
22	2E-12	1E10	1E11	1E-30	3.34965965136642E-10	1E10	1E-30	1E10	0.318072451899275	1E-30	1.16027646248653E-11	0.333075847208272	2.62293612758133E-10	1.7316616296093E-12	0.237126860440279	1E10	1E-30	1E-10	1E10	1E-30	1E-10	1E10	1E-30	1E-10	1E10	1E-30	1E-10	1E10	1E-30	1E-10	1E10	1E-30	1E-10	1E10	1E-30	1E-10	1E10	1E-30	1E-10	1E10	1E-30	1E-10	1E10	1E-30	1E-10	1E10	1E-30	1E-10	1E10	1E-30	1E-10	1E10	1E-30	1E-10	1	-0.1	0.1
23	2E-12	1E10	1E11	1E-30	3.34965965136642E-10	1E10	1E-30	1E10	0.318072451899275	1E-30	1.16027646248653E-11	0.333075847208272	2.62293612758133E-10	1.7316616296093E-12	0.237126860440279	1E10	1E-30	1E-10	1E10	1E-30	1E-10	1E10	1E-30	1E-10	1E10	1E-30	1E-10	1E10	1E-30	1E-10	1E10	1E-30	1E-10	1E10	1E-30	1E-10	1E10	1E-30	1E-10	1E10	1E-30	1E-10	1E10	1E-30	1E-10	1E10	1E-30	1E-10	1E10	1E-30	1E-10	1E10	1E-30	1E-10	1	-0.25	0.25
24	2E-12	1E10	1E11	1E-30	3.35419305747957E-10	1E10	1E-30	1E10	0.279365082261409	1E-30	1.10276396972027E-11	0.79720533654894	1E-30	1.80168744606387E-11	0.197911721126905	1E10	1E-30	1E-10	1E10	1E-30	1E-10	1E10	1E-30	1E-10	1E10	1E-30	1E-10	1E10	1E-30	1E-10	1E10	1E-30	1E-10	1E10	1E-30	1E-10	1E10	1E-30	1E-10	1E10	1E-30	1E-10	1E10	1E-30	1E-10	1E10	1E-30	1E-10	1E10	1E-30	1E-10	1E10	1E-30	1E-10	1	-0.1	0.1
25	2E-12	1E10	1E11	1E-30	3.35419305747957E-10	1E10	1E-30	1E10	0.279365082261409	1E-30	1.10276396972027E-11	0.79720533654894	1E-30	1.80168744606387E-11	0.197911721126905	1E10	1E-30	1E-10	1E10	1E-30	1E-10	1E10	1E-30	1E-10	1E10	1E-30	1E-10	1E10	1E-30	1E-10	1E10	1E-30	1E-10	1E10	1E-30	1E-10	1E10	1E-30	1E-10	1E10	1E-30	1E-10	1E10	1E-30	1E-10	1E10	1E-30	1E-10	1E10	1E-30	1E-10	1E10	1E-30	1E-10	1	-0.25	0.25
26	2.2E-12	1E10	1E11	1E-30	3.33477963816038E-10	1E10	1E-30	1E10	0.315969648080997	2.9101681786552E-11	1.00930586629549E-11	0.6664636768487	1E10	1E-30	1E-10	1E10	1E-30	1E-10	1E10	1E-30	1E-10	1E10	1E-30	1E-10	1E10	1E-30	1E-10	1E10	1E-30	1E-10	1E10	1E-30	1E-10	1E10	1E-30	1E-10	1E10	1E-30	1E-10	1E10	1E-30	1E-10	1E10	1E-30	1E-10	1E10	1E-30	1E-10	1E10	1E-30	1E-10	1E10	1E-30	1E-10	1	-0.05	0.05
27	2.2E-12	1E10	1E11	1E-30	3.33477963816038E-10	1E10	1E-30	1E10	0.315969648080997	2.9101681786552E-11	1.00930586629549E-11	0.6664636768487	1E10	1E-30	1E-10	1E10	1E-30	1E-10	1E10	1E-30	1E-10	1E10	1E-30	1E-10	1E10	1E-30	1E-10	1E10	1E-30	1E-10	1E10	1E-30	1E-10	1E10	1E-30	1E-10	1E10	1E-30	1E-10	1E10	1E-30	1E-10	1E10	1E-30	1E-10	1E10	1E-30	1E-10	1E10	1E-30	1E-10	1E10	1E-30	1E-10	1	-0.1	0.1
28	2.2E-12	1E10	1E11	1E-30	3.33477963816038E-10	1E10	1E-30	1E10	0.315969648080997	2.9101681786552E-11	1.00930586629549E-11	0.6664636768487	1E10	1E-30	1E-10	1E10	1E-30	1E-10	1E10	1E-30	1E-10	1E10	1E-30	1E-10	1E10	1E-30	1E-10	1E10	1E-30	1E-10	1E10	1E-30	1E-10	1E10	1E-30	1E-10	1E10	1E-30	1E-10	1E10	1E-30	1E-10	1E10	1E-30	1E-10	1E10	1E-30	1E-10	1E10	1E-30	1E-10	1E10	1E-30	1E-10	1	-0.25	0.25
29	2.7E-12	1E10	1E11	1E-30	3.36388957351581E-10	1E10	1E-30	1E10	0.284546626972385	4.96086824367398E-11	9.20451805716441E-12	0.620272730759549	1E10	1E-30	1E-10	1E10	1E-30	1E-10	1E10	1E-30	1E-10	1E10	1E-30	1E-10	1E10	1E-30	1E-10	1E10	1E-30	1E-10	1E10	1E-30	1E-10	1E10	1E-30	1E-10	1E10	1E-30	1E-10	1E10	1E-30	1E-10	1E10	1E-30	1E-10	1E10	1E-30	1E-10	1E10	1E-30	1E-10	1E10	1E-30	1E-10	1	-0.05	0.05
30	2.7E-12	1E10	1E11	1E-30	3.36388957351581E-10	1E10	1E-30	1E10	0.284546626972385	4.96086824367398E-11	9.20451805716441E-12	0.620272730759549	1E10	1E-30	1E-10	1E10	1E-30	1E-10	1E10	1E-30	1E-10	1E10	1E-30	1E-10	1E10	1E-30	1E-10	1E10	1E-30	1E-10	1E10	1E-30	1E-10	1E10	1E-30	1E-10	1E10	1E-30	1E-10	1E10	1E-30	1E-10	1E10	1E-30	1E-10	1E10	1E-30	1E-10	1E10	1E-30	1E-10	1E10	1E-30	1E-10	1	-0.1	0.1
31	2.7E-12	1E10	1E11	1E-30	3.36388957351581E-10	1E10	1E-30	1E10	0.284546626972385	4.96086824367398E-11	9.20451805716441E-12	0.620272730759549	1E10	1E-30	1E-10	1E10	1E-30	1E-10	1E10	1E-30	1E-10	1E10	1E-30	1E-10	1E10	1E-30	1E-10	1E10	1E-30	1E-10	1E10	1E-30	1E-10	1E10	1E-30	1E-10	1E10	1E-30	1E-10	1E10	1E-30	1E-10	1E10	1E-30	1E-10	1E10	1E-30	1E-10	1E10	1E-30	1E-10	1E10	1E-30	1E-10	1	-0.25	0.25
32	3E-12	1E10	1E11	1E-30	3.17200443861663E-10	1E10	1E-30	1E10	0.27411733680655	4.86349038077392E-11	9.16540190391907E-12	0.554824930424015	1E10	1E-30	1E-10	1E10	1E-30	1E-10	1E10	1E-30	1E-10	1E10	1E-30	1E-10	1E10	1E-30	1E-10	1E10	1E-30	1E-10	1E10	1E-30	1E-10	1E10	1E-30	1E-10	1E10	1E-30	1E-10	1E10	1E-30	1E-10	1E10	1E-30	1E-10	1E10	1E-30	1E-10	1E10	1E-30	1E-10	1E10	1E-30	1E-10	1	-0.1	0.1
33	3E-12	1E10	1E11	1E-30	3.17200443861663E-10	1E10	1E-30	1E10	0.27411733680655	4.86349038077392E-11	9.16540190391907E-12	0.554824930424015	1E10	1E-30	1E-10	1E10	1E-30	1E-10	1E10	1E-30	1E-10	1E10	1E-30	1E-10	1E10	1E-30	1E-10	1E10	1E-30	1E-10	1E10	1E-30	1E-10	1E10	1E-30	1E-10	1E10	1E-30	1E-10	1E10	1E-30	1E-10	1E10	1E-30	1E-10	1E10	1E-30	1E-10	1E10	1E-30	1E-10	1E10	1E-30	1E-10	1	-0.25	0.25
34	3E-12	1E10	1E11	1E-30	2.75300198134034E-10	1E10	1E-30	1E10	0.22038524249593	1E-30	6.87007322409998E-11	26.996094234731	1E-30	2.16370729678983E-11	0.199245731964724	1E10	1E-30	1E-10	1E10	1E-30	1E-10	1E10	1E-30	1E-10	1E10	1E-30	1E-10	1E10	1E-30	1E-10	1E10	1E-30	1E-10	1E10	1E-30	1E-10	1E10	1E-30	1E-10	1E10	1E-30	1E-10	1E10	1E-30	1E-10	1E10	1E-30	1E-10	1E10	1E-30	1E-10	1E10	1E-30	1E-10	1	-0.1	0.1
35	3E-12	1E10	1E11	1E-30	2.75300198134034E-10	1E10	1E-30	1E10	0.22038524249593	1E-30	6.87007322409998E-11	26.996094234731	1E-30	2.16370729678983E-11	0.199245731964724	1E10	1E-30	1E-10	1E10	1E-30	1E-10	1E10	1E-30	1E-10	1E10	1E-30	1E-10	1E10	1E-30	1E-10	1E10	1E-30	1E-10	1E10	1E-30	1E-10	1E10	1E-30	1E-10	1E10	1E-30	1E-10	1E10	1E-30	1E-10	1E10	1E-30	1E-10	1E10	1E-30	1E-10	1E10	1E-30	1E-10	1	-0.25	0.25
36	3.3E-12	1E10	1E11	1E-30	2.95081046910001E-10	1E10	1E-30	1E10	0.271903437025976	1E-30	8.89039473147011E-12	0.297384332176036	1.22465777853311E-11	2.23299460479544E-11	5.98977031286553	1E10	1E-30	1E-10	1E10	1E-30	1E-10	1E10	1E-30	1E-10	1E10	1E-30	1E-10	1E10	1E-30	1E-10	1E10	1E-30	1E-10	1E10	1E-30	1E-10	1E10	1E-30	1E-10	1E10	1E-30	1E-10	1E10	1E-30	1E-10	1E10	1E-30	1E-10	1E10	1E-30	1E-10	1E10	1E-30	1E-10	1	-0.1	0.1
37	3.3E-12	1E10	1E11	1E-30	2.95081046910001E-10	1E10	1E-30	1E10	0.271903437025976	1E-30	8.89039473147011E-12	0.297384332176036	1.22465777853311E-11	2.23299460479544E-11	5.98977031286553	1E10	1E-30	1E-10	1E10	1E-30	1E-10	1E10	1E-30	1E-10	1E10	1E-30	1E-10	1E10	1E-30	1E-10	1E10	1E-30	1E-10	1E10	1E-30	1E-10	1E10	1E-30	1E-10	1E10	1E-30	1E-10	1E10	1E-30	1E-10	1E10	1E-30	1E-10	1E10	1E-30	1E-10	1E10	1E-30	1E-10	1	-0.25	0.25
38	3.3E-12	1E10	1E11	1E-30	2.95081046910001E-10	1E10	1E-30	1E10	0.271903437025976	1E-30	8.89039473147011E-12	0.297384332176036	1.22465777853311E-11	2.23299460479544E-11	5.98977031286553	1E10	1E-30	1E-10	1E10	1E-30	1E-10	1E10	1E-30	1E-10	1E10	1E-30	1E-10	1E10	1E-30	1E-10	1E10	1E-30	1E-10	1E10	1E-30	1E-10	1E10	1E-30	1E-10	1E10	1E-30	1E-10	1E10	1E-30	1E-10	1E10	1E-30	1E-10	1E10	1E-30	1E-10	1E10	1E-30	1E-10	2	-2	2
39	3.9E-12	1E10	1E11	1E-30	2.6020586274361E-10	1E10	1E-30	1E10	0.254325610322063	1E-30	6.42786206596135E-12	0.126460581222431	5.05141343948418E-12	6.39095234812658E-11	26.790137818468	1E10	1E-30	1E-10	1E10	1E-30	1E-10	1E10	1E-30	1E-10	1E10	1E-30	1E-10	1E10	1E-30	1E-10	1E10	1E-30	1E-10	1E10	1E-30	1E-10	1E10	1E-30	1E-10	1E10	1E-30	1E-10	1E10	1E-30	1E-10	1E10	1E-30	1E-10	1E10	1E-30	1E-10	1E10	1E-30	1E-10	1	-0.1	0.1
40	3.9E-12	1E10	1E11	1E-30	2.6020586274361E-10	1E10	1E-30	1E10	0.254325610322063	1E-30	6.42786206596135E-12	0.126460581222431	5.05141343948418E-12	6.39095234812658E-11	26.790137818468	1E10	1E-30	1E-10	1E10	1E-30	1E-10	1E10	1E-30	1E-10	1E10	1E-30	1E-10	1E10	1E-30	1E-10	1E10	1E-30	1E-10	1E10	1E-30	1E-10	1E10	1E-30	1E-10	1E10	1E-30	1E-10	1E10	1E-30	1E-10	1E10	1E-30	1E-10	1E10	1E-30	1E-10	1E10	1E-30	1E-10	1	-0.25	0.25
41	4E-12	1E10	1E11	1E-30	1.31155332349911E-10	1E10	1E-30	1E10	0.249785784473593	1E-30	1.61661591066059E-10	240.702024371241	1E-30	2.01281159851052E-11	2.26820509111737	1.07796426958997E-11	2.92001536047569E-11	12.8120737909567	1E10	1E-30	1E-10	1E10	1E-30	1E-10	1E10	1E-30	1E-10	1E10	1E-30	1E-10	1E10	1E-30	1E-10	1E10	1E-30	1E-10	1E10	1E-30	1E-10	1E10	1E-30	1E-10	1E10	1E-30	1E-10	1E10	1E-30	1E-10	1E10	1E-30	1E-10	1E10	1E-30	1E-10	1	-0.1	0.1
42	4E-12	1E10	1E11	1E-30	1.31155332349911E-10	1E10	1E-30	1E10	0.249785784473593	1E-30	1.61661591066059E-10	240.702024371241	1E-30	2.01281159851052E-11	2.26820509111737	1.07796426958997E-11	2.92001536047569E-11	12.8120737909567	1E10	1E-30	1E-10	1E10	1E-30	1E-10	1E10	1E-30	1E-10	1E10	1E-30	1E-10	1E10	1E-30	1E-10	1E10	1E-30	1E-10	1E10	1E-30	1E-10	1E10	1E-30	1E-10	1E10	1E-30	1E-10	1E10	1E-30	1E-10	1E10	1E-30	1E-10	1E10	1E-30	1E-10	1	-0.25	0.25
43	4E-12	1E10	1E11	1E-30	1.31155332349911E-10	1E10	1E-30	1E10	0.249785784473593	1E-30	1.61661591066059E-10	240.702024371241	1E-30	2.01281159851052E-11	2.26820509111737	1.07796426958997E-11	2.92001536047569E-11	12.8120737909567	1E10	1E-30	1E-10	1E10	1E-30	1E-10	1E10	1E-30	1E-10	1E10	1E-30	1E-10	1E10	1E-30	1E-10	1E10	1E-30	1E-10	1E10	1E-30	1E-10	1E10	1E-30	1E-10	1E10	1E-30	1E-10	1E10	1E-30	1E-10	1E10	1E-30	1E-10	1E10	1E-30	1E-10	2	-2	2
44	4E-12	1E10	1E11	1E-30	1.31155332349911E-10	1E10	1E-30	1E10	0.249785784473593	1E-30	1.61661591066059E-10	240.702024371241	1E-30	2.01281159851052E-11	2.26820509111737	1.07796426958997E-11	2.92001536047569E-11	12.8120737909567	1E10	1E-30	1E-10	1E10	1E-30	1E-10	1E10	1E-30	1E-10	1E10	1E-30	1E-10	1E10	1E-30	1E-10	1E10	1E-30	1E-10	1E10	1E-30	1E-10	1E10	1E-30	1E-10	1E10	1E-30	1E-10	1E10	1E-30	1E-10	1E10	1E-30	1E-10	1E10	1E-30	1E-10	2	-5	5
45	4E-12	1E10	1E11	1E-30	3.0867950780441E-10	1E10	1E-30	1E10	0.198468416377588	1E-30	1.12093078036951E-11	0.255560882657582	1E-30	1.30977756472728E-11	0.116427140377461	1.5629371453766E-11	2.07755243200641E-11	9.44092633475156	1E10	1E-30	1E-10	1E10	1E-30	1E-10	1E10	1E-30	1E-10	1E10	1E-30	1E-10	1E10	1E-30	1E-10	1E10	1E-30	1E-10	1E10	1E-30	1E-10	1E10	1E-30	1E-10	1E10	1E-30	1E-10	1E10	1E-30	1E-10	1E10	1E-30	1E-10	1E10	1E-30	1E-10	1	-0.1	0.1
46	4E-12	1E10	1E11	1E-30	3.0867950780441E-10	1E10	1E-30	1E10	0.198468416377588	1E-30	1.12093078036951E-11	0.255560882657582	1E-30	1.30977756472728E-11	0.116427140377461	1.5629371453766E-11	2.07755243200641E-11	9.44092633475156	1E10	1E-30	1E-10	1E10	1E-30	1E-10	1E10	1E-30	1E-10	1E10	1E-30	1E-10	1E10	1E-30	1E-10	1E10	1E-30	1E-10	1E10	1E-30	1E-10	1E10	1E-30	1E-10	1E10	1E-30	1E-10	1E10	1E-30	1E-10	1E10	1E-30	1E-10	1E10	1E-30	1E-10	1	-0.25	0.25
47	4.3E-12	1E10	1E11	1E-30	2.90886090847186E-10	1E10	1E-30	1E10	0.247789903349984	1E-30	1.04607419501429E-11	0.296800572437254	1.13179835962707E-11	3.26929036608867E-11	12.868997722844	1E10	1E-30	1E-10	1E10	1E-30	1E-10	1E10	1E-30	1E-10	1E10	1E-30	1E-10	1E10	1E-30	1E-10	1E10	1E-30	1E-10	1E10	1E-30	1E-10	1E10	1E-30	1E-10	1E10	1E-30	1E-10	1E10	1E-30	1E-10	1E10	1E-30	1E-10	1E10	1E-30	1E-10	1E10	1E-30	1E-10	1	-0.1	0.1
48	4.3E-12	1E10	1E11	1E-30	2.90886090847186E-10	1E10	1E-30	1E10	0.247789903349984	1E-30	1.04607419501429E-11	0.296800572437254	1.13179835962707E-11	3.26929036608867E-11	12.868997722844	1E10	1E-30	1E-10	1E10	1E-30	1E-10	1E10	1E-30	1E-10	1E10	1E-30	1E-10	1E10	1E-30	1E-10	1E10	1E-30	1E-10	1E10	1E-30	1E-10	1E10	1E-30	1E-10	1E10	1E-30	1E-10	1E10	1E-30	1E-10	1E10	1E-30	1E-10	1E10	1E-30	1E-10	1E10	1E-30	1E-10	1	-0.25	0.25
49	4.7E-12	1E10	1E11	1E-30	2.8279632624789E-10	1E10	1E-30	1E10	0.247430385733795	1E-30	8.42338888456742E-12	0.256989685716579	9.29426995665351E-12	4.25317865948845E-11	15.1330023197263	1E10	1E-30	1E-10	1E10	1E-30	1E-10	1E10	1E-30	1E-10	1E10	1E-30	1E-10	1E10	1E-30	1E-10	1E10	1E-30	1E-10	1E10	1E-30	1E-10	1E10	1E-30	1E-10	1E10	1E-30	1E-10	1E10	1E-30	1E-10	1E10	1E-30	1E-10	1E10	1E-30	1E-10	1E10	1E-30	1E-10	1	-0.05	0.05
50	4.7E-12	1E10	1E11	1E-30	2.8279632624789E-10	1E10	1E-30	1E10	0.247430385733795	1E-30	8.42338888456742E-12	0.256989685716579	9.29426995665351E-12	4.25317865948845E-11	15.1330023197263	1E10	1E-30	1E-10	1E10	1E-30	1E-10	1E10	1E-30	1E-10	1E10	1E-30	1E-10	1E10	1E-30	1E-10	1E10	1E-30	1E-10	1E10	1E-30	1E-10	1E10	1E-30	1E-10	1E10	1E-30	1E-10	1E10	1E-30	1E-10	1E10	1E-30	1E-10	1E10	1E-30	1E-10	1E10	1E-30	1E-10	1	-0.1	0.1
51	4.7E-12	1E10	1E11	1E-30	2.8279632624789E-10	1E10	1E-30	1E10	0.247430385733795	1E-30	8.42338888456742E-12	0.256989685716579	9.29426995665351E-12	4.25317865948845E-11	15.1330023197263	1E10	1E-30	1E-10	1E10	1E-30	1E-10	1E10	1E-30	1E-10	1E10	1E-30	1E-10	1E10	1E-30	1E-10	1E10	1E-30	1E-10	1E10	1E-30	1E-10	1E10	1E-30	1E-10	1E10	1E-30	1E-10	1E10	1E-30	1E-10	1E10	1E-30	1E-10	1E10	1E-30	1E-10	1E10	1E-30	1E-10	1	-0.25	0.25
52	5E-12	1E10	1E11	1E-30	2.99402129010057E-10	1E10	1E-30	1E10	0.238985796556789	1E-30	1.36393208077744E-11	0.384254161018772	1.67544330343713E-11	2.5507965709456E-11	9.86506478770716	1E10	1E-30	1E-10	1E10	1E-30	1E-10	1E10	1E-30	1E-10	1E10	1E-30	1E-10	1E10	1E-30	1E-10	1E10	1E-30	1E-10	1E10	1E-30	1E-10	1E10	1E-30	1E-10	1E10	1E-30	1E-10	1E10	1E-30	1E-10	1E10	1E-30	1E-10	1E10	1E-30	1E-10	1E10	1E-30	1E-10	1	-0.1	0.1
53	5E-12	1E10	1E11	1E-30	2.99402129010057E-10	1E10	1E-30	1E10	0.238985796556789	1E-30	1.36393208077744E-11	0.384254161018772	1.67544330343713E-11	2.5507965709456E-11	9.86506478770716	1E10	1E-30	1E-10	1E10	1E-30	1E-10	1E10	1E-30	1E-10	1E10	1E-30	1E-10	1E10	1E-30	1E-10	1E10	1E-30	1E-10	1E10	1E-30	1E-10	1E10	1E-30	1E-10	1E10	1E-30	1E-10	1E10	1E-30	1E-10	1E10	1E-30	1E-10	1E10	1E-30	1E-10	1E10	1E-30	1E-10	1	-0.25	0.25
54	5E-12	1E10	1E11	1E-30	2.99402129010057E-10	1E10	1E-30	1E10	0.238985796556789	1E-30	1.36393208077744E-11	0.384254161018772	1.67544330343713E-11	2.5507965709456E-11	9.86506478770716	1E10	1E-30	1E-10	1E10	1E-30	1E-10	1E10	1E-30	1E-10	1E10	1E-30	1E-10	1E10	1E-30	1E-10	1E10	1E-30	1E-10	1E10	1E-30	1E-10	1E10	1E-30	1E-10	1E10	1E-30	1E-10	1E10	1E-30	1E-10	1E10	1E-30	1E-10	1E10	1E-30	1E-10	1E10	1E-30	1E-10	2	-1	1
55	5E-12	1E10	1E11	1E-30	3.11312232839148E-10	1E10	1E-30	1E10	0.198846775393957	1E-30	2.1778134094993E-11	0.279381899310465	1.64134692919198E-11	2.43856430606423E-11	8.850736419519	1E10	1E-30	1E-10	1E10	1E-30	1E-10	1E10	1E-30	1E-10	1E10	1E-30	1E-10	1E10	1E-30	1E-10	1E10	1E-30	1E-10	1E10	1E-30	1E-10	1E10	1E-30	1E-10	1E10	1E-30	1E-10	1E10	1E-30	1E-10	1E10	1E-30	1E-10	1E10	1E-30	1E-10	1E10	1E-30	1E-10	1	-0.1	0.1
56	5E-12	1E10	1E11	1E-30	3.11312232839148E-10	1E10	1E-30	1E10	0.198846775393957	1E-30	2.1778134094993E-11	0.279381899310465	1.64134692919198E-11	2.43856430606423E-11	8.850736419519	1E10	1E-30	1E-10	1E10	1E-30	1E-10	1E10	1E-30	1E-10	1E10	1E-30	1E-10	1E10	1E-30	1E-10	1E10	1E-30	1E-10	1E10	1E-30	1E-10	1E10	1E-30	1E-10	1E10	1E-30	1E-10	1E10	1E-30	1E-10	1E10	1E-30	1E-10	1E10	1E-30	1E-10	1E10	1E-30	1E-10	1	-0.25	0.25
57	5.6E-12	1E10	1E11	1E-30	2.93254864837299E-10	1E10	1E-30	1E10	0.232119817362528	1E-30	1.66720631309619E-11	0.641752318691818	2.00238448495629E-11	2.41889776843506E-11	8.73477811815912	1E10	1E-30	1E-10	1E10	1E-30	1E-10	1E10	1E-30	1E-10	1E10	1E-30	1E-10	1E10	1E-30	1E-10	1E10	1E-30	1E-10	1E10	1E-30	1E-10	1E10	1E-30	1E-10	1E10	1E-30	1E-10	1E10	1E-30	1E-10	1E10	1E-30	1E-10	1E10	1E-30	1E-10	1E10	1E-30	1E-10	1	-0.1	0.1
58	5.6E-12	1E10	1E11	1E-30	2.93254864837299E-10	1E10	1E-30	1E10	0.232119817362528	1E-30	1.66720631309619E-11	0.641752318691818	2.00238448495629E-11	2.41889776843506E-11	8.73477811815912	1E10	1E-30	1E-10	1E10	1E-30	1E-10	1E10	1E-30	1E-10	1E10	1E-30	1E-10	1E10	1E-30	1E-10	1E10	1E-30	1E-10	1E10	1E-30	1E-10	1E10	1E-30	1E-10	1E10	1E-30	1E-10	1E10	1E-30	1E-10	1E10	1E-30	1E-10	1E10	1E-30	1E-10	1E10	1E-30	1E-10	1	-0.25	0.25
59	5.6E-12	1E10	1E11	1E-30	2.93254864837299E-10	1E10	1E-30	1E10	0.232119817362528	1E-30	1.66720631309619E-11	0.641752318691818	2.00238448495629E-11	2.41889776843506E-11	8.73477811815912	1E10	1E-30	1E-10	1E10	1E-30	1E-10	1E10	1E-30	1E-10	1E10	1E-30	1E-10	1E10	1E-30	1E-10	1E10	1E-30	1E-10	1E10	1E-30	1E-10	1E10	1E-30	1E-10	1E10	1E-30	1E-10	1E10	1E-30	1E-10	1E10	1E-30	1E-10	1E10	1E-30	1E-10	1E10	1E-30	1E-10	1	-0.5	0.5
60	6E-12	1E10	1E11	1E-30	2.69658742902651E-10	1E10	1E-30	1E10	0.229728814916505	1E-30	1.0854140630725E-11	0.218089744218587	1.36467461128373E-11	3.7217831545488E-11	12.1326572543218	1.5455140262175E-11	2.05805992042318E-11	22.4529481340061	1E10	1E-30	1E-10	1E10	1E-30	1E-10	1E10	1E-30	1E-10	1E10	1E-30	1E-10	1E10	1E-30	1E-10	1E10	1E-30	1E-10	1E10	1E-30	1E-10	1E10	1E-30	1E-10	1E10	1E-30	1E-10	1E10	1E-30	1E-10	1E10	1E-30	1E-10	1E10	1E-30	1E-10	1	-0.1	0.1
61	6E-12	1E10	1E11	1E-30	2.69658742902651E-10	1E10	1E-30	1E10	0.229728814916505	1E-30	1.0854140630725E-11	0.218089744218587	1.36467461128373E-11	3.7217831545488E-11	12.1326572543218	1.5455140262175E-11	2.05805992042318E-11	22.4529481340061	1E10	1E-30	1E-10	1E10	1E-30	1E-10	1E10	1E-30	1E-10	1E10	1E-30	1E-10	1E10	1E-30	1E-10	1E10	1E-30	1E-10	1E10	1E-30	1E-10	1E10	1E-30	1E-10	1E10	1E-30	1E-10	1E10	1E-30	1E-10	1E10	1E-30	1E-10	1E10	1E-30	1E-10	1	-0.25	0.25
62	6E-12	1E10	1E11	1E-30	2.69658742902651E-10	1E10	1E-30	1E10	0.229728814916505	1E-30	1.0854140630725E-11	0.218089744218587	1.36467461128373E-11	3.7217831545488E-11	12.1326572543218	1.5455140262175E-11	2.05805992042318E-11	22.4529481340061	1E10	1E-30	1E-10	1E10	1E-30	1E-10	1E10	1E-30	1E-10	1E10	1E-30	1E-10	1E10	1E-30	1E-10	1E10	1E-30	1E-10	1E10	1E-30	1E-10	1E10	1E-30	1E-10	1E10	1E-30	1E-10	1E10	1E-30	1E-10	1E10	1E-30	1E-10	1E10	1E-30	1E-10	1	-0.5	0.5
63	6E-12	1E10	1E11	1E-30	2.69658742902651E-10	1E10	1E-30	1E10	0.229728814916505	1E-30	1.0854140630725E-11	0.218089744218587	1.36467461128373E-11	3.7217831545488E-11	12.1326572543218	1.5455140262175E-11	2.05805992042318E-11	22.4529481340061	1E10	1E-30	1E-10	1E10	1E-30	1E-10	1E10	1E-30	1E-10	1E10	1E-30	1E-10	1E10	1E-30	1E-10	1E10	1E-30	1E-10	1E10	1E-30	1E-10	1E10	1E-30	1E-10	1E10	1E-30	1E-10	1E10	1E-30	1E-10	1E10	1E-30	1E-10	1E10	1E-30	1E-10	2	-1	1
64	6.3E-12	1E10	1E11	1E-30	3.15402592843864E-10	1E10	1E-30	1E10	0.235887733765143	1E-30	2.32772236404022E-11	0.373843563100767	1.98448167211869E-11	2.60301408157555E-11	8.08870926813692	1E10	1E-30	1E-10	1E10	1E-30	1E-10	1E10	1E-30	1E-10	1E10	1E-30	1E-10	1E10	1E-30	1E-10	1E10	1E-30	1E-10	1E10	1E-30	1E-10	1E10	1E-30	1E-10	1E10	1E-30	1E-10	1E10	1E-30	1E-10	1E10	1E-30	1E-10	1E10	1E-30	1E-10	1E10	1E-30	1E-10	1	-0.1	0.1
65	6.3E-12	1E10	1E11	1E-30	3.15402592843864E-10	1E10	1E-30	1E10	0.235887733765143	1E-30	2.32772236404022E-11	0.373843563100767	1.98448167211869E-11	2.60301408157555E-11	8.08870926813692	1E10	1E-30	1E-10	1E10	1E-30	1E-10	1E10	1E-30	1E-10	1E10	1E-30	1E-10	1E10	1E-30	1E-10	1E10	1E-30	1E-10	1E10	1E-30	1E-10	1E10	1E-30	1E-10	1E10	1E-30	1E-10	1E10	1E-30	1E-10	1E10	1E-30	1E-10	1E10	1E-30	1E-10	1E10	1E-30	1E-10	1	-0.25	0.25
66	6.8E-12	1E10	1E11	1E-30	2.77250451444508E-10	1E10	1E-30	1E10	0.226807941886213	1E-30	1.16254273062445E-11	0.301130595433828	1.7543591547069E-11	3.21725223093484E-11	9.91755110025914	1.39914560918195E-11	2.34040106803676E-11	9.27341356912591	1E10	1E-30	1E-10	1E10	1E-30	1E-10	1E10	1E-30	1E-10	1E10	1E-30	1E-10	1E10	1E-30	1E-10	1E10	1E-30	1E-10	1E10	1E-30	1E-10	1E10	1E-30	1E-10	1E10	1E-30	1E-10	1E10	1E-30	1E-10	1E10	1E-30	1E-10	1E10	1E-30	1E-10	1	-0.05	0.05
67	6.8E-12	1E10	1E11	1E-30	2.77250451444508E-10	1E10	1E-30	1E10	0.226807941886213	1E-30	1.16254273062445E-11	0.301130595433828	1.7543591547069E-11	3.21725223093484E-11	9.91755110025914	1.39914560918195E-11	2.34040106803676E-11	9.27341356912591	1E10	1E-30	1E-10	1E10	1E-30	1E-10	1E10	1E-30	1E-10	1E10	1E-30	1E-10	1E10	1E-30	1E-10	1E10	1E-30	1E-10	1E10	1E-30	1E-10	1E10	1E-30	1E-10	1E10	1E-30	1E-10	1E10	1E-30	1E-10	1E10	1E-30	1E-10	1E10	1E-30	1E-10	1	-0.1	0.1
68	6.8E-12	1E10	1E11	1E-30	2.77250451444508E-10	1E10	1E-30	1E10	0.226807941886213	1E-30	1.16254273062445E-11	0.301130595433828	1.7543591547069E-11	3.21725223093484E-11	9.91755110025914	1.39914560918195E-11	2.34040106803676E-11	9.27341356912591	1E10	1E-30	1E-10	1E10	1E-30	1E-10	1E10	1E-30	1E-10	1E10	1E-30	1E-10	1E10	1E-30	1E-10	1E10	1E-30	1E-10	1E10	1E-30	1E-10	1E10	1E-30	1E-10	1E10	1E-30	1E-10	1E10	1E-30	1E-10	1E10	1E-30	1E-10	1E10	1E-30	1E-10	1	-0.25	0.25
69	6.8E-12	1E10	1E11	1E-30	2.77250451444508E-10	1E10	1E-30	1E10	0.226807941886213	1E-30	1.16254273062445E-11	0.301130595433828	1.7543591547069E-11	3.21725223093484E-11	9.91755110025914	1.39914560918195E-11	2.34040106803676E-11	9.27341356912591	1E10	1E-30	1E-10	1E10	1E-30	1E-10	1E10	1E-30	1E-10	1E10	1E-30	1E-10	1E10	1E-30	1E-10	1E10	1E-30	1E-10	1E10	1E-30	1E-10	1E10	1E-30	1E-10	1E10	1E-30	1E-10	1E10	1E-30	1E-10	1E10	1E-30	1E-10	1E10	1E-30	1E-10	1	-0.5	0.5
70	6.8E-12	1E10	1E11	1E-30	2.77250451444508E-10	1E10	1E-30	1E10	0.226807941886213	1E-30	1.16254273062445E-11	0.301130595433828	1.7543591547069E-11	3.21725223093484E-11	9.91755110025914	1.39914560918195E-11	2.34040106803676E-11	9.27341356912591	1E10	1E-30	1E-10	1E10	1E-30	1E-10	1E10	1E-30	1E-10	1E10	1E-30	1E-10	1E10	1E-30	1E-10	1E10	1E-30	1E-10	1E10	1E-30	1E-10	1E10	1E-30	1E-10	1E10	1E-30	1E-10	1E10	1E-30	1E-10	1E10	1E-30	1E-10	1E10	1E-30	1E-10	2	-1	1
71	7E-12	1E10	1E11	1E-30	2.77867100273453E-10	1E10	1E-30	1E10	0.222685460484013	1E-30	1.26812595313909E-11	0.305621999727164	1.92684070636416E-11	3.07817368904418E-11	9.54044543051283	1.53169059440721E-11	1.98316989181113E-11	8.81404530445561	1E10	1E-30	1E-10	1E10	1E-30	1E-10	1E10	1E-30	1E-10	1E10	1E-30	1E-10	1E10	1E-30	1E-10	1E10	1E-30	1E-10	1E10	1E-30	1E-10	1E10	1E-30	1E-10	1E10	1E-30	1E-10	1E10	1E-30	1E-10	1E10	1E-30	1E-10	1E10	1E-30	1E-10	1	-0.05	0.05
72	7E-12	1E10	1E11	1E-30	2.77867100273453E-10	1E10	1E-30	1E10	0.222685460484013	1E-30	1.26812595313909E-11	0.305621999727164	1.92684070636416E-11	3.07817368904418E-11	9.54044543051283	1.53169059440721E-11	1.98316989181113E-11	8.81404530445561	1E10	1E-30	1E-10	1E10	1E-30	1E-10	1E10	1E-30	1E-10	1E10	1E-30	1E-10	1E10	1E-30	1E-10	1E10	1E-30	1E-10	1E10	1E-30	1E-10	1E10	1E-30	1E-10	1E10	1E-30	1E-10	1E10	1E-30	1E-10	1E10	1E-30	1E-10	1E10	1E-30	1E-10	1	-0.1	0.1
73	7E-12	1E10	1E11	1E-30	2.77867100273453E-10	1E10	1E-30	1E10	0.222685460484013	1E-30	1.26812595313909E-11	0.305621999727164	1.92684070636416E-11	3.07817368904418E-11	9.54044543051283	1.53169059440721E-11	1.98316989181113E-11	8.81404530445561	1E10	1E-30	1E-10	1E10	1E-30	1E-10	1E10	1E-30	1E-10	1E10	1E-30	1E-10	1E10	1E-30	1E-10	1E10	1E-30	1E-10	1E10	1E-30	1E-10	1E10	1E-30	1E-10	1E10	1E-30	1E-10	1E10	1E-30	1E-10	1E10	1E-30	1E-10	1E10	1E-30	1E-10	1	-0.25	0.25
74	7E-12	1E10	1E11	1E-30	2.77867100273453E-10	1E10	1E-30	1E10	0.222685460484013	1E-30	1.26812595313909E-11	0.305621999727164	1.92684070636416E-11	3.07817368904418E-11	9.54044543051283	1.53169059440721E-11	1.98316989181113E-11	8.81404530445561	1E10	1E-30	1E-10	1E10	1E-30	1E-10	1E10	1E-30	1E-10	1E10	1E-30	1E-10	1E10	1E-30	1E-10	1E10	1E-30	1E-10	1E10	1E-30	1E-10	1E10	1E-30	1E-10	1E10	1E-30	1E-10	1E10	1E-30	1E-10	1E10	1E-30	1E-10	1E10	1E-30	1E-10	1	-0.5	0.5
75	7E-12	1E10	1E11	1E-30	2.77867100273453E-10	1E10	1E-30	1E10	0.222685460484013	1E-30	1.26812595313909E-11	0.305621999727164	1.92684070636416E-11	3.07817368904418E-11	9.54044543051283	1.53169059440721E-11	1.98316989181113E-11	8.81404530445561	1E10	1E-30	1E-10	1E10	1E-30	1E-10	1E10	1E-30	1E-10	1E10	1E-30	1E-10	1E10	1E-30	1E-10	1E10	1E-30	1E-10	1E10	1E-30	1E-10	1E10	1E-30	1E-10	1E10	1E-30	1E-10	1E10	1E-30	1E-10	1E10	1E-30	1E-10	1E10	1E-30	1E-10	2	-1	1
76	8E-12	1E10	1E11	1E-30	2.74701052229097E-10	1E10	1E-30	1E10	0.222787571257018	1E-30	1.00516763779361E-11	0.146920855873389	2.71810926253789E-11	2.58146246350342E-11	7.23811476608927	8.23585012366018E-12	3.32840626635235E-11	7.52256904283159	1E10	1E-30	1E-10	1E10	1E-30	1E-10	1E10	1E-30	1E-10	1E10	1E-30	1E-10	1E10	1E-30	1E-10	1E10	1E-30	1E-10	1E10	1E-30	1E-10	1E10	1E-30	1E-10	1E10	1E-30	1E-10	1E10	1E-30	1E-10	1E10	1E-30	1E-10	1E10	1E-30	1E-10	1	-0.05	0.05
77	8E-12	1E10	1E11	1E-30	2.74701052229097E-10	1E10	1E-30	1E10	0.222787571257018	1E-30	1.00516763779361E-11	0.146920855873389	2.71810926253789E-11	2.58146246350342E-11	7.23811476608927	8.23585012366018E-12	3.32840626635235E-11	7.52256904283159	1E10	1E-30	1E-10	1E10	1E-30	1E-10	1E10	1E-30	1E-10	1E10	1E-30	1E-10	1E10	1E-30	1E-10	1E10	1E-30	1E-10	1E10	1E-30	1E-10	1E10	1E-30	1E-10	1E10	1E-30	1E-10	1E10	1E-30	1E-10	1E10	1E-30	1E-10	1E10	1E-30	1E-10	1	-0.1	0.1
78	8E-12	1E10	1E11	1E-30	2.74701052229097E-10	1E10	1E-30	1E10	0.222787571257018	1E-30	1.00516763779361E-11	0.146920855873389	2.71810926253789E-11	2.58146246350342E-11	7.23811476608927	8.23585012366018E-12	3.32840626635235E-11	7.52256904283159	1E10	1E-30	1E-10	1E10	1E-30	1E-10	1E10	1E-30	1E-10	1E10	1E-30	1E-10	1E10	1E-30	1E-10	1E10	1E-30	1E-10	1E10	1E-30	1E-10	1E10	1E-30	1E-10	1E10	1E-30	1E-10	1E10	1E-30	1E-10	1E10	1E-30	1E-10	1E10	1E-30	1E-10	1	-0.25	0.25
79	8E-12	1E10	1E11	1E-30	2.74701052229097E-10	1E10	1E-30	1E10	0.222787571257018	1E-30	1.00516763779361E-11	0.146920855873389	2.71810926253789E-11	2.58146246350342E-11	7.23811476608927	8.23585012366018E-12	3.32840626635235E-11	7.52256904283159	1E10	1E-30	1E-10	1E10	1E-30	1E-10	1E10	1E-30	1E-10	1E10	1E-30	1E-10	1E10	1E-30	1E-10	1E10	1E-30	1E-10	1E10	1E-30	1E-10	1E10	1E-30	1E-10	1E10	1E-30	1E-10	1E10	1E-30	1E-10	1E10	1E-30	1E-10	1E10	1E-30	1E-10	1	-0.5	0.5
80	8E-12	1E10	1E11	1E-30	2.74701052229097E-10	1E10	1E-30	1E10	0.222787571257018	1E-30	1.00516763779361E-11	0.146920855873389	2.71810926253789E-11	2.58146246350342E-11	7.23811476608927	8.23585012366018E-12	3.32840626635235E-11	7.52256904283159	1E10	1E-30	1E-10	1E10	1E-30	1E-10	1E10	1E-30	1E-10	1E10	1E-30	1E-10	1E10	1E-30	1E-10	1E10	1E-30	1E-10	1E10	1E-30	1E-10	1E10	1E-30	1E-10	1E10	1E-30	1E-10	1E10	1E-30	1E-10	1E10	1E-30	1E-10	1E10	1E-30	1E-10	2	-1	1
81	8.2E-12	1E10	1E11	1E-30	2.93532949866106E-10	1E10	1E-30	1E10	0.219387632285881	1E-30	1.58244023406414E-11	0.384541864006201	2.89566450056556E-11	2.4148036000524E-11	6.90711011261963	2.81506306942171E-11	1.06300078372904E-11	2.36168952118584	1E10	1E-30	1E-10	1E10	1E-30	1E-10	1E10	1E-30	1E-10	1E10	1E-30	1E-10	1E10	1E-30	1E-10	1E10	1E-30	1E-10	1E10	1E-30	1E-10	1E10	1E-30	1E-10	1E10	1E-30	1E-10	1E10	1E-30	1E-10	1E10	1E-30	1E-10	1E10	1E-30	1E-10	1	-0.1	0.1
82	8.2E-12	1E10	1E11	1E-30	2.93532949866106E-10	1E10	1E-30	1E10	0.219387632285881	1E-30	1.58244023406414E-11	0.384541864006201	2.89566450056556E-11	2.4148036000524E-11	6.90711011261963	2.81506306942171E-11	1.06300078372904E-11	2.36168952118584	1E10	1E-30	1E-10	1E10	1E-30	1E-10	1E10	1E-30	1E-10	1E10	1E-30	1E-10	1E10	1E-30	1E-10	1E10	1E-30	1E-10	1E10	1E-30	1E-10	1E10	1E-30	1E-10	1E10	1E-30	1E-10	1E10	1E-30	1E-10	1E10	1E-30	1E-10	1E10	1E-30	1E-10	1	-0.25	0.25
83	8.2E-12	1E10	1E11	1E-30	2.93532949866106E-10	1E10	1E-30	1E10	0.219387632285881	1E-30	1.58244023406414E-11	0.384541864006201	2.89566450056556E-11	2.4148036000524E-11	6.90711011261963	2.81506306942171E-11	1.06300078372904E-11	2.36168952118584	1E10	1E-30	1E-10	1E10	1E-30	1E-10	1E10	1E-30	1E-10	1E10	1E-30	1E-10	1E10	1E-30	1E-10	1E10	1E-30	1E-10	1E10	1E-30	1E-10	1E10	1E-30	1E-10	1E10	1E-30	1E-10	1E10	1E-30	1E-10	1E10	1E-30	1E-10	1E10	1E-30	1E-10	1	-0.5	0.5
84	9E-12	1E10	1E11	1E-30	2.94609176617196E-10	1E10	1E-30	1E10	0.215894341796928	1E-30	1.50506396756086E-11	0.285358877990895	3.08916770728356E-11	2.51623880337793E-11	7.11883524724087	1.63073583350129E-11	1.9357440487245E-11	4.00628778375791	1E10	1E-30	1E-10	1E10	1E-30	1E-10	1E10	1E-30	1E-10	1E10	1E-30	1E-10	1E10	1E-30	1E-10	1E10	1E-30	1E-10	1E10	1E-30	1E-10	1E10	1E-30	1E-10	1E10	1E-30	1E-10	1E10	1E-30	1E-10	1E10	1E-30	1E-10	1E10	1E-30	1E-10	1	-0.05	0.05
85	9E-12	1E10	1E11	1E-30	2.94609176617196E-10	1E10	1E-30	1E10	0.215894341796928	1E-30	1.50506396756086E-11	0.285358877990895	3.08916770728356E-11	2.51623880337793E-11	7.11883524724087	1.63073583350129E-11	1.9357440487245E-11	4.00628778375791	1E10	1E-30	1E-10	1E10	1E-30	1E-10	1E10	1E-30	1E-10	1E10	1E-30	1E-10	1E10	1E-30	1E-10	1E10	1E-30	1E-10	1E10	1E-30	1E-10	1E10	1E-30	1E-10	1E10	1E-30	1E-10	1E10	1E-30	1E-10	1E10	1E-30	1E-10	1E10	1E-30	1E-10	1	-0.1	0.1
86	9E-12	1E10	1E11	1E-30	2.94609176617196E-10	1E10	1E-30	1E10	0.215894341796928	1E-30	1.50506396756086E-11	0.285358877990895	3.08916770728356E-11	2.51623880337793E-11	7.11883524724087	1.63073583350129E-11	1.9357440487245E-11	4.00628778375791	1E10	1E-30	1E-10	1E10	1E-30	1E-10	1E10	1E-30	1E-10	1E10	1E-30	1E-10	1E10	1E-30	1E-10	1E10	1E-30	1E-10	1E10	1E-30	1E-10	1E10	1E-30	1E-10	1E10	1E-30	1E-10	1E10	1E-30	1E-10	1E10	1E-30	1E-10	1E10	1E-30	1E-10	1	-0.25	0.25
87	9E-12	1E10	1E11	1E-30	2.94609176617196E-10	1E10	1E-30	1E10	0.215894341796928	1E-30	1.50506396756086E-11	0.285358877990895	3.08916770728356E-11	2.51623880337793E-11	7.11883524724087	1.63073583350129E-11	1.9357440487245E-11	4.00628778375791	1E10	1E-30	1E-10	1E10	1E-30	1E-10	1E10	1E-30	1E-10	1E10	1E-30	1E-10	1E10	1E-30	1E-10	1E10	1E-30	1E-10	1E10	1E-30	1E-10	1E10	1E-30	1E-10	1E10	1E-30	1E-10	1E10	1E-30	1E-10	1E10	1E-30	1E-10	1E10	1E-30	1E-10	1	-0.5	0.5
88	1E-11	1E10	1E11	1E-30	2.67130526206652E-10	1E10	1E-30	1E10	0.211220868721896	1E-30	7.3994660084379E-12	0.116147428029159	4.13132170987035E-11	2.13794879434263E-11	5.92296590374734	7.90616363701104E-12	3.52156966636065E-11	4.80809670940894	1E10	1E-30	1E-10	1E10	1E-30	1E-10	1E10	1E-30	1E-10	1E10	1E-30	1E-10	1E10	1E-30	1E-10	1E10	1E-30	1E-10	1E10	1E-30	1E-10	1E10	1E-30	1E-10	1E10	1E-30	1E-10	1E10	1E-30	1E-10	1E10	1E-30	1E-10	1E10	1E-30	1E-10	2	-1	1
89	1E-11	1E10	1E11	1E-30	2.67130526206652E-10	1E10	1E-30	1E10	0.211220868721896	1E-30	7.3994660084379E-12	0.116147428029159	4.13132170987035E-11	2.13794879434263E-11	5.92296590374734	7.90616363701104E-12	3.52156966636065E-11	4.80809670940894	1E10	1E-30	1E-10	1E10	1E-30	1E-10	1E10	1E-30	1E-10	1E10	1E-30	1E-10	1E10	1E-30	1E-10	1E10	1E-30	1E-10	1E10	1E-30	1E-10	1E10	1E-30	1E-10	1E10	1E-30	1E-10	1E10	1E-30	1E-10	1E10	1E-30	1E-10	1E10	1E-30	1E-10	2	-2	2
90	1E-11	1E10	1E11	1E-30	2.67130526206652E-10	1E10	1E-30	1E10	0.211220868721896	1E-30	7.3994660084379E-12	0.116147428029159	4.13132170987035E-11	2.13794879434263E-11	5.92296590374734	7.90616363701104E-12	3.52156966636065E-11	4.80809670940894	1E10	1E-30	1E-10	1E10	1E-30	1E-10	1E10	1E-30	1E-10	1E10	1E-30	1E-10	1E10	1E-30	1E-10	1E10	1E-30	1E-10	1E10	1E-30	1E-10	1E10	1E-30	1E-10	1E10	1E-30	1E-10	1E10	1E-30	1E-10	1E10	1E-30	1E-10	1E10	1E-30	1E-10	2	-5	5
91	1E-11	1E10	1E11	1E-30	2.67130526206652E-10	1E10	1E-30	1E10	0.211220868721896	1E-30	7.3994660084379E-12	0.116147428029159	4.13132170987035E-11	2.13794879434263E-11	5.92296590374734	7.90616363701104E-12	3.52156966636065E-11	4.80809670940894	1E10	1E-30	1E-10	1E10	1E-30	1E-10	1E10	1E-30	1E-10	1E10	1E-30	1E-10	1E10	1E-30	1E-10	1E10	1E-30	1E-10	1E10	1E-30	1E-10	1E10	1E-30	1E-10	1E10	1E-30	1E-10	1E10	1E-30	1E-10	1E10	1E-30	1E-10	1E10	1E-30	1E-10	2	-2.5	2.5
92	1.2E-11	1E10	1E11	1E-30	2.25361912835618E-10	1E10	1E-30	1E10	0.108196075995464	1E-30	1.16393427469456E-11	0.211017861331487	1E-30	4.17960895573494E-11	0.117639986706571	9.33533992478978E-11	1.14428109968511E-11	2.46481314820875	1.44356608650219E-11	2.42834228542722E-11	3.12946372133276	4.41300224821134E-12	6.00133712203474E-11	4995.08472358776	1E10	1E-30	1E-10	1E10	1E-30	1E-10	1E10	1E-30	1E-10	1E10	1E-30	1E-10	1E10	1E-30	1E-10	1E10	1E-30	1E-10	1E10	1E-30	1E-10	1E10	1E-30	1E-10	1E10	1E-30	1E-10	1E10	1E-30	1E-10	2	-5	5
93	1.2E-11	1E10	1E11	1E-30	2.33031591648974E-10	1E10	1E-30	1E10	0.240261609477914	7.0973548525225E-11	1.50948681064684E-11	3.40832959707269	4.59596440891268E-12	5.87698473749722E-11	22.9209004541128	1E10	1E-30	1E-10	1E10	1E-30	1E-10	1E10	1E-30	1E-10	1E10	1E-30	1E-10	1E10	1E-30	1E-10	1E10	1E-30	1E-10	1E10	1E-30	1E-10	1E10	1E-30	1E-10	1E10	1E-30	1E-10	1E10	1E-30	1E-10	1E10	1E-30	1E-10	1E10	1E-30	1E-10	1E10	1E-30	1E-10	2	-1	1
94	1.2E-11	1E10	1E11	1E-30	2.33031591648974E-10	1E10	1E-30	1E10	0.240261609477914	7.0973548525225E-11	1.50948681064684E-11	3.40832959707269	4.59596440891268E-12	5.87698473749722E-11	22.9209004541128	1E10	1E-30	1E-10	1E10	1E-30	1E-10	1E10	1E-30	1E-10	1E10	1E-30	1E-10	1E10	1E-30	1E-10	1E10	1E-30	1E-10	1E10	1E-30	1E-10	1E10	1E-30	1E-10	1E10	1E-30	1E-10	1E10	1E-30	1E-10	1E10	1E-30	1E-10	1E10	1E-30	1E-10	1E10	1E-30	1E-10	2	-2	2
95	1.2E-11	1E10	1E11	1E-30	2.33031591648974E-10	1E10	1E-30	1E10	0.240261609477914	7.0973548525225E-11	1.50948681064684E-11	3.40832959707269	4.59596440891268E-12	5.87698473749722E-11	22.9209004541128	1E10	1E-30	1E-10	1E10	1E-30	1E-10	1E10	1E-30	1E-10	1E10	1E-30	1E-10	1E10	1E-30	1E-10	1E10	1E-30	1E-10	1E10	1E-30	1E-10	1E10	1E-30	1E-10	1E10	1E-30	1E-10	1E10	1E-30	1E-10	1E10	1E-30	1E-10	1E10	1E-30	1E-10	1E10	1E-30	1E-10	2	-5	5
96	1.5E-11	1E10	1E11	1E-30	2.37130446946773E-10	1E10	1E-30	1E10	0.106365138716823	1E-30	2.00601666361902E-11	0.399580077350511	1E-30	3.51199913675696E-11	0.105473523438099	1.06312166274083E-10	1.00513063402125E-11	1.60544580212146	2.87056289763273E-11	1.18354379416775E-11	2.12882140535134	2.31749782679977E-12	8.88228374925702E-11	1E5	1E10	1E-30	1E-10	1E10	1E-30	1E-10	1E10	1E-30	1E-10	1E10	1E-30	1E-10	1E10	1E-30	1E-10	1E10	1E-30	1E-10	1E10	1E-30	1E-10	1E10	1E-30	1E-10	1E10	1E-30	1E-10	1E10	1E-30	1E-10	2	-5	5
97	1.5E-11	1E10	1E11	1E-30	3.27067263639402E-10	1E10	1E-30	1E10	0.201003158193074	1E-30	2.06568787272041E-11	0.478636042903507	1.62142335719012E-10	6.68196118893414E-12	1.44380525556142	1.82884683705808E-11	1.68677656295473E-11	3.56022430092228	1E10	1E-30	1E-10	1E10	1E-30	1E-10	1E10	1E-30	1E-10	1E10	1E-30	1E-10	1E10	1E-30	1E-10	1E10	1E-30	1E-10	1E10	1E-30	1E-10	1E10	1E-30	1E-10	1E10	1E-30	1E-10	1E10	1E-30	1E-10	1E10	1E-30	1E-10	1E10	1E-30	1E-10	2	-1	1
98	1.5E-11	1E10	1E11	1E-30	3.27067263639402E-10	1E10	1E-30	1E10	0.201003158193074	1E-30	2.06568787272041E-11	0.478636042903507	1.62142335719012E-10	6.68196118893414E-12	1.44380525556142	1.82884683705808E-11	1.68677656295473E-11	3.56022430092228	1E10	1E-30	1E-10	1E10	1E-30	1E-10	1E10	1E-30	1E-10	1E10	1E-30	1E-10	1E10	1E-30	1E-10	1E10	1E-30	1E-10	1E10	1E-30	1E-10	1E10	1E-30	1E-10	1E10	1E-30	1E-10	1E10	1E-30	1E-10	1E10	1E-30	1E-10	1E10	1E-30	1E-10	2	-2	2
99	1.5E-11	1E10	1E11	1E-30	3.27067263639402E-10	1E10	1E-30	1E10	0.201003158193074	1E-30	2.06568787272041E-11	0.478636042903507	1.62142335719012E-10	6.68196118893414E-12	1.44380525556142	1.82884683705808E-11	1.68677656295473E-11	3.56022430092228	1E10	1E-30	1E-10	1E10	1E-30	1E-10	1E10	1E-30	1E-10	1E10	1E-30	1E-10	1E10	1E-30	1E-10	1E10	1E-30	1E-10	1E10	1E-30	1E-10	1E10	1E-30	1E-10	1E10	1E-30	1E-10	1E10	1E-30	1E-10	1E10	1E-30	1E-10	1E10	1E-30	1E-10	2	-5	5
100	1.8E-11	1E10	1E11	1E-30	2.21820404008232E-10	1E10	1E-30	1E10	0.105230305313283	1E-30	1.46350409276938E-11	0.083981874312209	1E-30	1.92226556152019E-11	5.09588670028831E-02	2.87621746789683E-10	4.8874002032949E-12	0.870523625859734	1.19054579222146E-11	3.67903660354756E-11	6.64475392278535	3.62393644918941E-12	7.78084636330508E-11	1E5	1E10	1E-30	1E-10	1E10	1E-30	1E-10	1E10	1E-30	1E-10	1E10	1E-30	1E-10	1E10	1E-30	1E-10	1E10	1E-30	1E-10	1E10	1E-30	1E-10	1E10	1E-30	1E-10	1E10	1E-30	1E-10	1E10	1E-30	1E-10	2	-5	5
101	1.8E-11	1E10	1E11	1E-30	3.18334757283361E-10	1E10	1E-30	1E10	0.181609293321966	1E-30	1.62090518825141E-11	0.450678845794462	1.35133182186829E-10	1.00313695018213E-11	1.74400622198392	3.77903992522975E-11	1.14867601270615E-11	1.59939956221867	1E10	1E-30	1E-10	1E10	1E-30	1E-10	1E10	1E-30	1E-10	1E10	1E-30	1E-10	1E10	1E-30	1E-10	1E10	1E-30	1E-10	1E10	1E-30	1E-10	1E10	1E-30	1E-10	1E10	1E-30	1E-10	1E10	1E-30	1E-10	1E10	1E-30	1E-10	1E10	1E-30	1E-10	2	-1	1
102	1.8E-11	1E10	1E11	1E-30	3.18334757283361E-10	1E10	1E-30	1E10	0.181609293321966	1E-30	1.62090518825141E-11	0.450678845794462	1.35133182186829E-10	1.00313695018213E-11	1.74400622198392	3.77903992522975E-11	1.14867601270615E-11	1.59939956221867	1E10	1E-30	1E-10	1E10	1E-30	1E-10	1E10	1E-30	1E-10	1E10	1E-30	1E-10	1E10	1E-30	1E-10	1E10	1E-30	1E-10	1E10	1E-30	1E-10	1E10	1E-30	1E-10	1E10	1E-30	1E-10	1E10	1E-30	1E-10	1E10	1E-30	1E-10	1E10	1E-30	1E-10	2	-2	2
103	1.8E-11	1E10	1E11	1E-30	3.18334757283361E-10	1E10	1E-30	1E10	0.181609293321966	1E-30	1.62090518825141E-11	0.450678845794462	1.35133182186829E-10	1.00313695018213E-11	1.74400622198392	3.77903992522975E-11	1.14867601270615E-11	1.59939956221867	1E10	1E-30	1E-10	1E10	1E-30	1E-10	1E10	1E-30	1E-10	1E10	1E-30	1E-10	1E10	1E-30	1E-10	1E10	1E-30	1E-10	1E10	1E-30	1E-10	1E10	1E-30	1E-10	1E10	1E-30	1E-10	1E10	1E-30	1E-10	1E10	1E-30	1E-10	1E10	1E-30	1E-10	2	-5	5
104	2.2E-11	1E10	1E11	1E-30	1.69929473340802E-10	1E10	1E-30	1E10	0.100700328531256	1E-30	2.01425501189949E-11	0.148315715036624	1E-30	2.75437464747101E-11	3.67022385119253E-02	1.32855240253357E-10	1.23801632569991E-11	1.89242890642093	1.43917486927993E-11	3.18994721677413E-11	4.74413085887599	1.90896032071103E-12	1.38198415656445E-10	1E5	1E10	1E-30	1E-10	1E10	1E-30	1E-10	1E10	1E-30	1E-10	1E10	1E-30	1E-10	1E10	1E-30	1E-10	1E10	1E-30	1E-10	1E10	1E-30	1E-10	1E10	1E-30	1E-10	1E10	1E-30	1E-10	1E10	1E-30	1E-10	2	-5	5
105	2.2E-11	1E10	1E11	1E-30	3.110771895141E-10	1E10	1E-30	1E10	0.17487938996406	1E-30	1.89434182198174E-11	2.64318699200649	1E-30	2.09708918677163E-11	0.644120735916176	1.61004323025857E-10	9.98381437688955E-12	1.68129516823229	8.40349987878825E-11	6.49344188459468E-12	1.17699437894716	1E10	1E-30	1E-10	1E10	1E-30	1E-10	1E10	1E-30	1E-10	1E10	1E-30	1E-10	1E10	1E-30	1E-10	1E10	1E-30	1E-10	1E10	1E-30	1E-10	1E10	1E-30	1E-10	1E10	1E-30	1E-10	1E10	1E-30	1E-10	1E10	1E-30	1E-10	2	-1	1
106	2.2E-11	1E10	1E11	1E-30	3.110771895141E-10	1E10	1E-30	1E10	0.17487938996406	1E-30	1.89434182198174E-11	2.64318699200649	1E-30	2.09708918677163E-11	0.644120735916176	1.61004323025857E-10	9.98381437688955E-12	1.68129516823229	8.40349987878825E-11	6.49344188459468E-12	1.17699437894716	1E10	1E-30	1E-10	1E10	1E-30	1E-10	1E10	1E-30	1E-10	1E10	1E-30	1E-10	1E10	1E-30	1E-10	1E10	1E-30	1E-10	1E10	1E-30	1E-10	1E10	1E-30	1E-10	1E10	1E-30	1E-10	1E10	1E-30	1E-10	1E10	1E-30	1E-10	2	-2	2
107	2.2E-11	1E10	1E11	1E-30	3.110771895141E-10	1E10	1E-30	1E10	0.17487938996406	1E-30	1.89434182198174E-11	2.64318699200649	1E-30	2.09708918677163E-11	0.644120735916176	1.61004323025857E-10	9.98381437688955E-12	1.68129516823229	8.40349987878825E-11	6.49344188459468E-12	1.17699437894716	1E10	1E-30	1E-10	1E10	1E-30	1E-10	1E10	1E-30	1E-10	1E10	1E-30	1E-10	1E10	1E-30	1E-10	1E10	1E-30	1E-10	1E10	1E-30	1E-10	1E10	1E-30	1E-10	1E10	1E-30	1E-10	1E10	1E-30	1E-10	1E10	1E-30	1E-10	2	-5	5
108	2.7E-11	1E10	1E11	1E-30	2.43433586138663E-10	1E10	1E-30	1E10	9.66159859531839E-02	1E-30	1.05945917956718E-11	0.13296381116055	1E-30	3.78863087620914E-11	8.53048199289747E-02	1.53131296659527E-10	1.30609007633537E-11	1.48372785458112	4.91682752927043E-11	1.37778948001107E-11	1.53829487626068	3.85588744278275E-11	9.54225651649072E-12	2.02896285558477	3.17965156711597E-12	7.57502209564284E-11	1E5	1E10	1E-30	1E-10	1E10	1E-30	1E-10	1E10	1E-30	1E-10	1E10	1E-30	1E-10	1E10	1E-30	1E-10	1E10	1E-30	1E-10	1E10	1E-30	1E-10	1E10	1E-30	1E-10	1E10	1E-30	1E-10	2	-5	5
109	2.7E-11	1E10	1E11	1E-30	1.90090886389901E-10	1E10	1E-30	1E10	0.179138073066128	1E-30	1.49724472970875E-10	48.961201104314	1E-30	2.22806063112353E-12	3.02051515355142E-02	1.96169555365083E-10	1.04727668311064E-11	1.35609702549292	6.83408966177714E-11	9.82218405774891E-12	1.16071172333194	1E10	1E-30	1E-10	1E10	1E-30	1E-10	1E10	1E-30	1E-10	1E10	1E-30	1E-10	1E10	1E-30	1E-10	1E10	1E-30	1E-10	1E10	1E-30	1E-10	1E10	1E-30	1E-10	1E10	1E-30	1E-10	1E10	1E-30	1E-10	1E10	1E-30	1E-10	2	-1	1
110	2.7E-11	1E10	1E11	1E-30	1.90090886389901E-10	1E10	1E-30	1E10	0.179138073066128	1E-30	1.49724472970875E-10	48.961201104314	1E-30	2.22806063112353E-12	3.02051515355142E-02	1.96169555365083E-10	1.04727668311064E-11	1.35609702549292	6.83408966177714E-11	9.82218405774891E-12	1.16071172333194	1E10	1E-30	1E-10	1E10	1E-30	1E-10	1E10	1E-30	1E-10	1E10	1E-30	1E-10	1E10	1E-30	1E-10	1E10	1E-30	1E-10	1E10	1E-30	1E-10	1E10	1E-30	1E-10	1E10	1E-30	1E-10	1E10	1E-30	1E-10	1E10	1E-30	1E-10	2	-2	2
111	2.7E-11	1E10	1E11	1E-30	1.90090886389901E-10	1E10	1E-30	1E10	0.179138073066128	1E-30	1.49724472970875E-10	48.961201104314	1E-30	2.22806063112353E-12	3.02051515355142E-02	1.96169555365083E-10	1.04727668311064E-11	1.35609702549292	6.83408966177714E-11	9.82218405774891E-12	1.16071172333194	1E10	1E-30	1E-10	1E10	1E-30	1E-10	1E10	1E-30	1E-10	1E10	1E-30	1E-10	1E10	1E-30	1E-10	1E10	1E-30	1E-10	1E10	1E-30	1E-10	1E10	1E-30	1E-10	1E10	1E-30	1E-10	1E10	1E-30	1E-10	1E10	1E-30	1E-10	2	-5	5
112	3.3E-11	1E10	1E11	1E-30	2.3247209733551E-10	1E10	1E-30	1E10	8.05361229815985E-02	1E-30	1.24088027507348E-11	0.141726144145	1E-30	3.924920627042E-11	8.57790550268822E-02	1.81150862033614E-10	1.35904437632997E-11	1.18292564207595	7.61602558336673E-11	1.07540806943876E-11	1.33764666193966	5.35054617342882E-11	7.8245145813573E-12	1.22477635578399	2.94637660985266E-12	7.19314188180442E-11	1E5	1E10	1E-30	1E-10	1E10	1E-30	1E-10	1E10	1E-30	1E-10	1E10	1E-30	1E-10	1E10	1E-30	1E-10	1E10	1E-30	1E-10	1E10	1E-30	1E-10	1E10	1E-30	1E-10	1E10	1E-30	1E-10	2	-5	5
113	3.3E-11	1E10	1E11	1E-30	2.81693232388236E-10	1E10	1E-30	1E10	0.100363495522096	1E-30	4.97759381605792E-11	4.14427760268368	1E-30	1.18390899517742E-10	6.64010587060531E-02	3.50275000694306E-10	7.3150635251167E-12	0.869447917804448	7.12215692179576E-11	1.09936896747114E-11	1.72741536880094	1E10	1E-30	1E-10	1E10	1E-30	1E-10	1E10	1E-30	1E-10	1E10	1E-30	1E-10	1E10	1E-30	1E-10	1E10	1E-30	1E-10	1E10	1E-30	1E-10	1E10	1E-30	1E-10	1E10	1E-30	1E-10	1E10	1E-30	1E-10	1E10	1E-30	1E-10	2	-1	1
114	3.3E-11	1E10	1E11	1E-30	2.81693232388236E-10	1E10	1E-30	1E10	0.100363495522096	1E-30	4.97759381605792E-11	4.14427760268368	1E-30	1.18390899517742E-10	6.64010587060531E-02	3.50275000694306E-10	7.3150635251167E-12	0.869447917804448	7.12215692179576E-11	1.09936896747114E-11	1.72741536880094	1E10	1E-30	1E-10	1E10	1E-30	1E-10	1E10	1E-30	1E-10	1E10	1E-30	1E-10	1E10	1E-30	1E-10	1E10	1E-30	1E-10	1E10	1E-30	1E-10	1E10	1E-30	1E-10	1E10	1E-30	1E-10	1E10	1E-30	1E-10	1E10	1E-30	1E-10	2	-2	2
115	3.3E-11	1E10	1E11	1E-30	2.81693232388236E-10	1E10	1E-30	1E10	0.100363495522096	1E-30	4.97759381605792E-11	4.14427760268368	1E-30	1.18390899517742E-10	6.64010587060531E-02	3.50275000694306E-10	7.3150635251167E-12	0.869447917804448	7.12215692179576E-11	1.09936896747114E-11	1.72741536880094	1E10	1E-30	1E-10	1E10	1E-30	1E-10	1E10	1E-30	1E-10	1E10	1E-30	1E-10	1E10	1E-30	1E-10	1E10	1E-30	1E-10	1E10	1E-30	1E-10	1E10	1E-30	1E-10	1E10	1E-30	1E-10	1E10	1E-30	1E-10	1E10	1E-30	1E-10	2	-5	5
116	3.9E-11	1E10	1E11	1E-30	1.53557592484372E-10	1E10	1E-30	1E10	7.54624812247049E-02	1E-30	1.05707612479873E-11	0.263664233932848	1E-30	3.731620572389E-11	0.102964980565136	2.75687489714325E-10	1.14361460085977E-11	1.40460367372726	1.15730167455642E-10	9.27720163989221E-12	1.29667752709168	1.77837250512656E-11	2.5958235208883E-11	2.896356866128	1.64914470513793E-12	1.32886820369421E-10	1E5	1E10	1E-30	1E-10	1E10	1E-30	1E-10	1E10	1E-30	1E-10	1E10	1E-30	1E-10	1E10	1E-30	1E-10	1E10	1E-30	1E-10	1E10	1E-30	1E-10	1E10	1E-30	1E-10	1E10	1E-30	1E-10	2	-5	5
117	3.9E-11	1E10	1E11	1E-30	1.98564351367098E-10	1E10	1E-30	1E10	0.154239631846312	3.50143891172107E-10	9.11909686890888E-12	1.1845685889862	1.69444252444952E-10	6.0871652098888E-12	1.09355937690695	7.60138396971726E-13	1.23678741926365E-10	17.2194708865561	1E10	1E-30	1E-10	1E10	1E-30	1E-10	1E10	1E-30	1E-10	1E10	1E-30	1E-10	1E10	1E-30	1E-10	1E10	1E-30	1E-10	1E10	1E-30	1E-10	1E10	1E-30	1E-10	1E10	1E-30	1E-10	1E10	1E-30	1E-10	1E10	1E-30	1E-10	1E10	1E-30	1E-10	2	-1	1
118	3.9E-11	1E10	1E11	1E-30	1.98564351367098E-10	1E10	1E-30	1E10	0.154239631846312	3.50143891172107E-10	9.11909686890888E-12	1.1845685889862	1.69444252444952E-10	6.0871652098888E-12	1.09355937690695	7.60138396971726E-13	1.23678741926365E-10	17.2194708865561	1E10	1E-30	1E-10	1E10	1E-30	1E-10	1E10	1E-30	1E-10	1E10	1E-30	1E-10	1E10	1E-30	1E-10	1E10	1E-30	1E-10	1E10	1E-30	1E-10	1E10	1E-30	1E-10	1E10	1E-30	1E-10	1E10	1E-30	1E-10	1E10	1E-30	1E-10	1E10	1E-30	1E-10	2	-2	2
119	3.9E-11	1E10	1E11	1E-30	1.98564351367098E-10	1E10	1E-30	1E10	0.154239631846312	3.50143891172107E-10	9.11909686890888E-12	1.1845685889862	1.69444252444952E-10	6.0871652098888E-12	1.09355937690695	7.60138396971726E-13	1.23678741926365E-10	17.2194708865561	1E10	1E-30	1E-10	1E10	1E-30	1E-10	1E10	1E-30	1E-10	1E10	1E-30	1E-10	1E10	1E-30	1E-10	1E10	1E-30	1E-10	1E10	1E-30	1E-10	1E10	1E-30	1E-10	1E10	1E-30	1E-10	1E10	1E-30	1E-10	1E10	1E-30	1E-10	1E10	1E-30	1E-10	2	-5	5
120	4.7E-11	1E10	1E11	1E-30	1.00222588902467E-10	1E10	1E-30	1E10	7.44320468503425E-02	1E-30	3.856809998575E-11	8.54872496276451E-02	1E-30	2.4817439738064E-12	5.60932854056809E-02	4.56398267497499E-10	7.44967847859255E-12	0.745932687291892	6.3953525824865E-11	2.17570434079165E-11	2.38299371545519	1.34071905433713E-11	3.05028530529691E-11	3.03973372493999	1.13925386633987E-12	1.82294042285344E-10	1E5	1E10	1E-30	1E-10	1E10	1E-30	1E-10	1E10	1E-30	1E-10	1E10	1E-30	1E-10	1E10	1E-30	1E-10	1E10	1E-30	1E-10	1E10	1E-30	1E-10	1E10	1E-30	1E-10	1E10	1E-30	1E-10	2	-5	5
121	4.7E-11	1E10	1E11	1E-30	2.3713669917204E-10	1E10	1E-30	1E10	0.135949903393471	4.87242534354718E-10	7.93758540477195E-12	0.827050453689781	8.49469119713649E-11	1.46497817202381E-11	1.57771469626742	1.96802678005844E-10	2.22528814425023E-12	0.262270127466205	2.24650054899385E-12	6.7250841875067E-11	9.6655002790271	1E10	1E-30	1E-10	1E10	1E-30	1E-10	1E10	1E-30	1E-10	1E10	1E-30	1E-10	1E10	1E-30	1E-10	1E10	1E-30	1E-10	1E10	1E-30	1E-10	1E10	1E-30	1E-10	1E10	1E-30	1E-10	1E10	1E-30	1E-10	1E10	1E-30	1E-10	2	-1	1
122	4.7E-11	1E10	1E11	1E-30	2.3713669917204E-10	1E10	1E-30	1E10	0.135949903393471	4.87242534354718E-10	7.93758540477195E-12	0.827050453689781	8.49469119713649E-11	1.46497817202381E-11	1.57771469626742	1.96802678005844E-10	2.22528814425023E-12	0.262270127466205	2.24650054899385E-12	6.7250841875067E-11	9.6655002790271	1E10	1E-30	1E-10	1E10	1E-30	1E-10	1E10	1E-30	1E-10	1E10	1E-30	1E-10	1E10	1E-30	1E-10	1E10	1E-30	1E-10	1E10	1E-30	1E-10	1E10	1E-30	1E-10	1E10	1E-30	1E-10	1E10	1E-30	1E-10	1E10	1E-30	1E-10	2	-2	2
123	4.7E-11	1E10	1E11	1E-30	2.3713669917204E-10	1E10	1E-30	1E10	0.135949903393471	4.87242534354718E-10	7.93758540477195E-12	0.827050453689781	8.49469119713649E-11	1.46497817202381E-11	1.57771469626742	1.96802678005844E-10	2.22528814425023E-12	0.262270127466205	2.24650054899385E-12	6.7250841875067E-11	9.6655002790271	1E10	1E-30	1E-10	1E10	1E-30	1E-10	1E10	1E-30	1E-10	1E10	1E-30	1E-10	1E10	1E-30	1E-10	1E10	1E-30	1E-10	1E10	1E-30	1E-10	1E10	1E-30	1E-10	1E10	1E-30	1E-10	1E10	1E-30	1E-10	1E10	1E-30	1E-10	2	-5	5
124	5.6E-11	1E10	1E11	1E-30	2.47677972907147E-10	1E10	1E-30	1E10	6.86405676808697E-02	1E-30	3.71013654053863E-11	0.078739890364195	1E-30	2.88759535842259E-12	2.56375156070009E-02	3.53717951331466E-10	1.12876970627153E-11	1.00838572145655	8.93723953321467E-11	1.90557374971403E-11	2.0472225224214	2.95716884715267E-11	1.82446591213095E-11	1.42570761610841	7.56940291251997E-12	2.73300510292494E-11	1E5	1E10	1E-30	1E-10	1E10	1E-30	1E-10	1E10	1E-30	1E-10	1E10	1E-30	1E-10	1E10	1E-30	1E-10	1E10	1E-30	1E-10	1E10	1E-30	1E-10	1E10	1E-30	1E-10	1E10	1E-30	1E-10	2	-5	5
125	5.6E-11	1E10	1E11	1E-30	2.90044226623943E-10	1E10	1E-30	1E10	0.12728196317123	1E-30	1.4194278209106E-11	0.237696308394928	5.19324878243283E-10	7.78247034168523E-12	0.816405503994404	8.39997365605732E-11	2.11084734377537E-11	2.05035174234297	1.81923509875739E-11	1.91808586171776E-11	1.83554852215395	1E10	1E-30	1E-10	1E10	1E-30	1E-10	1E10	1E-30	1E-10	1E10	1E-30	1E-10	1E10	1E-30	1E-10	1E10	1E-30	1E-10	1E10	1E-30	1E-10	1E10	1E-30	1E-10	1E10	1E-30	1E-10	1E10	1E-30	1E-10	1E10	1E-30	1E-10	2	-1	1
126	5.6E-11	1E10	1E11	1E-30	2.90044226623943E-10	1E10	1E-30	1E10	0.12728196317123	1E-30	1.4194278209106E-11	0.237696308394928	5.19324878243283E-10	7.78247034168523E-12	0.816405503994404	8.39997365605732E-11	2.11084734377537E-11	2.05035174234297	1.81923509875739E-11	1.91808586171776E-11	1.83554852215395	1E10	1E-30	1E-10	1E10	1E-30	1E-10	1E10	1E-30	1E-10	1E10	1E-30	1E-10	1E10	1E-30	1E-10	1E10	1E-30	1E-10	1E10	1E-30	1E-10	1E10	1E-30	1E-10	1E10	1E-30	1E-10	1E10	1E-30	1E-10	1E10	1E-30	1E-10	2	-2	2
127	5.6E-11	1E10	1E11	1E-30	2.90044226623943E-10	1E10	1E-30	1E10	0.12728196317123	1E-30	1.4194278209106E-11	0.237696308394928	5.19324878243283E-10	7.78247034168523E-12	0.816405503994404	8.39997365605732E-11	2.11084734377537E-11	2.05035174234297	1.81923509875739E-11	1.91808586171776E-11	1.83554852215395	1E10	1E-30	1E-10	1E10	1E-30	1E-10	1E10	1E-30	1E-10	1E10	1E-30	1E-10	1E10	1E-30	1E-10	1E10	1E-30	1E-10	1E10	1E-30	1E-10	1E10	1E-30	1E-10	1E10	1E-30	1E-10	1E10	1E-30	1E-10	1E10	1E-30	1E-10	2	-5	5
128	6.8E-11	1E10	1E11	1E-30	2.48327082102289E-10	1E10	1E-30	1E10	0.12744370138043	1E-30	8.26798015746508E-12	9.27335178209692E-02	1E-30	2.93639302626424E-11	6.90341256619355E-02	6.74876344625283E-10	5.84815162669018E-12	0.314001373002321	7.63537496440766E-11	2.04381620004398E-11	1.3792758509429	2.68083611889436E-11	1.52110708119519E-11	1.25118325873038	2.46015911750206E-12	8.79201096899507E-11	1E5	1E10	1E-30	1E-10	1E10	1E-30	1E-10	1E10	1E-30	1E-10	1E10	1E-30	1E-10	1E10	1E-30	1E-10	1E10	1E-30	1E-10	1E10	1E-30	1E-10	1E10	1E-30	1E-10	1E10	1E-30	1E-10	2	-5	5
129	6.8E-11	1E10	1E11	1E-30	3.13483046340365E-10	1E10	1E-30	1E10	0.1943016583128	1E-30	7.80408381057374E-11	7.97405871839746	1E-30	2.94960909735859E-11	0.012370055287765	1.09877337955326E-09	3.84702645137718E-12	0.335118317251587	1.20012057802464E-10	1.34632042554692E-11	1.15891644373813	1E10	1E-30	1E-10	1E10	1E-30	1E-10	1E10	1E-30	1E-10	1E10	1E-30	1E-10	1E10	1E-30	1E-10	1E10	1E-30	1E-10	1E10	1E-30	1E-10	1E10	1E-30	1E-10	1E10	1E-30	1E-10	1E10	1E-30	1E-10	1E10	1E-30	1E-10	2	-1	1
130	6.8E-11	1E10	1E11	1E-30	3.13483046340365E-10	1E10	1E-30	1E10	0.1943016583128	1E-30	7.80408381057374E-11	7.97405871839746	1E-30	2.94960909735859E-11	0.012370055287765	1.09877337955326E-09	3.84702645137718E-12	0.335118317251587	1.20012057802464E-10	1.34632042554692E-11	1.15891644373813	1E10	1E-30	1E-10	1E10	1E-30	1E-10	1E10	1E-30	1E-10	1E10	1E-30	1E-10	1E10	1E-30	1E-10	1E10	1E-30	1E-10	1E10	1E-30	1E-10	1E10	1E-30	1E-10	1E10	1E-30	1E-10	1E10	1E-30	1E-10	1E10	1E-30	1E-10	2	-2	2
131	6.8E-11	1E10	1E11	1E-30	3.13483046340365E-10	1E10	1E-30	1E10	0.1943016583128	1E-30	7.80408381057374E-11	7.97405871839746	1E-30	2.94960909735859E-11	0.012370055287765	1.09877337955326E-09	3.84702645137718E-12	0.335118317251587	1.20012057802464E-10	1.34632042554692E-11	1.15891644373813	1E10	1E-30	1E-10	1E10	1E-30	1E-10	1E10	1E-30	1E-10	1E10	1E-30	1E-10	1E10	1E-30	1E-10	1E10	1E-30	1E-10	1E10	1E-30	1E-10	1E10	1E-30	1E-10	1E10	1E-30	1E-10	1E10	1E-30	1E-10	1E10	1E-30	1E-10	2	-5	5
132	8.2E-11	1E10	1E11	1E-30	1.10679718105893E-12	1E10	1E-30	1E10	8.77582945523075E-02	1E-30	3.61122613169384E-11	7.30592894414945E-02	1E-30	3.86827254406387E-12	5.36195617439131E-02	8.52804710474167E-10	6.17164656968637E-12	0.417225498452345	1.09416893216304E-10	1.92672144380088E-11	1.54853561377297	1.53111394537505E-11	3.32179377975198E-11	2.55880800385901	6.03983274800358E-13	2.97608963995331E-10	1E5	1E10	1E-30	1E-10	1E10	1E-30	1E-10	1E10	1E-30	1E-10	1E10	1E-30	1E-10	1E10	1E-30	1E-10	1E10	1E-30	1E-10	1E10	1E-30	1E-10	1E10	1E-30	1E-10	1E10	1E-30	1E-10	2	-5	5
133	8.2E-11	1E10	1E11	1E-30	3.01648089020739E-10	1E10	1E-30	1E10	0.115670706436105	1E-30	4.3821999695336E-11	1.90566982068672	1E-30	2.2349117196286E-11	1.61416856607165E-02	1.08670107821126E-09	4.97583011423627E-12	0.390624171030204	1.38935212714551E-10	1.57664666314247E-11	1.13406479520799	1E10	1E-30	1E-10	1E10	1E-30	1E-10	1E10	1E-30	1E-10	1E10	1E-30	1E-10	1E10	1E-30	1E-10	1E10	1E-30	1E-10	1E10	1E-30	1E-10	1E10	1E-30	1E-10	1E10	1E-30	1E-10	1E10	1E-30	1E-10	1E10	1E-30	1E-10	2	-1	1
134	8.2E-11	1E10	1E11	1E-30	3.01648089020739E-10	1E10	1E-30	1E10	0.115670706436105	1E-30	4.3821999695336E-11	1.90566982068672	1E-30	2.2349117196286E-11	1.61416856607165E-02	1.08670107821126E-09	4.97583011423627E-12	0.390624171030204	1.38935212714551E-10	1.57664666314247E-11	1.13406479520799	1E10	1E-30	1E-10	1E10	1E-30	1E-10	1E10	1E-30	1E-10	1E10	1E-30	1E-10	1E10	1E-30	1E-10	1E10	1E-30	1E-10	1E10	1E-30	1E-10	1E10	1E-30	1E-10	1E10	1E-30	1E-10	1E10	1E-30	1E-10	1E10	1E-30	1E-10	2	-2	2
135	8.2E-11	1E10	1E11	1E-30	3.01648089020739E-10	1E10	1E-30	1E10	0.115670706436105	1E-30	4.3821999695336E-11	1.90566982068672	1E-30	2.2349117196286E-11	1.61416856607165E-02	1.08670107821126E-09	4.97583011423627E-12	0.390624171030204	1.38935212714551E-10	1.57664666314247E-11	1.13406479520799	1E10	1E-30	1E-10	1E10	1E-30	1E-10	1E10	1E-30	1E-10	1E10	1E-30	1E-10	1E10	1E-30	1E-10	1E10	1E-30	1E-10	1E10	1E-30	1E-10	1E10	1E-30	1E-10	1E10	1E-30	1E-10	1E10	1E-30	1E-10	1E10	1E-30	1E-10	2	-5	5
136	1E-10	1E10	1E11	1E-30	2.65036164287074E-10	1E10	1E-30	1E10	7.86504140490515E-02	1E-30	1.32088003639041E-11	6.82874476371687E-02	1E-30	1.7564909651754E-11	2.48213900209067E-02	1.07917113017451E-09	6.6389208251395E-12	0.444895973448223	1.58040391487075E-10	1.89351014860554E-11	1.24059107794462	2.8905705421808E-11	2.30117203088304E-11	1.17400212168822	8.66192727029823E-12	2.97638964808589E-11	1E5	1E10	1E-30	1E-10	1E10	1E-30	1E-10	1E10	1E-30	1E-10	1E10	1E-30	1E-10	1E10	1E-30	1E-10	1E10	1E-30	1E-10	1E10	1E-30	1E-10	1E10	1E-30	1E-10	1E10	1E-30	1E-10	2	-5	5
137	1E-10	1E10	1E11	1E-30	2.73753895446221E-10	1E10	1E-30	1E10	0.108054410899034	1E-30	5.39345626845513E-11	2.07903498946377	1E-30	3.65039438890413E-12	9.50633005344237E-03	1.29395605752828E-09	5.62167283463203E-12	0.455528455118234	2.32950149620979E-10	1.33926669102075E-11	1.11777456284576	1E10	1E-30	1E-10	1E10	1E-30	1E-10	1E10	1E-30	1E-10	1E10	1E-30	1E-10	1E10	1E-30	1E-10	1E10	1E-30	1E-10	1E10	1E-30	1E-10	1E10	1E-30	1E-10	1E10	1E-30	1E-10	1E10	1E-30	1E-10	1E10	1E-30	1E-10	2	-1	1
138	1E-10	1E10	1E11	1E-30	2.73753895446221E-10	1E10	1E-30	1E10	0.108054410899034	1E-30	5.39345626845513E-11	2.07903498946377	1E-30	3.65039438890413E-12	9.50633005344237E-03	1.29395605752828E-09	5.62167283463203E-12	0.455528455118234	2.32950149620979E-10	1.33926669102075E-11	1.11777456284576	1E10	1E-30	1E-10	1E10	1E-30	1E-10	1E10	1E-30	1E-10	1E10	1E-30	1E-10	1E10	1E-30	1E-10	1E10	1E-30	1E-10	1E10	1E-30	1E-10	1E10	1E-30	1E-10	1E10	1E-30	1E-10	1E10	1E-30	1E-10	1E10	1E-30	1E-10	2	-2	2
139	1E-10	1E10	1E11	1E-30	2.73753895446221E-10	1E10	1E-30	1E10	0.108054410899034	1E-30	5.39345626845513E-11	2.07903498946377	1E-30	3.65039438890413E-12	9.50633005344237E-03	1.29395605752828E-09	5.62167283463203E-12	0.455528455118234	2.32950149620979E-10	1.33926669102075E-11	1.11777456284576	1E10	1E-30	1E-10	1E10	1E-30	1E-10	1E10	1E-30	1E-10	1E10	1E-30	1E-10	1E10	1E-30	1E-10	1E10	1E-30	1E-10	1E10	1E-30	1E-10	1E10	1E-30	1E-10	1E10	1E-30	1E-10	1E10	1E-30	1E-10	1E10	1E-30	1E-10	2	-5	5
140	1.2E-10	1E10	1E11	1E-30	1.45E-10	1E10	1E-30	1E10	0.12	2.74134372509241E-12	1.02667801109231E-10	1E10	2.68441687149246E-12	7.25850117210328E-11	4.39173779938642	2.15395636595705E-10	1.73962910906439E-11	1.1560955556328	8.88720698659568E-10	9.86227538840755E-12	0.569392725831552	1E10	1E-30	1E-10	1E10	1E-30	1E-10	1E10	1E-30	1E-10	1E10	1E-30	1E-10	1E10	1E-30	1E-10	1E10	1E-30	1E-10	1E10	1E-30	1E-10	1E10	1E-30	1E-10	1E10	1E-30	1E-10	1E10	1E-30	1E-10	1E10	1E-30	1E-10	2	-5	5
141	1.2E-10	1E10	1E11	1E-30	2.71011338741727E-10	1E10	1E-30	1E10	9.83373596183746E-02	1E-30	4.31558616827413E-11	1.36530081336596	1E-30	3.96615365243475E-12	9.33535240649997E-03	1.22453045823666E-09	7.47145541762629E-12	0.547250492225491	2.60838353243805E-10	1.5894070638365E-11	1.11491779006183	1E10	1E-30	1E-10	1E10	1E-30	1E-10	1E10	1E-30	1E-10	1E10	1E-30	1E-10	1E10	1E-30	1E-10	1E10	1E-30	1E-10	1E10	1E-30	1E-10	1E10	1E-30	1E-10	1E10	1E-30	1E-10	1E10	1E-30	1E-10	1E10	1E-30	1E-10	2	-1	1
142	1.2E-10	1E10	1E11	1E-30	2.71011338741727E-10	1E10	1E-30	1E10	9.83373596183746E-02	1E-30	4.31558616827413E-11	1.36530081336596	1E-30	3.96615365243475E-12	9.33535240649997E-03	1.22453045823666E-09	7.47145541762629E-12	0.547250492225491	2.60838353243805E-10	1.5894070638365E-11	1.11491779006183	1E10	1E-30	1E-10	1E10	1E-30	1E-10	1E10	1E-30	1E-10	1E10	1E-30	1E-10	1E10	1E-30	1E-10	1E10	1E-30	1E-10	1E10	1E-30	1E-10	1E10	1E-30	1E-10	1E10	1E-30	1E-10	1E10	1E-30	1E-10	1E10	1E-30	1E-10	2	-2	2
143	1.2E-10	1E10	1E11	1E-30	2.71011338741727E-10	1E10	1E-30	1E10	9.83373596183746E-02	1E-30	4.31558616827413E-11	1.36530081336596	1E-30	3.96615365243475E-12	9.33535240649997E-03	1.22453045823666E-09	7.47145541762629E-12	0.547250492225491	2.60838353243805E-10	1.5894070638365E-11	1.11491779006183	1E10	1E-30	1E-10	1E10	1E-30	1E-10	1E10	1E-30	1E-10	1E10	1E-30	1E-10	1E10	1E-30	1E-10	1E10	1E-30	1E-10	1E10	1E-30	1E-10	1E10	1E-30	1E-10	1E10	1E-30	1E-10	1E10	1E-30	1E-10	1E10	1E-30	1E-10	2	-5	5
144	1.5E-10	1E10	1E11	1E-30	1.49302831580557E-10	1E10	1E-30	1E10	8.71356517742513E-02	1E-30	1.15195558316491E-11	4.61486288701062E-02	1.47446620376668E-09	7.15167112798697E-12	0.275234866081611	2.51101993678052E-10	1.72821398793645E-11	0.855366318309253	6.99094389383351E-12	4.64389063753606E-11	1.71245157463578	1.46332826073665E-12	1.5125102674213E-10	1E5	1E10	1E-30	1E-10	1E10	1E-30	1E-10	1E10	1E-30	1E-10	1E10	1E-30	1E-10	1E10	1E-30	1E-10	1E10	1E-30	1E-10	1E10	1E-30	1E-10	1E10	1E-30	1E-10	1E10	1E-30	1E-10	1E10	1E-30	1E-10	2	-5	5
145	1.5E-10	1E10	1E11	1E-30	2.90938256852788E-10	1E10	1E-30	1E10	0.090377573145173	1E-30	5.66825761817608E-11	1.71527438854194	1E-30	6.11354167742528E-12	7.64548450821088E-03	2.29993814393186E-09	4.75965262341613E-12	0.257553104812057	3.96734226243683E-10	1.16316050145431E-11	0.780797914047036	1E10	1E-30	1E-10	1E10	1E-30	1E-10	1E10	1E-30	1E-10	1E10	1E-30	1E-10	1E10	1E-30	1E-10	1E10	1E-30	1E-10	1E10	1E-30	1E-10	1E10	1E-30	1E-10	1E10	1E-30	1E-10	1E10	1E-30	1E-10	1E10	1E-30	1E-10	2	-1	1
146	1.5E-10	1E10	1E11	1E-30	2.90938256852788E-10	1E10	1E-30	1E10	0.090377573145173	1E-30	5.66825761817608E-11	1.71527438854194	1E-30	6.11354167742528E-12	7.64548450821088E-03	2.29993814393186E-09	4.75965262341613E-12	0.257553104812057	3.96734226243683E-10	1.16316050145431E-11	0.780797914047036	1E10	1E-30	1E-10	1E10	1E-30	1E-10	1E10	1E-30	1E-10	1E10	1E-30	1E-10	1E10	1E-30	1E-10	1E10	1E-30	1E-10	1E10	1E-30	1E-10	1E10	1E-30	1E-10	1E10	1E-30	1E-10	1E10	1E-30	1E-10	1E10	1E-30	1E-10	2	-2	2
147	1.5E-10	1E10	1E11	1E-30	2.90938256852788E-10	1E10	1E-30	1E10	0.090377573145173	1E-30	5.66825761817608E-11	1.71527438854194	1E-30	6.11354167742528E-12	7.64548450821088E-03	2.29993814393186E-09	4.75965262341613E-12	0.257553104812057	3.96734226243683E-10	1.16316050145431E-11	0.780797914047036	1E10	1E-30	1E-10	1E10	1E-30	1E-10	1E10	1E-30	1E-10	1E10	1E-30	1E-10	1E10	1E-30	1E-10	1E10	1E-30	1E-10	1E10	1E-30	1E-10	1E10	1E-30	1E-10	1E10	1E-30	1E-10	1E10	1E-30	1E-10	1E10	1E-30	1E-10	2	-5	5
148	1.8E-10	1E10	1E11	1E-30	1.15E-10	1E10	1E-30	1E10	0.1	1E-30	1.74357681686693E-11	0.547760811883862	1E-30	1.17191340066995E-10	13.2540283086774	3.3650390257082E-12	8.36387721478486E-11	1E10	2.98019775370239E-10	2.02249500704812E-11	0.998727056569335	1.78059943568076E-09	7.8056036469351E-12	0.429724945600452	1E10	1E-30	1E-10	1E10	1E-30	1E-10	1E10	1E-30	1E-10	1E10	1E-30	1E-10	1E10	1E-30	1E-10	1E10	1E-30	1E-10	1E10	1E-30	1E-10	1E10	1E-30	1E-10	1E10	1E-30	1E-10	1E10	1E-30	1E-10	2	-5	5
149	1.8E-10	1E10	1E11	1E-30	2.70447016299184E-10	1E10	1E-30	1E10	7.24814167238716E-02	1E-30	5.7952708263035E-11	1.59661618864816	1E-30	1.11573508436445E-11	8.40385755682819E-03	1.89248321226954E-09	7.4733515747709E-12	0.442241814533866	4.62919462053286E-10	1.29929222357348E-11	0.805205628505205	1E10	1E-30	1E-10	1E10	1E-30	1E-10	1E10	1E-30	1E-10	1E10	1E-30	1E-10	1E10	1E-30	1E-10	1E10	1E-30	1E-10	1E10	1E-30	1E-10	1E10	1E-30	1E-10	1E10	1E-30	1E-10	1E10	1E-30	1E-10	1E10	1E-30	1E-10	2	-1	1
150	1.8E-10	1E10	1E11	1E-30	2.70447016299184E-10	1E10	1E-30	1E10	7.24814167238716E-02	1E-30	5.7952708263035E-11	1.59661618864816	1E-30	1.11573508436445E-11	8.40385755682819E-03	1.89248321226954E-09	7.4733515747709E-12	0.442241814533866	4.62919462053286E-10	1.29929222357348E-11	0.805205628505205	1E10	1E-30	1E-10	1E10	1E-30	1E-10	1E10	1E-30	1E-10	1E10	1E-30	1E-10	1E10	1E-30	1E-10	1E10	1E-30	1E-10	1E10	1E-30	1E-10	1E10	1E-30	1E-10	1E10	1E-30	1E-10	1E10	1E-30	1E-10	1E10	1E-30	1E-10	2	-2	2
151	1.8E-10	1E10	1E11	1E-30	2.70447016299184E-10	1E10	1E-30	1E10	7.24814167238716E-02	1E-30	5.7952708263035E-11	1.59661618864816	1E-30	1.11573508436445E-11	8.40385755682819E-03	1.89248321226954E-09	7.4733515747709E-12	0.442241814533866	4.62919462053286E-10	1.29929222357348E-11	0.805205628505205	1E10	1E-30	1E-10	1E10	1E-30	1E-10	1E10	1E-30	1E-10	1E10	1E-30	1E-10	1E10	1E-30	1E-10	1E10	1E-30	1E-10	1E10	1E-30	1E-10	1E10	1E-30	1E-10	1E10	1E-30	1E-10	1E10	1E-30	1E-10	1E10	1E-30	1E-10	2	-5	5
152	2E-10	1E10	1E11	1E-30	2.32236658313049E-10	1E10	1E-30	1E10	9.22467314267523E-02	1E-30	3.02724735908363E-11	0.491732854517198	4.72953501304314E-09	2.57270201079701E-12	0.119467524248962	3.23284119185396E-10	1.52689011253008E-11	0.601183537865131	1.86494791950491E-12	1.19299594451238E-10	39.1343712855993	1E10	1E-30	1E-10	1E10	1E-30	1E-10	1E10	1E-30	1E-10	1E10	1E-30	1E-10	1E10	1E-30	1E-10	1E10	1E-30	1E-10	1E10	1E-30	1E-10	1E10	1E-30	1E-10	1E10	1E-30	1E-10	1E10	1E-30	1E-10	1E10	1E-30	1E-10	2	-1	1
153	2E-10	1E10	1E11	1E-30	2.32236658313049E-10	1E10	1E-30	1E10	9.22467314267523E-02	1E-30	3.02724735908363E-11	0.491732854517198	4.72953501304314E-09	2.57270201079701E-12	0.119467524248962	3.23284119185396E-10	1.52689011253008E-11	0.601183537865131	1.86494791950491E-12	1.19299594451238E-10	39.1343712855993	1E10	1E-30	1E-10	1E10	1E-30	1E-10	1E10	1E-30	1E-10	1E10	1E-30	1E-10	1E10	1E-30	1E-10	1E10	1E-30	1E-10	1E10	1E-30	1E-10	1E10	1E-30	1E-10	1E10	1E-30	1E-10	1E10	1E-30	1E-10	1E10	1E-30	1E-10	2	-2	2
154	2E-10	1E10	1E11	1E-30	2.32236658313049E-10	1E10	1E-30	1E10	9.22467314267523E-02	1E-30	3.02724735908363E-11	0.491732854517198	4.72953501304314E-09	2.57270201079701E-12	0.119467524248962	3.23284119185396E-10	1.52689011253008E-11	0.601183537865131	1.86494791950491E-12	1.19299594451238E-10	39.1343712855993	1E10	1E-30	1E-10	1E10	1E-30	1E-10	1E10	1E-30	1E-10	1E10	1E-30	1E-10	1E10	1E-30	1E-10	1E10	1E-30	1E-10	1E10	1E-30	1E-10	1E10	1E-30	1E-10	1E10	1E-30	1E-10	1E10	1E-30	1E-10	1E10	1E-30	1E-10	2	-5	5
155	2.2E-10	1E10	1E11	1E-30	2.06095279374456E-10	1E10	1E-30	1E10	0.095	1E-30	4.83827046680692E-11	1.04006960761915	2.61980492430005E-09	5.20008973243593E-12	0.133972637226374	3.4123427664977E-10	1.62125393519295E-11	0.56240044449034	6.81052921626979E-11	5.32910677146342E-12	1.13776429937261	1.66417254376572E-12	1.29969587020711E-10	824748801.672243	1E10	1E-30	1E-10	1E10	1E-30	1E-10	1E10	1E-30	1E-10	1E10	1E-30	1E-10	1E10	1E-30	1E-10	1E10	1E-30	1E-10	1E10	1E-30	1E-10	1E10	1E-30	1E-10	1E10	1E-30	1E-10	1E10	1E-30	1E-10	2	-5	5
156	2.2E-10	1E10	1E11	1E-30	2.52613697717307E-10	1E10	1E-30	1E10	8.82399654479005E-02	1E-30	3.76562471295589E-11	0.676534208031365	7.45543863999513E-09	1.94473640642641E-12	0.104776833757543	3.63784810945733E-10	1.59150547850901E-11	0.604746406983313	2.83833888183779E-12	9.38073518342886E-11	26.9735705647765	1E10	1E-30	1E-10	1E10	1E-30	1E-10	1E10	1E-30	1E-10	1E10	1E-30	1E-10	1E10	1E-30	1E-10	1E10	1E-30	1E-10	1E10	1E-30	1E-10	1E10	1E-30	1E-10	1E10	1E-30	1E-10	1E10	1E-30	1E-10	1E10	1E-30	1E-10	2	-1	1
157	2.2E-10	1E10	1E11	1E-30	2.52613697717307E-10	1E10	1E-30	1E10	8.82399654479005E-02	1E-30	3.76562471295589E-11	0.676534208031365	7.45543863999513E-09	1.94473640642641E-12	0.104776833757543	3.63784810945733E-10	1.59150547850901E-11	0.604746406983313	2.83833888183779E-12	9.38073518342886E-11	26.9735705647765	1E10	1E-30	1E-10	1E10	1E-30	1E-10	1E10	1E-30	1E-10	1E10	1E-30	1E-10	1E10	1E-30	1E-10	1E10	1E-30	1E-10	1E10	1E-30	1E-10	1E10	1E-30	1E-10	1E10	1E-30	1E-10	1E10	1E-30	1E-10	1E10	1E-30	1E-10	2	-2	2
158	2.2E-10	1E10	1E11	1E-30	2.52613697717307E-10	1E10	1E-30	1E10	8.82399654479005E-02	1E-30	3.76562471295589E-11	0.676534208031365	7.45543863999513E-09	1.94473640642641E-12	0.104776833757543	3.63784810945733E-10	1.59150547850901E-11	0.604746406983313	2.83833888183779E-12	9.38073518342886E-11	26.9735705647765	1E10	1E-30	1E-10	1E10	1E-30	1E-10	1E10	1E-30	1E-10	1E10	1E-30	1E-10	1E10	1E-30	1E-10	1E10	1E-30	1E-10	1E10	1E-30	1E-10	1E10	1E-30	1E-10	1E10	1E-30	1E-10	1E10	1E-30	1E-10	1E10	1E-30	1E-10	2	-5	5
159	2.7E-10	1E10	1E11	1E-30	1.23E-10	1E10	1E-30	1E10	0.1	1E-30	6.58147568023286E-11	2.48115787761594	2.12604419199679E-12	1.32380941750552E-10	1E10	6.72314205288218E-12	4.18625294729823E-11	1E10	1.43954948839421E-11	2.43543090229863E-11	7.55792347651656	4.28996699457988E-10	1.82238990996265E-11	0.562111208487639	3.52097463488213E-09	5.16670127186069E-12	0.130982942795946	1E10	1E-30	1E-10	1E10	1E-30	1E-10	1E10	1E-30	1E-10	1E10	1E-30	1E-10	1E10	1E-30	1E-10	1E10	1E-30	1E-10	1E10	1E-30	1E-10	1E10	1E-30	1E-10	1E10	1E-30	1E-10	2	-5	5
160	2.7E-10	1E10	1E11	1E-30	2.99074932692894E-10	1E10	1E-30	1E10	7.41711751028463E-02	1E-30	4.86218794568472E-11	0.99000472421561	1E-30	4.57719597095944E-12	1.15218736494579E-02	5.04505522745354E-09	3.85183569542706E-12	0.193776247965676	5.1900461538481E-10	1.56392909990405E-11	0.571788077276859	1E10	1E-30	1E-10	1E10	1E-30	1E-10	1E10	1E-30	1E-10	1E10	1E-30	1E-10	1E10	1E-30	1E-10	1E10	1E-30	1E-10	1E10	1E-30	1E-10	1E10	1E-30	1E-10	1E10	1E-30	1E-10	1E10	1E-30	1E-10	1E10	1E-30	1E-10	2	-1	1
161	2.7E-10	1E10	1E11	1E-30	2.99074932692894E-10	1E10	1E-30	1E10	7.41711751028463E-02	1E-30	4.86218794568472E-11	0.99000472421561	1E-30	4.57719597095944E-12	1.15218736494579E-02	5.04505522745354E-09	3.85183569542706E-12	0.193776247965676	5.1900461538481E-10	1.56392909990405E-11	0.571788077276859	1E10	1E-30	1E-10	1E10	1E-30	1E-10	1E10	1E-30	1E-10	1E10	1E-30	1E-10	1E10	1E-30	1E-10	1E10	1E-30	1E-10	1E10	1E-30	1E-10	1E10	1E-30	1E-10	1E10	1E-30	1E-10	1E10	1E-30	1E-10	1E10	1E-30	1E-10	2	-2	2
162	2.7E-10	1E10	1E11	1E-30	2.99074932692894E-10	1E10	1E-30	1E10	7.41711751028463E-02	1E-30	4.86218794568472E-11	0.99000472421561	1E-30	4.57719597095944E-12	1.15218736494579E-02	5.04505522745354E-09	3.85183569542706E-12	0.193776247965676	5.1900461538481E-10	1.56392909990405E-11	0.571788077276859	1E10	1E-30	1E-10	1E10	1E-30	1E-10	1E10	1E-30	1E-10	1E10	1E-30	1E-10	1E10	1E-30	1E-10	1E10	1E-30	1E-10	1E10	1E-30	1E-10	1E10	1E-30	1E-10	1E10	1E-30	1E-10	1E10	1E-30	1E-10	1E10	1E-30	1E-10	2	-5	5
163	3.3E-10	1E10	1E11	1E-30	1.98153778016855E-10	1E10	1E-30	1E10	7.51122076816265E-02	1E-30	6.23811760672933E-11	0.9536973751895	4.12893795421875E-09	5.92264770642547E-12	0.188545180691521	7.02424727385407E-10	1.49625489809783E-11	0.46398372891104	6.026008462725E-11	5.81125558509052E-12	0.777607424863811	2.32571640059326E-12	1.04347809355809E-10	1E5	1E10	1E-30	1E-10	1E10	1E-30	1E-10	1E10	1E-30	1E-10	1E10	1E-30	1E-10	1E10	1E-30	1E-10	1E10	1E-30	1E-10	1E10	1E-30	1E-10	1E10	1E-30	1E-10	1E10	1E-30	1E-10	1E10	1E-30	1E-10	2	-5	5
164	3.3E-10	1E10	1E11	1E-30	2.88825450502402E-10	1E10	1E-30	1E10	5.92863845052284E-02	1E-30	5.18626296408195E-11	0.840723997694398	1E-30	6.97552023715963E-12	6.61445697609329E-03	4.46257883904047E-09	5.7324363101086E-12	0.222533607968257	7.57718804928877E-10	1.48842763466121E-11	0.554756711406097	1E10	1E-30	1E-10	1E10	1E-30	1E-10	1E10	1E-30	1E-10	1E10	1E-30	1E-10	1E10	1E-30	1E-10	1E10	1E-30	1E-10	1E10	1E-30	1E-10	1E10	1E-30	1E-10	1E10	1E-30	1E-10	1E10	1E-30	1E-10	1E10	1E-30	1E-10	2	-1	1
165	3.3E-10	1E10	1E11	1E-30	2.88825450502402E-10	1E10	1E-30	1E10	5.92863845052284E-02	1E-30	5.18626296408195E-11	0.840723997694398	1E-30	6.97552023715963E-12	6.61445697609329E-03	4.46257883904047E-09	5.7324363101086E-12	0.222533607968257	7.57718804928877E-10	1.48842763466121E-11	0.554756711406097	1E10	1E-30	1E-10	1E10	1E-30	1E-10	1E10	1E-30	1E-10	1E10	1E-30	1E-10	1E10	1E-30	1E-10	1E10	1E-30	1E-10	1E10	1E-30	1E-10	1E10	1E-30	1E-10	1E10	1E-30	1E-10	1E10	1E-30	1E-10	1E10	1E-30	1E-10	2	-2	2
166	3.3E-10	1E10	1E11	1E-30	2.88825450502402E-10	1E10	1E-30	1E10	5.92863845052284E-02	1E-30	5.18626296408195E-11	0.840723997694398	1E-30	6.97552023715963E-12	6.61445697609329E-03	4.46257883904047E-09	5.7324363101086E-12	0.222533607968257	7.57718804928877E-10	1.48842763466121E-11	0.554756711406097	1E10	1E-30	1E-10	1E10	1E-30	1E-10	1E10	1E-30	1E-10	1E10	1E-30	1E-10	1E10	1E-30	1E-10	1E10	1E-30	1E-10	1E10	1E-30	1E-10	1E10	1E-30	1E-10	1E10	1E-30	1E-10	1E10	1E-30	1E-10	1E10	1E-30	1E-10	2	-5	5
167	3.9E-10	1E10	1E11	1E-30	1.58E-10	1E10	1E-30	1E10	0.075	1E-30	4.36801675120368E-11	0.914835289089243	2.35318002568497E-12	1.19603145219585E-10	1E10	1.15389590819269E-11	2.96808768844756E-11	4.871199111408	9.05112868373459E-10	4.82513568305012E-12	0.195377650497281	6.9601272052083E-10	1.96763830942447E-11	0.590172189137159	3.21848242867039E-09	9.50399799910317E-12	0.245931349696579	1E10	1E-30	1E-10	1E10	1E-30	1E-10	1E10	1E-30	1E-10	1E10	1E-30	1E-10	1E10	1E-30	1E-10	1E10	1E-30	1E-10	1E10	1E-30	1E-10	1E10	1E-30	1E-10	1E10	1E-30	1E-10	2	-5	5
168	3.9E-10	1E10	1E11	1E-30	2.57370590289104E-10	1E10	1E-30	1E10	5.25540466529297E-02	1E-30	4.06961440136605E-11	0.96992158592058	1E-30	1.17400985860122E-11	1.30794456265132E-02	3.29017676312068E-09	9.46779949701994E-12	0.331840428828489	7.48028439876481E-10	1.92207552192596E-11	0.710931342471703	6.41638598487021E-10	7.24518017667935E-12	0.240905097731028	1E10	1E-30	1E-10	1E10	1E-30	1E-10	1E10	1E-30	1E-10	1E10	1E-30	1E-10	1E10	1E-30	1E-10	1E10	1E-30	1E-10	1E10	1E-30	1E-10	1E10	1E-30	1E-10	1E10	1E-30	1E-10	1E10	1E-30	1E-10	2	-1	1
169	3.9E-10	1E10	1E11	1E-30	2.57370590289104E-10	1E10	1E-30	1E10	5.25540466529297E-02	1E-30	4.06961440136605E-11	0.96992158592058	1E-30	1.17400985860122E-11	1.30794456265132E-02	3.29017676312068E-09	9.46779949701994E-12	0.331840428828489	7.48028439876481E-10	1.92207552192596E-11	0.710931342471703	6.41638598487021E-10	7.24518017667935E-12	0.240905097731028	1E10	1E-30	1E-10	1E10	1E-30	1E-10	1E10	1E-30	1E-10	1E10	1E-30	1E-10	1E10	1E-30	1E-10	1E10	1E-30	1E-10	1E10	1E-30	1E-10	1E10	1E-30	1E-10	1E10	1E-30	1E-10	1E10	1E-30	1E-10	2	-2	2
170	3.9E-10	1E10	1E11	1E-30	2.57370590289104E-10	1E10	1E-30	1E10	5.25540466529297E-02	1E-30	4.06961440136605E-11	0.96992158592058	1E-30	1.17400985860122E-11	1.30794456265132E-02	3.29017676312068E-09	9.46779949701994E-12	0.331840428828489	7.48028439876481E-10	1.92207552192596E-11	0.710931342471703	6.41638598487021E-10	7.24518017667935E-12	0.240905097731028	1E10	1E-30	1E-10	1E10	1E-30	1E-10	1E10	1E-30	1E-10	1E10	1E-30	1E-10	1E10	1E-30	1E-10	1E10	1E-30	1E-10	1E10	1E-30	1E-10	1E10	1E-30	1E-10	1E10	1E-30	1E-10	1E10	1E-30	1E-10	2	-5	5
171	4.7E-10	1E10	1E11	1E-30	1.3E-10	1E10	1E-30	1E10	5.29062938571426E-02	1E-30	7.92543921792337E-11	0.677281073641942	6.71769320427336E-09	5.61473232170162E-12	0.207117189926581	1.85034004621793E-09	9.34973521699605E-12	0.401684660529288	7.68865626093125E-11	4.5756976705078E-12	1.64425695080452	1.49929698923675E-12	1.25647086500321E-10	1E5	1E10	1E-30	1E-10	1E10	1E-30	1E-10	1E10	1E-30	1E-10	1E10	1E-30	1E-10	1E10	1E-30	1E-10	1E10	1E-30	1E-10	1E10	1E-30	1E-10	1E10	1E-30	1E-10	1E10	1E-30	1E-10	1E10	1E-30	1E-10	2	-5	5
172	4.7E-10	1E10	1E11	1E-30	2.43344739019987E-10	1E10	1E-30	1E10	4.15135192550309E-02	1E-30	4.20361443434659E-11	0.909251860116049	1E-30	2.22315612697043E-11	1.51510363991382E-02	4.05136195103798E-09	9.46618548870004E-12	0.324782601734989	8.27914299535924E-10	2.19343040325998E-11	0.656369253564997	6.47112558018256E-10	9.47315811690062E-12	0.235359159280265	1E10	1E-30	1E-10	1E10	1E-30	1E-10	1E10	1E-30	1E-10	1E10	1E-30	1E-10	1E10	1E-30	1E-10	1E10	1E-30	1E-10	1E10	1E-30	1E-10	1E10	1E-30	1E-10	1E10	1E-30	1E-10	1E10	1E-30	1E-10	2	-1	1
173	4.7E-10	1E10	1E11	1E-30	2.43344739019987E-10	1E10	1E-30	1E10	4.15135192550309E-02	1E-30	4.20361443434659E-11	0.909251860116049	1E-30	2.22315612697043E-11	1.51510363991382E-02	4.05136195103798E-09	9.46618548870004E-12	0.324782601734989	8.27914299535924E-10	2.19343040325998E-11	0.656369253564997	6.47112558018256E-10	9.47315811690062E-12	0.235359159280265	1E10	1E-30	1E-10	1E10	1E-30	1E-10	1E10	1E-30	1E-10	1E10	1E-30	1E-10	1E10	1E-30	1E-10	1E10	1E-30	1E-10	1E10	1E-30	1E-10	1E10	1E-30	1E-10	1E10	1E-30	1E-10	1E10	1E-30	1E-10	2	-2	2
174	4.7E-10	1E10	1E11	1E-30	2.43344739019987E-10	1E10	1E-30	1E10	4.15135192550309E-02	1E-30	4.20361443434659E-11	0.909251860116049	1E-30	2.22315612697043E-11	1.51510363991382E-02	4.05136195103798E-09	9.46618548870004E-12	0.324782601734989	8.27914299535924E-10	2.19343040325998E-11	0.656369253564997	6.47112558018256E-10	9.47315811690062E-12	0.235359159280265	1E10	1E-30	1E-10	1E10	1E-30	1E-10	1E10	1E-30	1E-10	1E10	1E-30	1E-10	1E10	1E-30	1E-10	1E10	1E-30	1E-10	1E10	1E-30	1E-10	1E10	1E-30	1E-10	1E10	1E-30	1E-10	1E10	1E-30	1E-10	2	-5	5
175	5.6E-10	1E10	1E11	1E-30	2.80489398757199E-10	1E10	1E-30	1E10	3.96978666519789E-02	1E-30	3.74752021877588E-11	1.15276275351682	1E-30	1.96839844459091E-11	2.03847790455567E-02	4.89588773244579E-09	8.01816347449093E-12	0.216711149232156	9.83811814929553E-10	1.73123214099136E-11	0.526904923606627	4.31529231796946E-10	1.08778527486898E-11	0.224502574842687	1E10	1E-30	1E-10	1E10	1E-30	1E-10	1E10	1E-30	1E-10	1E10	1E-30	1E-10	1E10	1E-30	1E-10	1E10	1E-30	1E-10	1E10	1E-30	1E-10	1E10	1E-30	1E-10	1E10	1E-30	1E-10	1E10	1E-30	1E-10	2	-1	1
176	5.6E-10	1E10	1E11	1E-30	2.80489398757199E-10	1E10	1E-30	1E10	3.96978666519789E-02	1E-30	3.74752021877588E-11	1.15276275351682	1E-30	1.96839844459091E-11	2.03847790455567E-02	4.89588773244579E-09	8.01816347449093E-12	0.216711149232156	9.83811814929553E-10	1.73123214099136E-11	0.526904923606627	4.31529231796946E-10	1.08778527486898E-11	0.224502574842687	1E10	1E-30	1E-10	1E10	1E-30	1E-10	1E10	1E-30	1E-10	1E10	1E-30	1E-10	1E10	1E-30	1E-10	1E10	1E-30	1E-10	1E10	1E-30	1E-10	1E10	1E-30	1E-10	1E10	1E-30	1E-10	1E10	1E-30	1E-10	2	-2	2
177	5.6E-10	1E10	1E11	1E-30	2.80489398757199E-10	1E10	1E-30	1E10	3.96978666519789E-02	1E-30	3.74752021877588E-11	1.15276275351682	1E-30	1.96839844459091E-11	2.03847790455567E-02	4.89588773244579E-09	8.01816347449093E-12	0.216711149232156	9.83811814929553E-10	1.73123214099136E-11	0.526904923606627	4.31529231796946E-10	1.08778527486898E-11	0.224502574842687	1E10	1E-30	1E-10	1E10	1E-30	1E-10	1E10	1E-30	1E-10	1E10	1E-30	1E-10	1E10	1E-30	1E-10	1E10	1E-30	1E-10	1E10	1E-30	1E-10	1E10	1E-30	1E-10	1E10	1E-30	1E-10	1E10	1E-30	1E-10	2	-5	5
178	5.6E-10	1E10	1E11	1E-30	2.80489398757199E-10	1E10	1E-30	1E10	3.96978666519789E-02	1E-30	3.74752021877588E-11	1.15276275351682	1E-30	1.96839844459091E-11	2.03847790455567E-02	4.89588773244579E-09	8.01816347449093E-12	0.216711149232156	9.83811814929553E-10	1.73123214099136E-11	0.526904923606627	4.31529231796946E-10	1.08778527486898E-11	0.224502574842687	1E10	1E-30	1E-10	1E10	1E-30	1E-10	1E10	1E-30	1E-10	1E10	1E-30	1E-10	1E10	1E-30	1E-10	1E10	1E-30	1E-10	1E10	1E-30	1E-10	1E10	1E-30	1E-10	1E10	1E-30	1E-10	1E10	1E-30	1E-10	2	-1	1
179	5.6E-10	1E10	1E11	1E-30	2.80489398757199E-10	1E10	1E-30	1E10	3.96978666519789E-02	1E-30	3.74752021877588E-11	1.15276275351682	1E-30	1.96839844459091E-11	2.03847790455567E-02	4.89588773244579E-09	8.01816347449093E-12	0.216711149232156	9.83811814929553E-10	1.73123214099136E-11	0.526904923606627	4.31529231796946E-10	1.08778527486898E-11	0.224502574842687	1E10	1E-30	1E-10	1E10	1E-30	1E-10	1E10	1E-30	1E-10	1E10	1E-30	1E-10	1E10	1E-30	1E-10	1E10	1E-30	1E-10	1E10	1E-30	1E-10	1E10	1E-30	1E-10	1E10	1E-30	1E-10	1E10	1E-30	1E-10	2	-2	2
180	5.6E-10	1E10	1E11	1E-30	2.80489398757199E-10	1E10	1E-30	1E10	3.96978666519789E-02	1E-30	3.74752021877588E-11	1.15276275351682	1E-30	1.96839844459091E-11	2.03847790455567E-02	4.89588773244579E-09	8.01816347449093E-12	0.216711149232156	9.83811814929553E-10	1.73123214099136E-11	0.526904923606627	4.31529231796946E-10	1.08778527486898E-11	0.224502574842687	1E10	1E-30	1E-10	1E10	1E-30	1E-10	1E10	1E-30	1E-10	1E10	1E-30	1E-10	1E10	1E-30	1E-10	1E10	1E-30	1E-10	1E10	1E-30	1E-10	1E10	1E-30	1E-10	1E10	1E-30	1E-10	1E10	1E-30	1E-10	2	-5	5
181	6.2E-10	1E10	1E11	1E-30	2.79420282466774E-10	1E10	1E-30	1E10	5.45610400465363E-02	1E-30	3.2380140088147E-11	1.00299827703112	4.0926143273376E-09	1.11225442124025E-11	0.2815477945334	1.03230111514456E-09	1.88453697172087E-11	0.513249118295702	3.56820432995076E-10	1.54486934881315E-11	0.279070602481786	1E10	1E-30	1E-10	1E10	1E-30	1E-10	1E10	1E-30	1E-10	1E10	1E-30	1E-10	1E10	1E-30	1E-10	1E10	1E-30	1E-10	1E10	1E-30	1E-10	1E10	1E-30	1E-10	1E10	1E-30	1E-10	1E10	1E-30	1E-10	1E10	1E-30	1E-10	2	-1	1
182	6.2E-10	1E10	1E11	1E-30	2.79420282466774E-10	1E10	1E-30	1E10	5.45610400465363E-02	1E-30	3.2380140088147E-11	1.00299827703112	4.0926143273376E-09	1.11225442124025E-11	0.2815477945334	1.03230111514456E-09	1.88453697172087E-11	0.513249118295702	3.56820432995076E-10	1.54486934881315E-11	0.279070602481786	1E10	1E-30	1E-10	1E10	1E-30	1E-10	1E10	1E-30	1E-10	1E10	1E-30	1E-10	1E10	1E-30	1E-10	1E10	1E-30	1E-10	1E10	1E-30	1E-10	1E10	1E-30	1E-10	1E10	1E-30	1E-10	1E10	1E-30	1E-10	1E10	1E-30	1E-10	2	-2	2
183	6.2E-10	1E10	1E11	1E-30	2.79420282466774E-10	1E10	1E-30	1E10	5.45610400465363E-02	1E-30	3.2380140088147E-11	1.00299827703112	4.0926143273376E-09	1.11225442124025E-11	0.2815477945334	1.03230111514456E-09	1.88453697172087E-11	0.513249118295702	3.56820432995076E-10	1.54486934881315E-11	0.279070602481786	1E10	1E-30	1E-10	1E10	1E-30	1E-10	1E10	1E-30	1E-10	1E10	1E-30	1E-10	1E10	1E-30	1E-10	1E10	1E-30	1E-10	1E10	1E-30	1E-10	1E10	1E-30	1E-10	1E10	1E-30	1E-10	1E10	1E-30	1E-10	1E10	1E-30	1E-10	2	-5	5
184	6.2E-10	1E10	1E11	1E-30	2.79420282466774E-10	1E10	1E-30	1E10	5.45610400465363E-02	1E-30	3.2380140088147E-11	1.00299827703112	4.0926143273376E-09	1.11225442124025E-11	0.2815477945334	1.03230111514456E-09	1.88453697172087E-11	0.513249118295702	3.56820432995076E-10	1.54486934881315E-11	0.279070602481786	1E10	1E-30	1E-10	1E10	1E-30	1E-10	1E10	1E-30	1E-10	1E10	1E-30	1E-10	1E10	1E-30	1E-10	1E10	1E-30	1E-10	1E10	1E-30	1E-10	1E10	1E-30	1E-10	1E10	1E-30	1E-10	1E10	1E-30	1E-10	1E10	1E-30	1E-10	2	-1	1
185	6.2E-10	1E10	1E11	1E-30	2.79420282466774E-10	1E10	1E-30	1E10	5.45610400465363E-02	1E-30	3.2380140088147E-11	1.00299827703112	4.0926143273376E-09	1.11225442124025E-11	0.2815477945334	1.03230111514456E-09	1.88453697172087E-11	0.513249118295702	3.56820432995076E-10	1.54486934881315E-11	0.279070602481786	1E10	1E-30	1E-10	1E10	1E-30	1E-10	1E10	1E-30	1E-10	1E10	1E-30	1E-10	1E10	1E-30	1E-10	1E10	1E-30	1E-10	1E10	1E-30	1E-10	1E10	1E-30	1E-10	1E10	1E-30	1E-10	1E10	1E-30	1E-10	1E10	1E-30	1E-10	2	-2	2
186	6.2E-10	1E10	1E11	1E-30	2.79420282466774E-10	1E10	1E-30	1E10	5.45610400465363E-02	1E-30	3.2380140088147E-11	1.00299827703112	4.0926143273376E-09	1.11225442124025E-11	0.2815477945334	1.03230111514456E-09	1.88453697172087E-11	0.513249118295702	3.56820432995076E-10	1.54486934881315E-11	0.279070602481786	1E10	1E-30	1E-10	1E10	1E-30	1E-10	1E10	1E-30	1E-10	1E10	1E-30	1E-10	1E10	1E-30	1E-10	1E10	1E-30	1E-10	1E10	1E-30	1E-10	1E10	1E-30	1E-10	1E10	1E-30	1E-10	1E10	1E-30	1E-10	1E10	1E-30	1E-10	2	-5	5
187	6.8E-10	1E10	1E11	1E-30	2.78671642404862E-10	1E10	1E-30	1E10	5.20030973253547E-02	1E-30	3.64943608057038E-11	0.772327707501811	5.11108421683087E-09	9.69712748647589E-12	0.266434573727971	1.09566990359575E-09	1.90008013062291E-11	0.533706669494134	6.62211711525027E-10	9.26386082437903E-12	0.21801988261431	6.55185602440196E-11	3.52181445549802E-12	0.659624039241665	1E10	1E-30	1E-10	1E10	1E-30	1E-10	1E10	1E-30	1E-10	1E10	1E-30	1E-10	1E10	1E-30	1E-10	1E10	1E-30	1E-10	1E10	1E-30	1E-10	1E10	1E-30	1E-10	1E10	1E-30	1E-10	1E10	1E-30	1E-10	2	-1	1
188	6.8E-10	1E10	1E11	1E-30	2.78671642404862E-10	1E10	1E-30	1E10	5.20030973253547E-02	1E-30	3.64943608057038E-11	0.772327707501811	5.11108421683087E-09	9.69712748647589E-12	0.266434573727971	1.09566990359575E-09	1.90008013062291E-11	0.533706669494134	6.62211711525027E-10	9.26386082437903E-12	0.21801988261431	6.55185602440196E-11	3.52181445549802E-12	0.659624039241665	1E10	1E-30	1E-10	1E10	1E-30	1E-10	1E10	1E-30	1E-10	1E10	1E-30	1E-10	1E10	1E-30	1E-10	1E10	1E-30	1E-10	1E10	1E-30	1E-10	1E10	1E-30	1E-10	1E10	1E-30	1E-10	1E10	1E-30	1E-10	2	-2	2
189	6.8E-10	1E10	1E11	1E-30	2.78671642404862E-10	1E10	1E-30	1E10	5.20030973253547E-02	1E-30	3.64943608057038E-11	0.772327707501811	5.11108421683087E-09	9.69712748647589E-12	0.266434573727971	1.09566990359575E-09	1.90008013062291E-11	0.533706669494134	6.62211711525027E-10	9.26386082437903E-12	0.21801988261431	6.55185602440196E-11	3.52181445549802E-12	0.659624039241665	1E10	1E-30	1E-10	1E10	1E-30	1E-10	1E10	1E-30	1E-10	1E10	1E-30	1E-10	1E10	1E-30	1E-10	1E10	1E-30	1E-10	1E10	1E-30	1E-10	1E10	1E-30	1E-10	1E10	1E-30	1E-10	1E10	1E-30	1E-10	2	-5	5
190	6.8E-10	1E10	1E11	1E-30	2.78671642404862E-10	1E10	1E-30	1E10	5.20030973253547E-02	1E-30	3.64943608057038E-11	0.772327707501811	5.11108421683087E-09	9.69712748647589E-12	0.266434573727971	1.09566990359575E-09	1.90008013062291E-11	0.533706669494134	6.62211711525027E-10	9.26386082437903E-12	0.21801988261431	6.55185602440196E-11	3.52181445549802E-12	0.659624039241665	1E10	1E-30	1E-10	1E10	1E-30	1E-10	1E10	1E-30	1E-10	1E10	1E-30	1E-10	1E10	1E-30	1E-10	1E10	1E-30	1E-10	1E10	1E-30	1E-10	1E10	1E-30	1E-10	1E10	1E-30	1E-10	1E10	1E-30	1E-10	2	-1	1
191	6.8E-10	1E10	1E11	1E-30	2.78671642404862E-10	1E10	1E-30	1E10	5.20030973253547E-02	1E-30	3.64943608057038E-11	0.772327707501811	5.11108421683087E-09	9.69712748647589E-12	0.266434573727971	1.09566990359575E-09	1.90008013062291E-11	0.533706669494134	6.62211711525027E-10	9.26386082437903E-12	0.21801988261431	6.55185602440196E-11	3.52181445549802E-12	0.659624039241665	1E10	1E-30	1E-10	1E10	1E-30	1E-10	1E10	1E-30	1E-10	1E10	1E-30	1E-10	1E10	1E-30	1E-10	1E10	1E-30	1E-10	1E10	1E-30	1E-10	1E10	1E-30	1E-10	1E10	1E-30	1E-10	1E10	1E-30	1E-10	2	-2	2
192	6.8E-10	1E10	1E11	1E-30	2.78671642404862E-10	1E10	1E-30	1E10	5.20030973253547E-02	1E-30	3.64943608057038E-11	0.772327707501811	5.11108421683087E-09	9.69712748647589E-12	0.266434573727971	1.09566990359575E-09	1.90008013062291E-11	0.533706669494134	6.62211711525027E-10	9.26386082437903E-12	0.21801988261431	6.55185602440196E-11	3.52181445549802E-12	0.659624039241665	1E10	1E-30	1E-10	1E10	1E-30	1E-10	1E10	1E-30	1E-10	1E10	1E-30	1E-10	1E10	1E-30	1E-10	1E10	1E-30	1E-10	1E10	1E-30	1E-10	1E10	1E-30	1E-10	1E10	1E-30	1E-10	1E10	1E-30	1E-10	2	-5	5
193	8.2E-10	1E10	1E11	1E-30	2.34757217205335E-10	1E10	1E-30	1E10	4.68148176857352E-02	1E-30	4.04930812863113E-11	0.767745457422804	5.48352164294376E-09	1.1621232875358E-11	0.382115127217389	1.60905355741366E-09	1.80237747906779E-11	0.501385998075853	8.07468485756675E-10	1.14439103655016E-11	0.211825885857057	1.1305776416017E-10	2.70732173745182E-12	0.400425925702566	1E10	1E-30	1E-10	1E10	1E-30	1E-10	1E10	1E-30	1E-10	1E10	1E-30	1E-10	1E10	1E-30	1E-10	1E10	1E-30	1E-10	1E10	1E-30	1E-10	1E10	1E-30	1E-10	1E10	1E-30	1E-10	1E10	1E-30	1E-10	2	-1	1
194	8.2E-10	1E10	1E11	1E-30	2.34757217205335E-10	1E10	1E-30	1E10	4.68148176857352E-02	1E-30	4.04930812863113E-11	0.767745457422804	5.48352164294376E-09	1.1621232875358E-11	0.382115127217389	1.60905355741366E-09	1.80237747906779E-11	0.501385998075853	8.07468485756675E-10	1.14439103655016E-11	0.211825885857057	1.1305776416017E-10	2.70732173745182E-12	0.400425925702566	1E10	1E-30	1E-10	1E10	1E-30	1E-10	1E10	1E-30	1E-10	1E10	1E-30	1E-10	1E10	1E-30	1E-10	1E10	1E-30	1E-10	1E10	1E-30	1E-10	1E10	1E-30	1E-10	1E10	1E-30	1E-10	1E10	1E-30	1E-10	2	-2	2
195	8.2E-10	1E10	1E11	1E-30	2.34757217205335E-10	1E10	1E-30	1E10	4.68148176857352E-02	1E-30	4.04930812863113E-11	0.767745457422804	5.48352164294376E-09	1.1621232875358E-11	0.382115127217389	1.60905355741366E-09	1.80237747906779E-11	0.501385998075853	8.07468485756675E-10	1.14439103655016E-11	0.211825885857057	1.1305776416017E-10	2.70732173745182E-12	0.400425925702566	1E10	1E-30	1E-10	1E10	1E-30	1E-10	1E10	1E-30	1E-10	1E10	1E-30	1E-10	1E10	1E-30	1E-10	1E10	1E-30	1E-10	1E10	1E-30	1E-10	1E10	1E-30	1E-10	1E10	1E-30	1E-10	1E10	1E-30	1E-10	2	-5	5
196	8.2E-10	1E10	1E11	1E-30	2.34757217205335E-10	1E10	1E-30	1E10	4.68148176857352E-02	1E-30	4.04930812863113E-11	0.767745457422804	5.48352164294376E-09	1.1621232875358E-11	0.382115127217389	1.60905355741366E-09	1.80237747906779E-11	0.501385998075853	8.07468485756675E-10	1.14439103655016E-11	0.211825885857057	1.1305776416017E-10	2.70732173745182E-12	0.400425925702566	1E10	1E-30	1E-10	1E10	1E-30	1E-10	1E10	1E-30	1E-10	1E10	1E-30	1E-10	1E10	1E-30	1E-10	1E10	1E-30	1E-10	1E10	1E-30	1E-10	1E10	1E-30	1E-10	1E10	1E-30	1E-10	1E10	1E-30	1E-10	2	-1	1
197	8.2E-10	1E10	1E11	1E-30	2.34757217205335E-10	1E10	1E-30	1E10	4.68148176857352E-02	1E-30	4.04930812863113E-11	0.767745457422804	5.48352164294376E-09	1.1621232875358E-11	0.382115127217389	1.60905355741366E-09	1.80237747906779E-11	0.501385998075853	8.07468485756675E-10	1.14439103655016E-11	0.211825885857057	1.1305776416017E-10	2.70732173745182E-12	0.400425925702566	1E10	1E-30	1E-10	1E10	1E-30	1E-10	1E10	1E-30	1E-10	1E10	1E-30	1E-10	1E10	1E-30	1E-10	1E10	1E-30	1E-10	1E10	1E-30	1E-10	1E10	1E-30	1E-10	1E10	1E-30	1E-10	1E10	1E-30	1E-10	2	-2	2
198	8.2E-10	1E10	1E11	1E-30	2.34757217205335E-10	1E10	1E-30	1E10	4.68148176857352E-02	1E-30	4.04930812863113E-11	0.767745457422804	5.48352164294376E-09	1.1621232875358E-11	0.382115127217389	1.60905355741366E-09	1.80237747906779E-11	0.501385998075853	8.07468485756675E-10	1.14439103655016E-11	0.211825885857057	1.1305776416017E-10	2.70732173745182E-12	0.400425925702566	1E10	1E-30	1E-10	1E10	1E-30	1E-10	1E10	1E-30	1E-10	1E10	1E-30	1E-10	1E10	1E-30	1E-10	1E10	1E-30	1E-10	1E10	1E-30	1E-10	1E10	1E-30	1E-10	1E10	1E-30	1E-10	1E10	1E-30	1E-10	2	-5	5
END DSCRDATA
