BEGIN DSCRDATA
% INDEX	K01	L01	M01	K02	L02	M02	K03	L03	M03	K04	L04	M04	K05	L05	M05	K06	L06	M06	K07	L07	M07	K08	L08	M08	K09	L09	M09	K10	L10	M10	K11	L11	M11	K12	L12	M12	K13	L13	M13	K14	L14	M14	K15	L15	M15	K16	L16	M16	K17	L17	M17	K18	L18	M18	T01	T02	T03
0	0	0	0	0	0	0	0	0	0	0	0	0	0	0	0	0	0	0	0	0	0	0	0	0	0	0	0	0	0	0	0	0	0	0	0	0	0	0	0	0	0	0	0	0	0	0	0	0	0	0	0	0	0	0	0	0	0
1	1E-13	1E10	1E10	1E-30	5.30357989914008E-10	1E10	1E-30	1E10	0.603740157017668	3.22224230260914E-10	1.8915479258252E-13	0.144479855746809	1E10	1E-30	1E-10	1E10	1E-30	1E-10	1E10	1E-30	1E-10	1E10	1E-30	1E-10	1E10	1E-30	1E-10	1E10	1E-30	1E-10	1E10	1E-30	1E-10	1E10	1E-30	1E-10	1E10	1E-30	1E-10	1E10	1E-30	1E-10	1E10	1E-30	1E-10	1E10	1E-30	1E-10	1E10	1E-30	1E-10	1E10	1E-30	1E-10	1	-0.1	0.1
2	2E-13	1E10	1E10	1E-30	3.39652577565452E-10	1E10	1E-30	1E10	0.481196380478117	2.70712570399198E-10	2.2185364825234E-13	0.532466490990564	1E10	1E-30	1E-10	1E10	1E-30	1E-10	1E10	1E-30	1E-10	1E10	1E-30	1E-10	1E10	1E-30	1E-10	1E10	1E-30	1E-10	1E10	1E-30	1E-10	1E10	1E-30	1E-10	1E10	1E-30	1E-10	1E10	1E-30	1E-10	1E10	1E-30	1E-10	1E10	1E-30	1E-10	1E10	1E-30	1E-10	1E10	1E-30	1E-10	1	-0.1	0.1
3	3E-13	1E10	1E10	1E-30	2.83568641876673E-10	1E10	1E-30	1E10	0.412671471431778	1.06508764058437E-10	5.66028250699297E-13	0.690247978301062	1E10	1E-30	1E-10	1E10	1E-30	1E-10	1E10	1E-30	1E-10	1E10	1E-30	1E-10	1E10	1E-30	1E-10	1E10	1E-30	1E-10	1E10	1E-30	1E-10	1E10	1E-30	1E-10	1E10	1E-30	1E-10	1E10	1E-30	1E-10	1E10	1E-30	1E-10	1E10	1E-30	1E-10	1E10	1E-30	1E-10	1E10	1E-30	1E-10	1	-0.1	0.1
4	3E-13	1E10	1E10	1E-30	2.83568641876673E-10	1E10	1E-30	1E10	0.412671471431778	1.06508764058437E-10	5.66028250699297E-13	0.690247978301062	1E10	1E-30	1E-10	1E10	1E-30	1E-10	1E10	1E-30	1E-10	1E10	1E-30	1E-10	1E10	1E-30	1E-10	1E10	1E-30	1E-10	1E10	1E-30	1E-10	1E10	1E-30	1E-10	1E10	1E-30	1E-10	1E10	1E-30	1E-10	1E10	1E-30	1E-10	1E10	1E-30	1E-10	1E10	1E-30	1E-10	1E10	1E-30	1E-10	1	-0.25	0.25
5	4E-13	1E10	1E10	1E-30	3.34652443513738E-10	1E10	1E-30	1E10	0.343792560129599	2.27472438645264E-11	2.52335813810948E-12	2.15085278558504	3.33088321963055E-12	1.6484185688738E-11	1E5	1E10	1E-30	1E-10	1E10	1E-30	1E-10	1E10	1E-30	1E-10	1E10	1E-30	1E-10	1E10	1E-30	1E-10	1E10	1E-30	1E-10	1E10	1E-30	1E-10	1E10	1E-30	1E-10	1E10	1E-30	1E-10	1E10	1E-30	1E-10	1E10	1E-30	1E-10	1E10	1E-30	1E-10	1E10	1E-30	1E-10	1	-0.1	0.1
6	4E-13	1E10	1E10	1E-30	3.34652443513738E-10	1E10	1E-30	1E10	0.343792560129599	2.27472438645264E-11	2.52335813810948E-12	2.15085278558504	3.33088321963055E-12	1.6484185688738E-11	1E5	1E10	1E-30	1E-10	1E10	1E-30	1E-10	1E10	1E-30	1E-10	1E10	1E-30	1E-10	1E10	1E-30	1E-10	1E10	1E-30	1E-10	1E10	1E-30	1E-10	1E10	1E-30	1E-10	1E10	1E-30	1E-10	1E10	1E-30	1E-10	1E10	1E-30	1E-10	1E10	1E-30	1E-10	1E10	1E-30	1E-10	1	-0.25	0.25
7	5E-13	1E10	1E10	1E-30	2.56420324330407E-10	1E10	1E-30	1E10	0.323692820695861	3.6580321627312E-11	1.60882227874212E-12	1.21368858353871	7.76811560549182E-13	5.86904174870298E-11	1E8	1E10	1E-30	1E-10	1E10	1E-30	1E-10	1E10	1E-30	1E-10	1E10	1E-30	1E-10	1E10	1E-30	1E-10	1E10	1E-30	1E-10	1E10	1E-30	1E-10	1E10	1E-30	1E-10	1E10	1E-30	1E-10	1E10	1E-30	1E-10	1E10	1E-30	1E-10	1E10	1E-30	1E-10	1E10	1E-30	1E-10	1	-0.1	0.1
8	5E-13	1E10	1E10	1E-30	2.56420324330407E-10	1E10	1E-30	1E10	0.323692820695861	3.6580321627312E-11	1.60882227874212E-12	1.21368858353871	7.76811560549182E-13	5.86904174870298E-11	1E8	1E10	1E-30	1E-10	1E10	1E-30	1E-10	1E10	1E-30	1E-10	1E10	1E-30	1E-10	1E10	1E-30	1E-10	1E10	1E-30	1E-10	1E10	1E-30	1E-10	1E10	1E-30	1E-10	1E10	1E-30	1E-10	1E10	1E-30	1E-10	1E10	1E-30	1E-10	1E10	1E-30	1E-10	1E10	1E-30	1E-10	1	-0.25	0.25
9	6E-13	1E10	1E10	1E-30	2.04394802669898E-10	1E10	1E-30	1E10	0.307689609878364	4.77684558846347E-11	1.27744646018148E-12	0.902403011221346	5.48281507916515E-13	7.50105748483665E-11	1E8	1E10	1E-30	1E-10	1E10	1E-30	1E-10	1E10	1E-30	1E-10	1E10	1E-30	1E-10	1E10	1E-30	1E-10	1E10	1E-30	1E-10	1E10	1E-30	1E-10	1E10	1E-30	1E-10	1E10	1E-30	1E-10	1E10	1E-30	1E-10	1E10	1E-30	1E-10	1E10	1E-30	1E-10	1E10	1E-30	1E-10	1	-0.1	0.1
10	6E-13	1E10	1E10	1E-30	2.04394802669898E-10	1E10	1E-30	1E10	0.307689609878364	4.77684558846347E-11	1.27744646018148E-12	0.902403011221346	5.48281507916515E-13	7.50105748483665E-11	1E8	1E10	1E-30	1E-10	1E10	1E-30	1E-10	1E10	1E-30	1E-10	1E10	1E-30	1E-10	1E10	1E-30	1E-10	1E10	1E-30	1E-10	1E10	1E-30	1E-10	1E10	1E-30	1E-10	1E10	1E-30	1E-10	1E10	1E-30	1E-10	1E10	1E-30	1E-10	1E10	1E-30	1E-10	1E10	1E-30	1E-10	1	-0.25	0.25
11	7E-13	1E10	1E10	1E-30	2.45600893941145E-10	1E10	1E-30	1E10	0.289980412270228	1.94642875431408E-11	2.63107331200535E-12	1.55304955930609	1.02802661145061E-12	4.25096792412464E-11	1E8	1E10	1E-30	1E-10	1E10	1E-30	1E-10	1E10	1E-30	1E-10	1E10	1E-30	1E-10	1E10	1E-30	1E-10	1E10	1E-30	1E-10	1E10	1E-30	1E-10	1E10	1E-30	1E-10	1E10	1E-30	1E-10	1E10	1E-30	1E-10	1E10	1E-30	1E-10	1E10	1E-30	1E-10	1E10	1E-30	1E-10	1	-0.1	0.1
12	7E-13	1E10	1E10	1E-30	2.45600893941145E-10	1E10	1E-30	1E10	0.289980412270228	1.94642875431408E-11	2.63107331200535E-12	1.55304955930609	1.02802661145061E-12	4.25096792412464E-11	1E8	1E10	1E-30	1E-10	1E10	1E-30	1E-10	1E10	1E-30	1E-10	1E10	1E-30	1E-10	1E10	1E-30	1E-10	1E10	1E-30	1E-10	1E10	1E-30	1E-10	1E10	1E-30	1E-10	1E10	1E-30	1E-10	1E10	1E-30	1E-10	1E10	1E-30	1E-10	1E10	1E-30	1E-10	1E10	1E-30	1E-10	1	-0.25	0.25
13	7.5E-13	1E10	1E10	1E-30	2.59384971776646E-10	1E10	1E-30	1E10	0.283135814059426	3.83995396701396E-12	1.59513525531728E-11	91.7469234878309	1.1449941155967E-12	4.20886249831595E-11	1E8	1E10	1E-30	1E-10	1E10	1E-30	1E-10	1E10	1E-30	1E-10	1E10	1E-30	1E-10	1E10	1E-30	1E-10	1E10	1E-30	1E-10	1E10	1E-30	1E-10	1E10	1E-30	1E-10	1E10	1E-30	1E-10	1E10	1E-30	1E-10	1E10	1E-30	1E-10	1E10	1E-30	1E-10	1E10	1E-30	1E-10	1	-0.1	0.1
14	7.5E-13	1E10	1E10	1E-30	2.59384971776646E-10	1E10	1E-30	1E10	0.283135814059426	3.83995396701396E-12	1.59513525531728E-11	91.7469234878309	1.1449941155967E-12	4.20886249831595E-11	1E8	1E10	1E-30	1E-10	1E10	1E-30	1E-10	1E10	1E-30	1E-10	1E10	1E-30	1E-10	1E10	1E-30	1E-10	1E10	1E-30	1E-10	1E10	1E-30	1E-10	1E10	1E-30	1E-10	1E10	1E-30	1E-10	1E10	1E-30	1E-10	1E10	1E-30	1E-10	1E10	1E-30	1E-10	1E10	1E-30	1E-10	1	-0.25	0.25
15	8E-13	1E10	1E10	1E-30	2.14707583725028E-10	1E10	1E-30	1E10	0.274651644970645	4.77856888947729E-12	1.40311487626324E-11	61.7453572835732	3.43304377409619E-11	1.58604305645313E-12	20.4280147077589	5.28781158403535E-13	8.27305882060838E-11	1E8	1E10	1E-30	1E-10	1E10	1E-30	1E-10	1E10	1E-30	1E-10	1E10	1E-30	1E-10	1E10	1E-30	1E-10	1E10	1E-30	1E-10	1E10	1E-30	1E-10	1E10	1E-30	1E-10	1E10	1E-30	1E-10	1E10	1E-30	1E-10	1E10	1E-30	1E-10	1E10	1E-30	1E-10	1	-0.1	0.1
16	8E-13	1E10	1E10	1E-30	2.14707583725028E-10	1E10	1E-30	1E10	0.274651644970645	4.77856888947729E-12	1.40311487626324E-11	61.7453572835732	3.43304377409619E-11	1.58604305645313E-12	20.4280147077589	5.28781158403535E-13	8.27305882060838E-11	1E8	1E10	1E-30	1E-10	1E10	1E-30	1E-10	1E10	1E-30	1E-10	1E10	1E-30	1E-10	1E10	1E-30	1E-10	1E10	1E-30	1E-10	1E10	1E-30	1E-10	1E10	1E-30	1E-10	1E10	1E-30	1E-10	1E10	1E-30	1E-10	1E10	1E-30	1E-10	1E10	1E-30	1E-10	1	-0.25	0.25
17	9E-13	1E10	1E10	1E-30	1.48079098144221E-10	1E10	1E-30	1E10	0.253493721358183	4.18986567993335E-12	1.64721249731036E-11	72.5794030939443	3.13209212370804E-12	1.73427275924327E-11	105.426483485783	1.84629667105232E-13	1.23719889466077E-10	1E8	1E10	1E-30	1E-10	1E10	1E-30	1E-10	1E10	1E-30	1E-10	1E10	1E-30	1E-10	1E10	1E-30	1E-10	1E10	1E-30	1E-10	1E10	1E-30	1E-10	1E10	1E-30	1E-10	1E10	1E-30	1E-10	1E10	1E-30	1E-10	1E10	1E-30	1E-10	1E10	1E-30	1E-10	1	-0.1	0.1
18	9E-13	1E10	1E10	1E-30	1.48079098144221E-10	1E10	1E-30	1E10	0.253493721358183	4.18986567993335E-12	1.64721249731036E-11	72.5794030939443	3.13209212370804E-12	1.73427275924327E-11	105.426483485783	1.84629667105232E-13	1.23719889466077E-10	1E8	1E10	1E-30	1E-10	1E10	1E-30	1E-10	1E10	1E-30	1E-10	1E10	1E-30	1E-10	1E10	1E-30	1E-10	1E10	1E-30	1E-10	1E10	1E-30	1E-10	1E10	1E-30	1E-10	1E10	1E-30	1E-10	1E10	1E-30	1E-10	1E10	1E-30	1E-10	1E10	1E-30	1E-10	1	-0.25	0.25
19	1E-12	1E10	1E10	1E-30	1.9926551252775E-10	1E10	1E-30	1E10	0.229087543159583	2.44785469945258E-11	2.89785304404289E-12	6.66852648995527	8.86155796802706E-12	5.20942309490018E-12	15.1167143008387	3.210657972777E-13	1.21283678639909E-10	1E8	1E10	1E-30	1E-10	1E10	1E-30	1E-10	1E10	1E-30	1E-10	1E10	1E-30	1E-10	1E10	1E-30	1E-10	1E10	1E-30	1E-10	1E10	1E-30	1E-10	1E10	1E-30	1E-10	1E10	1E-30	1E-10	1E10	1E-30	1E-10	1E10	1E-30	1E-10	1E10	1E-30	1E-10	1	-0.1	0.1
20	1E-12	1E10	1E10	1E-30	1.9926551252775E-10	1E10	1E-30	1E10	0.229087543159583	2.44785469945258E-11	2.89785304404289E-12	6.66852648995527	8.86155796802706E-12	5.20942309490018E-12	15.1167143008387	3.210657972777E-13	1.21283678639909E-10	1E8	1E10	1E-30	1E-10	1E10	1E-30	1E-10	1E10	1E-30	1E-10	1E10	1E-30	1E-10	1E10	1E-30	1E-10	1E10	1E-30	1E-10	1E10	1E-30	1E-10	1E10	1E-30	1E-10	1E10	1E-30	1E-10	1E10	1E-30	1E-10	1E10	1E-30	1E-10	1E10	1E-30	1E-10	1	-0.25	0.25
21	1.1E-12	1E10	1E10	1E-30	2.64851131143121E-10	1E10	1E-30	1E10	0.14418917059486	1E-30	1.09665388475783E-11	0.247554865650832	1E10	1E-30	1E-10	1E10	1E-30	1E-10	1E10	1E-30	1E-10	1E10	1E-30	1E-10	1E10	1E-30	1E-10	1E10	1E-30	1E-10	1E10	1E-30	1E-10	1E10	1E-30	1E-10	1E10	1E-30	1E-10	1E10	1E-30	1E-10	1E10	1E-30	1E-10	1E10	1E-30	1E-10	1E10	1E-30	1E-10	1E10	1E-30	1E-10	1	-0.1	0.1
22	1.1E-12	1E10	1E10	1E-30	2.64851131143121E-10	1E10	1E-30	1E10	0.14418917059486	1E-30	1.09665388475783E-11	0.247554865650832	1E10	1E-30	1E-10	1E10	1E-30	1E-10	1E10	1E-30	1E-10	1E10	1E-30	1E-10	1E10	1E-30	1E-10	1E10	1E-30	1E-10	1E10	1E-30	1E-10	1E10	1E-30	1E-10	1E10	1E-30	1E-10	1E10	1E-30	1E-10	1E10	1E-30	1E-10	1E10	1E-30	1E-10	1E10	1E-30	1E-10	1E10	1E-30	1E-10	1	-0.25	0.25
23	1.2E-12	1E10	1E10	1E-30	2.80987447093867E-10	1E10	1E-30	1E10	0.141135231974563	1E-30	1.16201292422474E-11	0.136835403169153	1E10	1E-30	1E-10	1E10	1E-30	1E-10	1E10	1E-30	1E-10	1E10	1E-30	1E-10	1E10	1E-30	1E-10	1E10	1E-30	1E-10	1E10	1E-30	1E-10	1E10	1E-30	1E-10	1E10	1E-30	1E-10	1E10	1E-30	1E-10	1E10	1E-30	1E-10	1E10	1E-30	1E-10	1E10	1E-30	1E-10	1E10	1E-30	1E-10	1	-0.1	0.1
24	1.2E-12	1E10	1E10	1E-30	2.80987447093867E-10	1E10	1E-30	1E10	0.141135231974563	1E-30	1.16201292422474E-11	0.136835403169153	1E10	1E-30	1E-10	1E10	1E-30	1E-10	1E10	1E-30	1E-10	1E10	1E-30	1E-10	1E10	1E-30	1E-10	1E10	1E-30	1E-10	1E10	1E-30	1E-10	1E10	1E-30	1E-10	1E10	1E-30	1E-10	1E10	1E-30	1E-10	1E10	1E-30	1E-10	1E10	1E-30	1E-10	1E10	1E-30	1E-10	1E10	1E-30	1E-10	1	-0.25	0.25
25	1.3E-12	1E10	1E10	1E-30	2.72866746008234E-10	1E10	1E-30	1E10	0.137315132201391	1E-30	1.62563302160966E-11	0.240996108732916	1E10	1E-30	1E-10	1E10	1E-30	1E-10	1E10	1E-30	1E-10	1E10	1E-30	1E-10	1E10	1E-30	1E-10	1E10	1E-30	1E-10	1E10	1E-30	1E-10	1E10	1E-30	1E-10	1E10	1E-30	1E-10	1E10	1E-30	1E-10	1E10	1E-30	1E-10	1E10	1E-30	1E-10	1E10	1E-30	1E-10	1E10	1E-30	1E-10	1	-0.1	0.1
26	1.3E-12	1E10	1E10	1E-30	2.72866746008234E-10	1E10	1E-30	1E10	0.137315132201391	1E-30	1.62563302160966E-11	0.240996108732916	1E10	1E-30	1E-10	1E10	1E-30	1E-10	1E10	1E-30	1E-10	1E10	1E-30	1E-10	1E10	1E-30	1E-10	1E10	1E-30	1E-10	1E10	1E-30	1E-10	1E10	1E-30	1E-10	1E10	1E-30	1E-10	1E10	1E-30	1E-10	1E10	1E-30	1E-10	1E10	1E-30	1E-10	1E10	1E-30	1E-10	1E10	1E-30	1E-10	1	-0.25	0.25
27	1.5E-12	1E10	1E10	1E-30	2.58591011760385E-10	1E10	1E-30	1E10	0.132221537630664	1E-30	3.98350028807893E-12	3.37181429063951E-02	1.58703546038463E-10	2.00091773592423E-12	1.43503855221935	1E10	1E-30	1E-10	1E10	1E-30	1E-10	1E10	1E-30	1E-10	1E10	1E-30	1E-10	1E10	1E-30	1E-10	1E10	1E-30	1E-10	1E10	1E-30	1E-10	1E10	1E-30	1E-10	1E10	1E-30	1E-10	1E10	1E-30	1E-10	1E10	1E-30	1E-10	1E10	1E-30	1E-10	1E10	1E-30	1E-10	1	-0.1	0.1
28	1.5E-12	1E10	1E10	1E-30	2.58591011760385E-10	1E10	1E-30	1E10	0.132221537630664	1E-30	3.98350028807893E-12	3.37181429063951E-02	1.58703546038463E-10	2.00091773592423E-12	1.43503855221935	1E10	1E-30	1E-10	1E10	1E-30	1E-10	1E10	1E-30	1E-10	1E10	1E-30	1E-10	1E10	1E-30	1E-10	1E10	1E-30	1E-10	1E10	1E-30	1E-10	1E10	1E-30	1E-10	1E10	1E-30	1E-10	1E10	1E-30	1E-10	1E10	1E-30	1E-10	1E10	1E-30	1E-10	1E10	1E-30	1E-10	1	-0.25	0.25
29	1.6E-12	1E10	1E10	1E-30	2.77162634151026E-10	1E10	1E-30	1E10	0.131276163780521	1E-30	1.12494064281724E-11	8.03029487430549E-02	1.91619465538795E-10	1.7006361559868E-12	2.15141890039939	1E10	1E-30	1E-10	1E10	1E-30	1E-10	1E10	1E-30	1E-10	1E10	1E-30	1E-10	1E10	1E-30	1E-10	1E10	1E-30	1E-10	1E10	1E-30	1E-10	1E10	1E-30	1E-10	1E10	1E-30	1E-10	1E10	1E-30	1E-10	1E10	1E-30	1E-10	1E10	1E-30	1E-10	1E10	1E-30	1E-10	1	-0.1	0.1
30	1.6E-12	1E10	1E10	1E-30	2.77162634151026E-10	1E10	1E-30	1E10	0.131276163780521	1E-30	1.12494064281724E-11	8.03029487430549E-02	1.91619465538795E-10	1.7006361559868E-12	2.15141890039939	1E10	1E-30	1E-10	1E10	1E-30	1E-10	1E10	1E-30	1E-10	1E10	1E-30	1E-10	1E10	1E-30	1E-10	1E10	1E-30	1E-10	1E10	1E-30	1E-10	1E10	1E-30	1E-10	1E10	1E-30	1E-10	1E10	1E-30	1E-10	1E10	1E-30	1E-10	1E10	1E-30	1E-10	1E10	1E-30	1E-10	1	-0.25	0.25
31	1.8E-12	1E10	1E10	1E-30	2.57069008379854E-10	1E10	1E-30	1E10	0.130491913896321	1E-30	3.36185655918939E-12	7.58893904826938E-02	8.36107347406153E-11	3.76985028523877E-12	2.77606771940178	1E10	1E-30	1E-10	1E10	1E-30	1E-10	1E10	1E-30	1E-10	1E10	1E-30	1E-10	1E10	1E-30	1E-10	1E10	1E-30	1E-10	1E10	1E-30	1E-10	1E10	1E-30	1E-10	1E10	1E-30	1E-10	1E10	1E-30	1E-10	1E10	1E-30	1E-10	1E10	1E-30	1E-10	1E10	1E-30	1E-10	1	-0.1	0.1
32	1.8E-12	1E10	1E10	1E-30	2.57069008379854E-10	1E10	1E-30	1E10	0.130491913896321	1E-30	3.36185655918939E-12	7.58893904826938E-02	8.36107347406153E-11	3.76985028523877E-12	2.77606771940178	1E10	1E-30	1E-10	1E10	1E-30	1E-10	1E10	1E-30	1E-10	1E10	1E-30	1E-10	1E10	1E-30	1E-10	1E10	1E-30	1E-10	1E10	1E-30	1E-10	1E10	1E-30	1E-10	1E10	1E-30	1E-10	1E10	1E-30	1E-10	1E10	1E-30	1E-10	1E10	1E-30	1E-10	1E10	1E-30	1E-10	1	-0.25	0.25
33	2E-12	1E10	1E10	1E-30	2.64784124937096E-10	1E10	1E-30	1E10	0.119536329408051	1E-30	3.22674610549492E-12	4.07577176352802E-02	8.52296612343263E-11	3.53773434909553E-12	1.6476290361871	1E10	1E-30	1E-10	1E10	1E-30	1E-10	1E10	1E-30	1E-10	1E10	1E-30	1E-10	1E10	1E-30	1E-10	1E10	1E-30	1E-10	1E10	1E-30	1E-10	1E10	1E-30	1E-10	1E10	1E-30	1E-10	1E10	1E-30	1E-10	1E10	1E-30	1E-10	1E10	1E-30	1E-10	1E10	1E-30	1E-10	1	-0.1	0.1
34	2E-12	1E10	1E10	1E-30	2.64784124937096E-10	1E10	1E-30	1E10	0.119536329408051	1E-30	3.22674610549492E-12	4.07577176352802E-02	8.52296612343263E-11	3.53773434909553E-12	1.6476290361871	1E10	1E-30	1E-10	1E10	1E-30	1E-10	1E10	1E-30	1E-10	1E10	1E-30	1E-10	1E10	1E-30	1E-10	1E10	1E-30	1E-10	1E10	1E-30	1E-10	1E10	1E-30	1E-10	1E10	1E-30	1E-10	1E10	1E-30	1E-10	1E10	1E-30	1E-10	1E10	1E-30	1E-10	1E10	1E-30	1E-10	1	-0.25	0.25
35	2.2E-12	1E10	1E10	1E-30	2.48066948304807E-10	1E10	1E-30	1E10	0.121037676613206	1E-30	3.32043179159304E-12	7.80157128442506E-02	3.29963762227621E-11	9.53056325969621E-12	11.4815362149689	1E10	1E-30	1E-10	1E10	1E-30	1E-10	1E10	1E-30	1E-10	1E10	1E-30	1E-10	1E10	1E-30	1E-10	1E10	1E-30	1E-10	1E10	1E-30	1E-10	1E10	1E-30	1E-10	1E10	1E-30	1E-10	1E10	1E-30	1E-10	1E10	1E-30	1E-10	1E10	1E-30	1E-10	1E10	1E-30	1E-10	1	-0.1	0.1
36	2.2E-12	1E10	1E10	1E-30	2.48066948304807E-10	1E10	1E-30	1E10	0.121037676613206	1E-30	3.32043179159304E-12	7.80157128442506E-02	3.29963762227621E-11	9.53056325969621E-12	11.4815362149689	1E10	1E-30	1E-10	1E10	1E-30	1E-10	1E10	1E-30	1E-10	1E10	1E-30	1E-10	1E10	1E-30	1E-10	1E10	1E-30	1E-10	1E10	1E-30	1E-10	1E10	1E-30	1E-10	1E10	1E-30	1E-10	1E10	1E-30	1E-10	1E10	1E-30	1E-10	1E10	1E-30	1E-10	1E10	1E-30	1E-10	1	-0.25	0.25
37	2.4E-12	1E10	1E10	1E-30	2.09447980336814E-10	1E10	1E-30	1E10	0.116511302743038	1E-30	8.86335085788416E-12	3.01648167515926E-02	3.72611483301872E-12	6.06493442641923E-11	186.028283349865	1E10	1E-30	1E-10	1E10	1E-30	1E-10	1E10	1E-30	1E-10	1E10	1E-30	1E-10	1E10	1E-30	1E-10	1E10	1E-30	1E-10	1E10	1E-30	1E-10	1E10	1E-30	1E-10	1E10	1E-30	1E-10	1E10	1E-30	1E-10	1E10	1E-30	1E-10	1E10	1E-30	1E-10	1E10	1E-30	1E-10	1	-0.1	0.1
38	2.4E-12	1E10	1E10	1E-30	2.09447980336814E-10	1E10	1E-30	1E10	0.116511302743038	1E-30	8.86335085788416E-12	3.01648167515926E-02	3.72611483301872E-12	6.06493442641923E-11	186.028283349865	1E10	1E-30	1E-10	1E10	1E-30	1E-10	1E10	1E-30	1E-10	1E10	1E-30	1E-10	1E10	1E-30	1E-10	1E10	1E-30	1E-10	1E10	1E-30	1E-10	1E10	1E-30	1E-10	1E10	1E-30	1E-10	1E10	1E-30	1E-10	1E10	1E-30	1E-10	1E10	1E-30	1E-10	1E10	1E-30	1E-10	1	-0.25	0.25
39	2.7E-12	1E10	1E10	1E-30	2.66898866657163E-10	1E10	1E-30	1E10	0.117989154529078	1E-30	3.12839138770816E-12	5.12670301842382E-02	8.8879656597796E-11	3.55061927517994E-12	1.03947691283048	1E10	1E-30	1E-10	1E10	1E-30	1E-10	1E10	1E-30	1E-10	1E10	1E-30	1E-10	1E10	1E-30	1E-10	1E10	1E-30	1E-10	1E10	1E-30	1E-10	1E10	1E-30	1E-10	1E10	1E-30	1E-10	1E10	1E-30	1E-10	1E10	1E-30	1E-10	1E10	1E-30	1E-10	1E10	1E-30	1E-10	1	-0.1	0.1
40	2.7E-12	1E10	1E10	1E-30	2.66898866657163E-10	1E10	1E-30	1E10	0.117989154529078	1E-30	3.12839138770816E-12	5.12670301842382E-02	8.8879656597796E-11	3.55061927517994E-12	1.03947691283048	1E10	1E-30	1E-10	1E10	1E-30	1E-10	1E10	1E-30	1E-10	1E10	1E-30	1E-10	1E10	1E-30	1E-10	1E10	1E-30	1E-10	1E10	1E-30	1E-10	1E10	1E-30	1E-10	1E10	1E-30	1E-10	1E10	1E-30	1E-10	1E10	1E-30	1E-10	1E10	1E-30	1E-10	1E10	1E-30	1E-10	1	-0.25	0.25
41	3E-12	1E10	1E10	1E-30	2.23720028426461E-10	1E10	1E-30	1E10	0.116025192296856	1E-30	1.00882874742396E-11	9.34310602632586E-02	8.27031039645199E-12	3.54479389661816E-11	174.640259492903	1E10	1E-30	1E-10	1E10	1E-30	1E-10	1E10	1E-30	1E-10	1E10	1E-30	1E-10	1E10	1E-30	1E-10	1E10	1E-30	1E-10	1E10	1E-30	1E-10	1E10	1E-30	1E-10	1E10	1E-30	1E-10	1E10	1E-30	1E-10	1E10	1E-30	1E-10	1E10	1E-30	1E-10	1E10	1E-30	1E-10	1	-0.05	0.05
42	3E-12	1E10	1E10	1E-30	2.23720028426461E-10	1E10	1E-30	1E10	0.116025192296856	1E-30	1.00882874742396E-11	9.34310602632586E-02	8.27031039645199E-12	3.54479389661816E-11	174.640259492903	1E10	1E-30	1E-10	1E10	1E-30	1E-10	1E10	1E-30	1E-10	1E10	1E-30	1E-10	1E10	1E-30	1E-10	1E10	1E-30	1E-10	1E10	1E-30	1E-10	1E10	1E-30	1E-10	1E10	1E-30	1E-10	1E10	1E-30	1E-10	1E10	1E-30	1E-10	1E10	1E-30	1E-10	1E10	1E-30	1E-10	1	-0.1	0.1
43	3E-12	1E10	1E10	1E-30	2.23720028426461E-10	1E10	1E-30	1E10	0.116025192296856	1E-30	1.00882874742396E-11	9.34310602632586E-02	8.27031039645199E-12	3.54479389661816E-11	174.640259492903	1E10	1E-30	1E-10	1E10	1E-30	1E-10	1E10	1E-30	1E-10	1E10	1E-30	1E-10	1E10	1E-30	1E-10	1E10	1E-30	1E-10	1E10	1E-30	1E-10	1E10	1E-30	1E-10	1E10	1E-30	1E-10	1E10	1E-30	1E-10	1E10	1E-30	1E-10	1E10	1E-30	1E-10	1E10	1E-30	1E-10	1	-0.25	0.25
44	3.3E-12	1E10	1E10	1E-30	2.11038594909898E-10	1E10	1E-30	1E10	0.11511119225804	1E-30	6.98256135335167E-12	7.51263895816871E-02	6.18379148403889E-12	4.73472748368723E-11	158.489319246111	1E10	1E-30	1E-10	1E10	1E-30	1E-10	1E10	1E-30	1E-10	1E10	1E-30	1E-10	1E10	1E-30	1E-10	1E10	1E-30	1E-10	1E10	1E-30	1E-10	1E10	1E-30	1E-10	1E10	1E-30	1E-10	1E10	1E-30	1E-10	1E10	1E-30	1E-10	1E10	1E-30	1E-10	1E10	1E-30	1E-10	1	-0.1	0.1
45	3.3E-12	1E10	1E10	1E-30	2.11038594909898E-10	1E10	1E-30	1E10	0.11511119225804	1E-30	6.98256135335167E-12	7.51263895816871E-02	6.18379148403889E-12	4.73472748368723E-11	158.489319246111	1E10	1E-30	1E-10	1E10	1E-30	1E-10	1E10	1E-30	1E-10	1E10	1E-30	1E-10	1E10	1E-30	1E-10	1E10	1E-30	1E-10	1E10	1E-30	1E-10	1E10	1E-30	1E-10	1E10	1E-30	1E-10	1E10	1E-30	1E-10	1E10	1E-30	1E-10	1E10	1E-30	1E-10	1E10	1E-30	1E-10	1	-0.25	0.25
46	3.6E-12	1E10	1E10	1E-30	2.65497050206677E-10	1E10	1E-30	1E10	0.109017375864903	1E-30	4.40904114042201E-12	0.125298547503119	8.27692285042454E-11	4.08988356594102E-12	1.83041621541635	1E10	1E-30	1E-10	1E10	1E-30	1E-10	1E10	1E-30	1E-10	1E10	1E-30	1E-10	1E10	1E-30	1E-10	1E10	1E-30	1E-10	1E10	1E-30	1E-10	1E10	1E-30	1E-10	1E10	1E-30	1E-10	1E10	1E-30	1E-10	1E10	1E-30	1E-10	1E10	1E-30	1E-10	1E10	1E-30	1E-10	1	-0.1	0.1
47	3.6E-12	1E10	1E10	1E-30	2.65497050206677E-10	1E10	1E-30	1E10	0.109017375864903	1E-30	4.40904114042201E-12	0.125298547503119	8.27692285042454E-11	4.08988356594102E-12	1.83041621541635	1E10	1E-30	1E-10	1E10	1E-30	1E-10	1E10	1E-30	1E-10	1E10	1E-30	1E-10	1E10	1E-30	1E-10	1E10	1E-30	1E-10	1E10	1E-30	1E-10	1E10	1E-30	1E-10	1E10	1E-30	1E-10	1E10	1E-30	1E-10	1E10	1E-30	1E-10	1E10	1E-30	1E-10	1E10	1E-30	1E-10	1	-0.25	0.25
48	3.9E-12	1E10	1E10	1E-30	2.29819504407105E-10	1E10	1E-30	1E10	0.106575033893473	1E-30	7.08426057248401E-12	5.26358989728518E-02	8.88657552983098E-12	3.47529282357925E-11	103.599159975172	1E10	1E-30	1E-10	1E10	1E-30	1E-10	1E10	1E-30	1E-10	1E10	1E-30	1E-10	1E10	1E-30	1E-10	1E10	1E-30	1E-10	1E10	1E-30	1E-10	1E10	1E-30	1E-10	1E10	1E-30	1E-10	1E10	1E-30	1E-10	1E10	1E-30	1E-10	1E10	1E-30	1E-10	1E10	1E-30	1E-10	1	-0.1	0.1
49	3.9E-12	1E10	1E10	1E-30	2.29819504407105E-10	1E10	1E-30	1E10	0.106575033893473	1E-30	7.08426057248401E-12	5.26358989728518E-02	8.88657552983098E-12	3.47529282357925E-11	103.599159975172	1E10	1E-30	1E-10	1E10	1E-30	1E-10	1E10	1E-30	1E-10	1E10	1E-30	1E-10	1E10	1E-30	1E-10	1E10	1E-30	1E-10	1E10	1E-30	1E-10	1E10	1E-30	1E-10	1E10	1E-30	1E-10	1E10	1E-30	1E-10	1E10	1E-30	1E-10	1E10	1E-30	1E-10	1E10	1E-30	1E-10	1	-0.25	0.25
50	4E-12	1E10	1E10	1E-30	1.98104568558539E-10	1E10	1E-30	1E10	0.107682602390648	1E-30	4.63308897744945E-12	5.09701254503247E-02	4.62846300115745E-12	6.59221879582867E-11	219.782249958884	1E10	1E-30	1E-10	1E10	1E-30	1E-10	1E10	1E-30	1E-10	1E10	1E-30	1E-10	1E10	1E-30	1E-10	1E10	1E-30	1E-10	1E10	1E-30	1E-10	1E10	1E-30	1E-10	1E10	1E-30	1E-10	1E10	1E-30	1E-10	1E10	1E-30	1E-10	1E10	1E-30	1E-10	1E10	1E-30	1E-10	1	-0.1	0.1
51	4E-12	1E10	1E10	1E-30	1.98104568558539E-10	1E10	1E-30	1E10	0.107682602390648	1E-30	4.63308897744945E-12	5.09701254503247E-02	4.62846300115745E-12	6.59221879582867E-11	219.782249958884	1E10	1E-30	1E-10	1E10	1E-30	1E-10	1E10	1E-30	1E-10	1E10	1E-30	1E-10	1E10	1E-30	1E-10	1E10	1E-30	1E-10	1E10	1E-30	1E-10	1E10	1E-30	1E-10	1E10	1E-30	1E-10	1E10	1E-30	1E-10	1E10	1E-30	1E-10	1E10	1E-30	1E-10	1E10	1E-30	1E-10	1	-0.25	0.25
52	4.3E-12	1E10	1E10	1E-30	2.17026449544461E-10	1E10	1E-30	1E10	0.104257362137104	1E-30	4.52465076448533E-12	6.70768379530498E-02	6.90977647655051E-12	4.42622483573886E-11	110.640246196317	1E10	1E-30	1E-10	1E10	1E-30	1E-10	1E10	1E-30	1E-10	1E10	1E-30	1E-10	1E10	1E-30	1E-10	1E10	1E-30	1E-10	1E10	1E-30	1E-10	1E10	1E-30	1E-10	1E10	1E-30	1E-10	1E10	1E-30	1E-10	1E10	1E-30	1E-10	1E10	1E-30	1E-10	1E10	1E-30	1E-10	1	-0.1	0.1
53	4.3E-12	1E10	1E10	1E-30	2.17026449544461E-10	1E10	1E-30	1E10	0.104257362137104	1E-30	4.52465076448533E-12	6.70768379530498E-02	6.90977647655051E-12	4.42622483573886E-11	110.640246196317	1E10	1E-30	1E-10	1E10	1E-30	1E-10	1E10	1E-30	1E-10	1E10	1E-30	1E-10	1E10	1E-30	1E-10	1E10	1E-30	1E-10	1E10	1E-30	1E-10	1E10	1E-30	1E-10	1E10	1E-30	1E-10	1E10	1E-30	1E-10	1E10	1E-30	1E-10	1E10	1E-30	1E-10	1E10	1E-30	1E-10	1	-0.25	0.25
54	4.7E-12	1E10	1E10	1E-30	2.10510650330557E-10	1E10	1E-30	1E10	0.102640724049892	1E-30	5.7932217279802E-12	5.20621424595682E-02	6.16310001170453E-12	5.2269808449352E-11	133.214348574112	1E10	1E-30	1E-10	1E10	1E-30	1E-10	1E10	1E-30	1E-10	1E10	1E-30	1E-10	1E10	1E-30	1E-10	1E10	1E-30	1E-10	1E10	1E-30	1E-10	1E10	1E-30	1E-10	1E10	1E-30	1E-10	1E10	1E-30	1E-10	1E10	1E-30	1E-10	1E10	1E-30	1E-10	1E10	1E-30	1E-10	1	-0.1	0.1
55	4.7E-12	1E10	1E10	1E-30	2.10510650330557E-10	1E10	1E-30	1E10	0.102640724049892	1E-30	5.7932217279802E-12	5.20621424595682E-02	6.16310001170453E-12	5.2269808449352E-11	133.214348574112	1E10	1E-30	1E-10	1E10	1E-30	1E-10	1E10	1E-30	1E-10	1E10	1E-30	1E-10	1E10	1E-30	1E-10	1E10	1E-30	1E-10	1E10	1E-30	1E-10	1E10	1E-30	1E-10	1E10	1E-30	1E-10	1E10	1E-30	1E-10	1E10	1E-30	1E-10	1E10	1E-30	1E-10	1E10	1E-30	1E-10	1	-0.25	0.25
56	5E-12	1E10	1E10	1E-30	2.50964113886783E-10	1E10	1E-30	1E10	0.103548389682201	1E-30	9.57246878564576E-12	7.40281675231056E-02	1.74508566869761E-11	1.86325511320873E-11	48.3567264365624	1E10	1E-30	1E-10	1E10	1E-30	1E-10	1E10	1E-30	1E-10	1E10	1E-30	1E-10	1E10	1E-30	1E-10	1E10	1E-30	1E-10	1E10	1E-30	1E-10	1E10	1E-30	1E-10	1E10	1E-30	1E-10	1E10	1E-30	1E-10	1E10	1E-30	1E-10	1E10	1E-30	1E-10	1E10	1E-30	1E-10	1	-0.1	0.1
57	5E-12	1E10	1E10	1E-30	2.50964113886783E-10	1E10	1E-30	1E10	0.103548389682201	1E-30	9.57246878564576E-12	7.40281675231056E-02	1.74508566869761E-11	1.86325511320873E-11	48.3567264365624	1E10	1E-30	1E-10	1E10	1E-30	1E-10	1E10	1E-30	1E-10	1E10	1E-30	1E-10	1E10	1E-30	1E-10	1E10	1E-30	1E-10	1E10	1E-30	1E-10	1E10	1E-30	1E-10	1E10	1E-30	1E-10	1E10	1E-30	1E-10	1E10	1E-30	1E-10	1E10	1E-30	1E-10	1E10	1E-30	1E-10	1	-0.25	0.25
58	5.1E-12	1E10	1E10	1E-30	2.32156330323126E-10	1E10	1E-30	1E10	9.68392175158129E-02	1E-30	7.33099517959067E-12	7.42885124359597E-02	1.00754155935432E-11	3.39387351362692E-11	99.2132357959209	1E10	1E-30	1E-10	1E10	1E-30	1E-10	1E10	1E-30	1E-10	1E10	1E-30	1E-10	1E10	1E-30	1E-10	1E10	1E-30	1E-10	1E10	1E-30	1E-10	1E10	1E-30	1E-10	1E10	1E-30	1E-10	1E10	1E-30	1E-10	1E10	1E-30	1E-10	1E10	1E-30	1E-10	1E10	1E-30	1E-10	1	-0.1	0.1
59	5.1E-12	1E10	1E10	1E-30	2.32156330323126E-10	1E10	1E-30	1E10	9.68392175158129E-02	1E-30	7.33099517959067E-12	7.42885124359597E-02	1.00754155935432E-11	3.39387351362692E-11	99.2132357959209	1E10	1E-30	1E-10	1E10	1E-30	1E-10	1E10	1E-30	1E-10	1E10	1E-30	1E-10	1E10	1E-30	1E-10	1E10	1E-30	1E-10	1E10	1E-30	1E-10	1E10	1E-30	1E-10	1E10	1E-30	1E-10	1E10	1E-30	1E-10	1E10	1E-30	1E-10	1E10	1E-30	1E-10	1E10	1E-30	1E-10	1	-0.25	0.25
60	5.6E-12	1E10	1E10	1E-30	2.43272216527647E-10	1E10	1E-30	1E10	9.30308891161692E-02	1E-30	6.17326858424935E-12	9.95803013110595E-02	1.45696056600364E-11	2.53212447488616E-11	50.686286446647	1E10	1E-30	1E-10	1E10	1E-30	1E-10	1E10	1E-30	1E-10	1E10	1E-30	1E-10	1E10	1E-30	1E-10	1E10	1E-30	1E-10	1E10	1E-30	1E-10	1E10	1E-30	1E-10	1E10	1E-30	1E-10	1E10	1E-30	1E-10	1E10	1E-30	1E-10	1E10	1E-30	1E-10	1E10	1E-30	1E-10	1	-0.1	0.1
61	5.6E-12	1E10	1E10	1E-30	2.43272216527647E-10	1E10	1E-30	1E10	9.30308891161692E-02	1E-30	6.17326858424935E-12	9.95803013110595E-02	1.45696056600364E-11	2.53212447488616E-11	50.686286446647	1E10	1E-30	1E-10	1E10	1E-30	1E-10	1E10	1E-30	1E-10	1E10	1E-30	1E-10	1E10	1E-30	1E-10	1E10	1E-30	1E-10	1E10	1E-30	1E-10	1E10	1E-30	1E-10	1E10	1E-30	1E-10	1E10	1E-30	1E-10	1E10	1E-30	1E-10	1E10	1E-30	1E-10	1E10	1E-30	1E-10	1	-0.25	0.25
62	6E-12	1E10	1E10	1E-30	2.46142389802057E-10	1E10	1E-30	1E10	9.26808194281951E-02	1E-30	6.32980445545567E-12	0.285640073167266	1.7485152792616E-11	2.16393001446906E-11	36.749945087471	1E10	1E-30	1E-10	1E10	1E-30	1E-10	1E10	1E-30	1E-10	1E10	1E-30	1E-10	1E10	1E-30	1E-10	1E10	1E-30	1E-10	1E10	1E-30	1E-10	1E10	1E-30	1E-10	1E10	1E-30	1E-10	1E10	1E-30	1E-10	1E10	1E-30	1E-10	1E10	1E-30	1E-10	1E10	1E-30	1E-10	1	-0.1	0.1
63	6E-12	1E10	1E10	1E-30	2.46142389802057E-10	1E10	1E-30	1E10	9.26808194281951E-02	1E-30	6.32980445545567E-12	0.285640073167266	1.7485152792616E-11	2.16393001446906E-11	36.749945087471	1E10	1E-30	1E-10	1E10	1E-30	1E-10	1E10	1E-30	1E-10	1E10	1E-30	1E-10	1E10	1E-30	1E-10	1E10	1E-30	1E-10	1E10	1E-30	1E-10	1E10	1E-30	1E-10	1E10	1E-30	1E-10	1E10	1E-30	1E-10	1E10	1E-30	1E-10	1E10	1E-30	1E-10	1E10	1E-30	1E-10	1	-0.25	0.25
64	6.2E-12	1E10	1E10	1E-30	2.57336833018154E-10	1E10	1E-30	1E10	9.49592405801775E-02	1E-30	3.97178889130382E-12	7.50396385269698E-02	3.06119461113103E-11	1.28941414818965E-11	26.5295880595316	6.65342642327071E-11	4.59931368313521E-12	1.56922343760575	1E10	1E-30	1E-10	1E10	1E-30	1E-10	1E10	1E-30	1E-10	1E10	1E-30	1E-10	1E10	1E-30	1E-10	1E10	1E-30	1E-10	1E10	1E-30	1E-10	1E10	1E-30	1E-10	1E10	1E-30	1E-10	1E10	1E-30	1E-10	1E10	1E-30	1E-10	1E10	1E-30	1E-10	1	-0.1	0.1
65	6.2E-12	1E10	1E10	1E-30	2.57336833018154E-10	1E10	1E-30	1E10	9.49592405801775E-02	1E-30	3.97178889130382E-12	7.50396385269698E-02	3.06119461113103E-11	1.28941414818965E-11	26.5295880595316	6.65342642327071E-11	4.59931368313521E-12	1.56922343760575	1E10	1E-30	1E-10	1E10	1E-30	1E-10	1E10	1E-30	1E-10	1E10	1E-30	1E-10	1E10	1E-30	1E-10	1E10	1E-30	1E-10	1E10	1E-30	1E-10	1E10	1E-30	1E-10	1E10	1E-30	1E-10	1E10	1E-30	1E-10	1E10	1E-30	1E-10	1E10	1E-30	1E-10	1	-0.25	0.25
66	6.8E-12	1E10	1E10	1E-30	2.58026932433034E-10	1E10	1E-30	1E10	9.00670956774198E-02	1E-30	5.51238213045886E-12	0.11997013628407	2.8854996067401E-11	1.48773419903974E-11	25.65725425248	1.31991543835431E-09	2.34362111209792E-13	0.402727770499597	1E10	1E-30	1E-10	1E10	1E-30	1E-10	1E10	1E-30	1E-10	1E10	1E-30	1E-10	1E10	1E-30	1E-10	1E10	1E-30	1E-10	1E10	1E-30	1E-10	1E10	1E-30	1E-10	1E10	1E-30	1E-10	1E10	1E-30	1E-10	1E10	1E-30	1E-10	1E10	1E-30	1E-10	1	-0.1	0.1
67	6.8E-12	1E10	1E10	1E-30	2.58026932433034E-10	1E10	1E-30	1E10	9.00670956774198E-02	1E-30	5.51238213045886E-12	0.11997013628407	2.8854996067401E-11	1.48773419903974E-11	25.65725425248	1.31991543835431E-09	2.34362111209792E-13	0.402727770499597	1E10	1E-30	1E-10	1E10	1E-30	1E-10	1E10	1E-30	1E-10	1E10	1E-30	1E-10	1E10	1E-30	1E-10	1E10	1E-30	1E-10	1E10	1E-30	1E-10	1E10	1E-30	1E-10	1E10	1E-30	1E-10	1E10	1E-30	1E-10	1E10	1E-30	1E-10	1E10	1E-30	1E-10	1	-0.25	0.25
68	7E-12	1E10	1E10	1E-30	2.15961513291037E-10	1E10	1E-30	1E10	9.21853884272838E-02	1E-30	5.29007589029655E-12	8.24917928228249E-02	2.24146088415454E-11	1.94973049220151E-11	33.3497334466968	8.42942003072017E-12	3.05236043344301E-11	95.7027454624261	1E10	1E-30	1E-10	1E10	1E-30	1E-10	1E10	1E-30	1E-10	1E10	1E-30	1E-10	1E10	1E-30	1E-10	1E10	1E-30	1E-10	1E10	1E-30	1E-10	1E10	1E-30	1E-10	1E10	1E-30	1E-10	1E10	1E-30	1E-10	1E10	1E-30	1E-10	1E10	1E-30	1E-10	1	-0.1	0.1
69	7E-12	1E10	1E10	1E-30	2.15961513291037E-10	1E10	1E-30	1E10	9.21853884272838E-02	1E-30	5.29007589029655E-12	8.24917928228249E-02	2.24146088415454E-11	1.94973049220151E-11	33.3497334466968	8.42942003072017E-12	3.05236043344301E-11	95.7027454624261	1E10	1E-30	1E-10	1E10	1E-30	1E-10	1E10	1E-30	1E-10	1E10	1E-30	1E-10	1E10	1E-30	1E-10	1E10	1E-30	1E-10	1E10	1E-30	1E-10	1E10	1E-30	1E-10	1E10	1E-30	1E-10	1E10	1E-30	1E-10	1E10	1E-30	1E-10	1E10	1E-30	1E-10	1	-0.25	0.25
70	7.5E-12	1E10	1E10	1E-30	1.97439849678176E-10	1E10	1E-30	1E10	8.40425863035241E-02	1E-30	8.2183968313258E-12	0.363447093984826	2.6175797852865E-11	1.80301653756711E-11	27.6435000940099	4.74498985452907E-12	4.61421572746877E-11	222.133898748864	1E10	1E-30	1E-10	1E10	1E-30	1E-10	1E10	1E-30	1E-10	1E10	1E-30	1E-10	1E10	1E-30	1E-10	1E10	1E-30	1E-10	1E10	1E-30	1E-10	1E10	1E-30	1E-10	1E10	1E-30	1E-10	1E10	1E-30	1E-10	1E10	1E-30	1E-10	1E10	1E-30	1E-10	1	-0.1	0.1
71	7.5E-12	1E10	1E10	1E-30	1.97439849678176E-10	1E10	1E-30	1E10	8.40425863035241E-02	1E-30	8.2183968313258E-12	0.363447093984826	2.6175797852865E-11	1.80301653756711E-11	27.6435000940099	4.74498985452907E-12	4.61421572746877E-11	222.133898748864	1E10	1E-30	1E-10	1E10	1E-30	1E-10	1E10	1E-30	1E-10	1E10	1E-30	1E-10	1E10	1E-30	1E-10	1E10	1E-30	1E-10	1E10	1E-30	1E-10	1E10	1E-30	1E-10	1E10	1E-30	1E-10	1E10	1E-30	1E-10	1E10	1E-30	1E-10	1E10	1E-30	1E-10	1	-0.25	0.25
72	8E-12	1E10	1E10	1E-30	1.95732640411009E-10	1E10	1E-30	1E10	7.86323989453727E-02	1E-30	5.11085054970424E-12	7.27939132779901E-02	2.37788369267146E-11	2.13811543101614E-11	26.3726908210438	5.19740181547695E-12	4.90150701596223E-11	544.864722532659	1E10	1E-30	1E-10	1E10	1E-30	1E-10	1E10	1E-30	1E-10	1E10	1E-30	1E-10	1E10	1E-30	1E-10	1E10	1E-30	1E-10	1E10	1E-30	1E-10	1E10	1E-30	1E-10	1E10	1E-30	1E-10	1E10	1E-30	1E-10	1E10	1E-30	1E-10	1E10	1E-30	1E-10	1	-0.1	0.1
73	8E-12	1E10	1E10	1E-30	1.95732640411009E-10	1E10	1E-30	1E10	7.86323989453727E-02	1E-30	5.11085054970424E-12	7.27939132779901E-02	2.37788369267146E-11	2.13811543101614E-11	26.3726908210438	5.19740181547695E-12	4.90150701596223E-11	544.864722532659	1E10	1E-30	1E-10	1E10	1E-30	1E-10	1E10	1E-30	1E-10	1E10	1E-30	1E-10	1E10	1E-30	1E-10	1E10	1E-30	1E-10	1E10	1E-30	1E-10	1E10	1E-30	1E-10	1E10	1E-30	1E-10	1E10	1E-30	1E-10	1E10	1E-30	1E-10	1E10	1E-30	1E-10	1	-0.25	0.25
74	8.2E-12	1E10	1E10	1E-30	1.81200177660069E-10	1E10	1E-30	1E10	7.06410655134366E-02	1E-30	3.72939279863304E-12	8.84326790926035E-02	2.15442447981571E-11	2.3866594697969E-11	31.3205468621839	5.39413699558859E-12	5.40352398363729E-11	95.2683754528871	1E10	1E-30	1E-10	1E10	1E-30	1E-10	1E10	1E-30	1E-10	1E10	1E-30	1E-10	1E10	1E-30	1E-10	1E10	1E-30	1E-10	1E10	1E-30	1E-10	1E10	1E-30	1E-10	1E10	1E-30	1E-10	1E10	1E-30	1E-10	1E10	1E-30	1E-10	1E10	1E-30	1E-10	1	-0.1	0.1
75	8.2E-12	1E10	1E10	1E-30	1.81200177660069E-10	1E10	1E-30	1E10	7.06410655134366E-02	1E-30	3.72939279863304E-12	8.84326790926035E-02	2.15442447981571E-11	2.3866594697969E-11	31.3205468621839	5.39413699558859E-12	5.40352398363729E-11	95.2683754528871	1E10	1E-30	1E-10	1E10	1E-30	1E-10	1E10	1E-30	1E-10	1E10	1E-30	1E-10	1E10	1E-30	1E-10	1E10	1E-30	1E-10	1E10	1E-30	1E-10	1E10	1E-30	1E-10	1E10	1E-30	1E-10	1E10	1E-30	1E-10	1E10	1E-30	1E-10	1E10	1E-30	1E-10	1	-0.25	0.25
76	9E-12	1E10	1E10	1E-30	2.16329723536084E-10	1E10	1E-30	1E10	7.77957835037899E-02	1E-30	4.09394400727958E-12	8.96462034473395E-02	3.02610199418155E-11	1.84754273680859E-11	27.7558410557993	8.57835070506069E-12	3.14628038464995E-11	46.8995757078522	1E10	1E-30	1E-10	1E10	1E-30	1E-10	1E10	1E-30	1E-10	1E10	1E-30	1E-10	1E10	1E-30	1E-10	1E10	1E-30	1E-10	1E10	1E-30	1E-10	1E10	1E-30	1E-10	1E10	1E-30	1E-10	1E10	1E-30	1E-10	1E10	1E-30	1E-10	1E10	1E-30	1E-10	1	-0.1	0.1
77	9E-12	1E10	1E10	1E-30	2.16329723536084E-10	1E10	1E-30	1E10	7.77957835037899E-02	1E-30	4.09394400727958E-12	8.96462034473395E-02	3.02610199418155E-11	1.84754273680859E-11	27.7558410557993	8.57835070506069E-12	3.14628038464995E-11	46.8995757078522	1E10	1E-30	1E-10	1E10	1E-30	1E-10	1E10	1E-30	1E-10	1E10	1E-30	1E-10	1E10	1E-30	1E-10	1E10	1E-30	1E-10	1E10	1E-30	1E-10	1E10	1E-30	1E-10	1E10	1E-30	1E-10	1E10	1E-30	1E-10	1E10	1E-30	1E-10	1E10	1E-30	1E-10	1	-0.25	0.25
78	9.1E-12	1E10	1E10	1E-30	9.85344344460405E-11	1E10	1E-30	1E10	7.72933301021531E-02	1E-30	5.77402985103944E-12	2.77769066830592E-02	2.22999623436908E-11	2.58179113393557E-11	34.5364883693404	1.96714996450851E-12	1.30355400224351E-10	334.758364662423	1E10	1E-30	1E-10	1E10	1E-30	1E-10	1E10	1E-30	1E-10	1E10	1E-30	1E-10	1E10	1E-30	1E-10	1E10	1E-30	1E-10	1E10	1E-30	1E-10	1E10	1E-30	1E-10	1E10	1E-30	1E-10	1E10	1E-30	1E-10	1E10	1E-30	1E-10	1E10	1E-30	1E-10	1	-0.1	0.1
79	9.1E-12	1E10	1E10	1E-30	9.85344344460405E-11	1E10	1E-30	1E10	7.72933301021531E-02	1E-30	5.77402985103944E-12	2.77769066830592E-02	2.22999623436908E-11	2.58179113393557E-11	34.5364883693404	1.96714996450851E-12	1.30355400224351E-10	334.758364662423	1E10	1E-30	1E-10	1E10	1E-30	1E-10	1E10	1E-30	1E-10	1E10	1E-30	1E-10	1E10	1E-30	1E-10	1E10	1E-30	1E-10	1E10	1E-30	1E-10	1E10	1E-30	1E-10	1E10	1E-30	1E-10	1E10	1E-30	1E-10	1E10	1E-30	1E-10	1E10	1E-30	1E-10	1	-0.25	0.25
80	1E-11	1E10	1E10	1E-30	2.15797626978573E-10	1E10	1E-30	1E10	0.10704623946356	3.14939024985477E-11	2.00268373156975E-11	24.8892307985272	9.28054216131643E-12	3.40913689852628E-11	77.3288925880885	1E10	1E-30	1E-10	1E10	1E-30	1E-10	1E10	1E-30	1E-10	1E10	1E-30	1E-10	1E10	1E-30	1E-10	1E10	1E-30	1E-10	1E10	1E-30	1E-10	1E10	1E-30	1E-10	1E10	1E-30	1E-10	1E10	1E-30	1E-10	1E10	1E-30	1E-10	1E10	1E-30	1E-10	1E10	1E-30	1E-10	2	-1	1
81	1E-11	1E10	1E10	1E-30	2.15797626978573E-10	1E10	1E-30	1E10	0.10704623946356	3.14939024985477E-11	2.00268373156975E-11	24.8892307985272	9.28054216131643E-12	3.40913689852628E-11	77.3288925880885	1E10	1E-30	1E-10	1E10	1E-30	1E-10	1E10	1E-30	1E-10	1E10	1E-30	1E-10	1E10	1E-30	1E-10	1E10	1E-30	1E-10	1E10	1E-30	1E-10	1E10	1E-30	1E-10	1E10	1E-30	1E-10	1E10	1E-30	1E-10	1E10	1E-30	1E-10	1E10	1E-30	1E-10	1E10	1E-30	1E-10	2	-2	2
82	1E-11	1E10	1E10	1E-30	2.15797626978573E-10	1E10	1E-30	1E10	0.10704623946356	3.14939024985477E-11	2.00268373156975E-11	24.8892307985272	9.28054216131643E-12	3.40913689852628E-11	77.3288925880885	1E10	1E-30	1E-10	1E10	1E-30	1E-10	1E10	1E-30	1E-10	1E10	1E-30	1E-10	1E10	1E-30	1E-10	1E10	1E-30	1E-10	1E10	1E-30	1E-10	1E10	1E-30	1E-10	1E10	1E-30	1E-10	1E10	1E-30	1E-10	1E10	1E-30	1E-10	1E10	1E-30	1E-10	1E10	1E-30	1E-10	2	-5	5
83	1.1E-11	1E10	1E10	1E-30	2.1841230078205E-10	1E10	1E-30	1E10	0.100463672143478	3.92196774866418E-11	1.72081018471436E-11	19.4840615648222	1.11207040193727E-11	2.87770273933952E-11	19.2198288464503	1E10	1E-30	1E-10	1E10	1E-30	1E-10	1E10	1E-30	1E-10	1E10	1E-30	1E-10	1E10	1E-30	1E-10	1E10	1E-30	1E-10	1E10	1E-30	1E-10	1E10	1E-30	1E-10	1E10	1E-30	1E-10	1E10	1E-30	1E-10	1E10	1E-30	1E-10	1E10	1E-30	1E-10	1E10	1E-30	1E-10	2	-2	2
84	1.1E-11	1E10	1E10	1E-30	2.1841230078205E-10	1E10	1E-30	1E10	0.100463672143478	3.92196774866418E-11	1.72081018471436E-11	19.4840615648222	1.11207040193727E-11	2.87770273933952E-11	19.2198288464503	1E10	1E-30	1E-10	1E10	1E-30	1E-10	1E10	1E-30	1E-10	1E10	1E-30	1E-10	1E10	1E-30	1E-10	1E10	1E-30	1E-10	1E10	1E-30	1E-10	1E10	1E-30	1E-10	1E10	1E-30	1E-10	1E10	1E-30	1E-10	1E10	1E-30	1E-10	1E10	1E-30	1E-10	1E10	1E-30	1E-10	2	-5	5
85	1.2E-11	1E10	1E10	1E-30	1.88729259373972E-10	1E10	1E-30	1E10	0.100907612651919	3.5411783335557E-11	2.02886243324857E-11	19.9074671387415	5.5695230303845E-12	5.73253979287978E-11	78.6642243434137	1E10	1E-30	1E-10	1E10	1E-30	1E-10	1E10	1E-30	1E-10	1E10	1E-30	1E-10	1E10	1E-30	1E-10	1E10	1E-30	1E-10	1E10	1E-30	1E-10	1E10	1E-30	1E-10	1E10	1E-30	1E-10	1E10	1E-30	1E-10	1E10	1E-30	1E-10	1E10	1E-30	1E-10	1E10	1E-30	1E-10	2	-2	2
86	1.2E-11	1E10	1E10	1E-30	1.88729259373972E-10	1E10	1E-30	1E10	0.100907612651919	3.5411783335557E-11	2.02886243324857E-11	19.9074671387415	5.5695230303845E-12	5.73253979287978E-11	78.6642243434137	1E10	1E-30	1E-10	1E10	1E-30	1E-10	1E10	1E-30	1E-10	1E10	1E-30	1E-10	1E10	1E-30	1E-10	1E10	1E-30	1E-10	1E10	1E-30	1E-10	1E10	1E-30	1E-10	1E10	1E-30	1E-10	1E10	1E-30	1E-10	1E10	1E-30	1E-10	1E10	1E-30	1E-10	1E10	1E-30	1E-10	2	-5	5
87	1.3E-11	1E10	1E10	1E-30	2.16839169360768E-10	1E10	1E-30	1E10	9.59767496287274E-02	4.15355490749329E-11	1.9139242477702E-11	17.1307743134441	1.13875318220012E-11	3.01872734854737E-11	34.3091295173484	1E10	1E-30	1E-10	1E10	1E-30	1E-10	1E10	1E-30	1E-10	1E10	1E-30	1E-10	1E10	1E-30	1E-10	1E10	1E-30	1E-10	1E10	1E-30	1E-10	1E10	1E-30	1E-10	1E10	1E-30	1E-10	1E10	1E-30	1E-10	1E10	1E-30	1E-10	1E10	1E-30	1E-10	1E10	1E-30	1E-10	2	-2	2
88	1.3E-11	1E10	1E10	1E-30	2.16839169360768E-10	1E10	1E-30	1E10	9.59767496287274E-02	4.15355490749329E-11	1.9139242477702E-11	17.1307743134441	1.13875318220012E-11	3.01872734854737E-11	34.3091295173484	1E10	1E-30	1E-10	1E10	1E-30	1E-10	1E10	1E-30	1E-10	1E10	1E-30	1E-10	1E10	1E-30	1E-10	1E10	1E-30	1E-10	1E10	1E-30	1E-10	1E10	1E-30	1E-10	1E10	1E-30	1E-10	1E10	1E-30	1E-10	1E10	1E-30	1E-10	1E10	1E-30	1E-10	1E10	1E-30	1E-10	2	-5	5
89	1.5E-11	1E10	1E10	1E-30	2.29143895201712E-10	1E10	1E-30	1E10	0.103125022357715	6.06992066899923E-11	1.52334732688982E-11	10.2679223768718	2.49814530361635E-11	1.59395571803868E-11	17.2432950009699	2.2912420064189E-11	1.12060139122084E-11	40.9597140435918	1E10	1E-30	1E-10	1E10	1E-30	1E-10	1E10	1E-30	1E-10	1E10	1E-30	1E-10	1E10	1E-30	1E-10	1E10	1E-30	1E-10	1E10	1E-30	1E-10	1E10	1E-30	1E-10	1E10	1E-30	1E-10	1E10	1E-30	1E-10	1E10	1E-30	1E-10	1E10	1E-30	1E-10	2	-2	2
90	1.5E-11	1E10	1E10	1E-30	2.29143895201712E-10	1E10	1E-30	1E10	0.103125022357715	6.06992066899923E-11	1.52334732688982E-11	10.2679223768718	2.49814530361635E-11	1.59395571803868E-11	17.2432950009699	2.2912420064189E-11	1.12060139122084E-11	40.9597140435918	1E10	1E-30	1E-10	1E10	1E-30	1E-10	1E10	1E-30	1E-10	1E10	1E-30	1E-10	1E10	1E-30	1E-10	1E10	1E-30	1E-10	1E10	1E-30	1E-10	1E10	1E-30	1E-10	1E10	1E-30	1E-10	1E10	1E-30	1E-10	1E10	1E-30	1E-10	1E10	1E-30	1E-10	2	-5	5
91	1.6E-11	1E10	1E10	1E-30	2.21393450382106E-10	1E10	1E-30	1E10	8.31919720747297E-02	1E-30	4.92467352710959E-12	0.104960688687363	4.88627822975046E-11	2.00388904827533E-11	16.0339008146743	1.90264677964363E-11	2.22580834432218E-11	22.2458810297013	1E10	1E-30	1E-10	1E10	1E-30	1E-10	1E10	1E-30	1E-10	1E10	1E-30	1E-10	1E10	1E-30	1E-10	1E10	1E-30	1E-10	1E10	1E-30	1E-10	1E10	1E-30	1E-10	1E10	1E-30	1E-10	1E10	1E-30	1E-10	1E10	1E-30	1E-10	1E10	1E-30	1E-10	2	-2	2
92	1.6E-11	1E10	1E10	1E-30	2.21393450382106E-10	1E10	1E-30	1E10	8.31919720747297E-02	1E-30	4.92467352710959E-12	0.104960688687363	4.88627822975046E-11	2.00388904827533E-11	16.0339008146743	1.90264677964363E-11	2.22580834432218E-11	22.2458810297013	1E10	1E-30	1E-10	1E10	1E-30	1E-10	1E10	1E-30	1E-10	1E10	1E-30	1E-10	1E10	1E-30	1E-10	1E10	1E-30	1E-10	1E10	1E-30	1E-10	1E10	1E-30	1E-10	1E10	1E-30	1E-10	1E10	1E-30	1E-10	1E10	1E-30	1E-10	1E10	1E-30	1E-10	2	-5	5
93	1.8E-11	1E10	1E10	1E-30	2.27707364855738E-10	1E10	1E-30	1E10	0.10180882465982	1E-30	3.13452073888489E-11	8.53556887610795	7.53126247202805E-11	1.44578816168807E-11	11.1023778847425	3.26904916172249E-11	1.39688574363932E-11	16.5901415149442	1.63886839044075E-11	1.84879989137392E-11	6.95309259134424	1E10	1E-30	1E-10	1E10	1E-30	1E-10	1E10	1E-30	1E-10	1E10	1E-30	1E-10	1E10	1E-30	1E-10	1E10	1E-30	1E-10	1E10	1E-30	1E-10	1E10	1E-30	1E-10	1E10	1E-30	1E-10	1E10	1E-30	1E-10	1E10	1E-30	1E-10	2	-2	2
94	1.8E-11	1E10	1E10	1E-30	2.27707364855738E-10	1E10	1E-30	1E10	0.10180882465982	1E-30	3.13452073888489E-11	8.53556887610795	7.53126247202805E-11	1.44578816168807E-11	11.1023778847425	3.26904916172249E-11	1.39688574363932E-11	16.5901415149442	1.63886839044075E-11	1.84879989137392E-11	6.95309259134424	1E10	1E-30	1E-10	1E10	1E-30	1E-10	1E10	1E-30	1E-10	1E10	1E-30	1E-10	1E10	1E-30	1E-10	1E10	1E-30	1E-10	1E10	1E-30	1E-10	1E10	1E-30	1E-10	1E10	1E-30	1E-10	1E10	1E-30	1E-10	1E10	1E-30	1E-10	2	-5	5
95	2E-11	1E10	1E10	1E-30	2.57360479426215E-10	1E10	1E-30	1E10	8.99329907273713E-02	1E-30	2.14457880006132E-11	2.48423835960995	9.40198087970449E-11	1.41547912769581E-11	8.83027924780705	3.4587121195461E-11	1.63284100044366E-11	11.944786135359	1.71892420699815E-10	1.65388699262994E-12	51.5609481025559	1E10	1E-30	1E-10	1E10	1E-30	1E-10	1E10	1E-30	1E-10	1E10	1E-30	1E-10	1E10	1E-30	1E-10	1E10	1E-30	1E-10	1E10	1E-30	1E-10	1E10	1E-30	1E-10	1E10	1E-30	1E-10	1E10	1E-30	1E-10	1E10	1E-30	1E-10	2	-2	2
96	2E-11	1E10	1E10	1E-30	2.57360479426215E-10	1E10	1E-30	1E10	8.99329907273713E-02	1E-30	2.14457880006132E-11	2.48423835960995	9.40198087970449E-11	1.41547912769581E-11	8.83027924780705	3.4587121195461E-11	1.63284100044366E-11	11.944786135359	1.71892420699815E-10	1.65388699262994E-12	51.5609481025559	1E10	1E-30	1E-10	1E10	1E-30	1E-10	1E10	1E-30	1E-10	1E10	1E-30	1E-10	1E10	1E-30	1E-10	1E10	1E-30	1E-10	1E10	1E-30	1E-10	1E10	1E-30	1E-10	1E10	1E-30	1E-10	1E10	1E-30	1E-10	1E10	1E-30	1E-10	2	-5	5
97	2.2E-11	1E10	1E10	1E-30	2.02296865624745E-10	1E10	1E-30	1E10	8.45036868364872E-02	8.54797151827874E-11	1.55362531839857E-11	9.3879037611827	2.75630842052673E-11	2.05352798502848E-11	14.8485360720255	1.59072504849707E-11	1.97198048367977E-11	19.962963460738	1E10	1E-30	1E-10	1E10	1E-30	1E-10	1E10	1E-30	1E-10	1E10	1E-30	1E-10	1E10	1E-30	1E-10	1E10	1E-30	1E-10	1E10	1E-30	1E-10	1E10	1E-30	1E-10	1E10	1E-30	1E-10	1E10	1E-30	1E-10	1E10	1E-30	1E-10	1E10	1E-30	1E-10	2	-2	2
98	2.2E-11	1E10	1E10	1E-30	2.02296865624745E-10	1E10	1E-30	1E10	8.45036868364872E-02	8.54797151827874E-11	1.55362531839857E-11	9.3879037611827	2.75630842052673E-11	2.05352798502848E-11	14.8485360720255	1.59072504849707E-11	1.97198048367977E-11	19.962963460738	1E10	1E-30	1E-10	1E10	1E-30	1E-10	1E10	1E-30	1E-10	1E10	1E-30	1E-10	1E10	1E-30	1E-10	1E10	1E-30	1E-10	1E10	1E-30	1E-10	1E10	1E-30	1E-10	1E10	1E-30	1E-10	1E10	1E-30	1E-10	1E10	1E-30	1E-10	1E10	1E-30	1E-10	2	-5	5
99	2.4E-11	1E10	1E10	1E-30	2.25160995299672E-10	1E10	1E-30	1E10	7.93147478361983E-02	9.33463174813664E-11	1.58174900618862E-11	9.62211661481872	3.98993150182521E-11	1.54460270592243E-11	11.5558800811349	2.60673467590756E-11	1.09985866407149E-11	12.153274489253	1E10	1E-30	1E-10	1E10	1E-30	1E-10	1E10	1E-30	1E-10	1E10	1E-30	1E-10	1E10	1E-30	1E-10	1E10	1E-30	1E-10	1E10	1E-30	1E-10	1E10	1E-30	1E-10	1E10	1E-30	1E-10	1E10	1E-30	1E-10	1E10	1E-30	1E-10	1E10	1E-30	1E-10	2	-2	2
100	2.4E-11	1E10	1E10	1E-30	2.25160995299672E-10	1E10	1E-30	1E10	7.93147478361983E-02	9.33463174813664E-11	1.58174900618862E-11	9.62211661481872	3.98993150182521E-11	1.54460270592243E-11	11.5558800811349	2.60673467590756E-11	1.09985866407149E-11	12.153274489253	1E10	1E-30	1E-10	1E10	1E-30	1E-10	1E10	1E-30	1E-10	1E10	1E-30	1E-10	1E10	1E-30	1E-10	1E10	1E-30	1E-10	1E10	1E-30	1E-10	1E10	1E-30	1E-10	1E10	1E-30	1E-10	1E10	1E-30	1E-10	1E10	1E-30	1E-10	1E10	1E-30	1E-10	2	-5	5
101	2.7E-11	1E10	1E10	1E-30	2.02812928337105E-10	1E10	1E-30	1E10	8.28329622756074E-02	9.35746650894388E-11	1.76721701427517E-11	9.59662945485468	3.35975011628959E-11	2.05165476523748E-11	14.0097857258185	3.96832906720691E-11	8.89329968692278E-12	7.07685266499859	1.45498252133258E-11	2.03618096121656E-11	69.1818786364412	1E10	1E-30	1E-10	1E10	1E-30	1E-10	1E10	1E-30	1E-10	1E10	1E-30	1E-10	1E10	1E-30	1E-10	1E10	1E-30	1E-10	1E10	1E-30	1E-10	1E10	1E-30	1E-10	1E10	1E-30	1E-10	1E10	1E-30	1E-10	1E10	1E-30	1E-10	2	-2	2
102	2.7E-11	1E10	1E10	1E-30	2.02812928337105E-10	1E10	1E-30	1E10	8.28329622756074E-02	9.35746650894388E-11	1.76721701427517E-11	9.59662945485468	3.35975011628959E-11	2.05165476523748E-11	14.0097857258185	3.96832906720691E-11	8.89329968692278E-12	7.07685266499859	1.45498252133258E-11	2.03618096121656E-11	69.1818786364412	1E10	1E-30	1E-10	1E10	1E-30	1E-10	1E10	1E-30	1E-10	1E10	1E-30	1E-10	1E10	1E-30	1E-10	1E10	1E-30	1E-10	1E10	1E-30	1E-10	1E10	1E-30	1E-10	1E10	1E-30	1E-10	1E10	1E-30	1E-10	1E10	1E-30	1E-10	2	-5	5
103	3E-11	1E10	1E10	1E-30	1.70919678516842E-10	1E10	1E-30	1E10	8.19521628818223E-02	1.01580906037589E-10	1.82064233780082E-11	12.2167696191769	3.86610482885308E-11	2.00132567564088E-11	18.0079735843741	4.21007552098941E-11	9.30823015614194E-12	10.180139739514	5.79401878422979E-12	5.00384850810956E-11	174.046086149916	1E10	1E-30	1E-10	1E10	1E-30	1E-10	1E10	1E-30	1E-10	1E10	1E-30	1E-10	1E10	1E-30	1E-10	1E10	1E-30	1E-10	1E10	1E-30	1E-10	1E10	1E-30	1E-10	1E10	1E-30	1E-10	1E10	1E-30	1E-10	1E10	1E-30	1E-10	2	-2	2
104	3E-11	1E10	1E10	1E-30	1.70919678516842E-10	1E10	1E-30	1E10	8.19521628818223E-02	1.01580906037589E-10	1.82064233780082E-11	12.2167696191769	3.86610482885308E-11	2.00132567564088E-11	18.0079735843741	4.21007552098941E-11	9.30823015614194E-12	10.180139739514	5.79401878422979E-12	5.00384850810956E-11	174.046086149916	1E10	1E-30	1E-10	1E10	1E-30	1E-10	1E10	1E-30	1E-10	1E10	1E-30	1E-10	1E10	1E-30	1E-10	1E10	1E-30	1E-10	1E10	1E-30	1E-10	1E10	1E-30	1E-10	1E10	1E-30	1E-10	1E10	1E-30	1E-10	1E10	1E-30	1E-10	2	-5	5
105	3.3E-11	1E10	1E10	1E-30	2.08973727587327E-10	1E10	1E-30	1E10	7.90894025832799E-02	1.19680218962155E-10	1.67643395530602E-11	9.65014358263148	4.56311928357517E-11	1.84980760935792E-11	16.0020293933031	1.29935135203757E-10	3.25694280096025E-12	4.55572169817972	1.19408681774412E-11	2.563660059313E-11	16.940753451351	1E10	1E-30	1E-10	1E10	1E-30	1E-10	1E10	1E-30	1E-10	1E10	1E-30	1E-10	1E10	1E-30	1E-10	1E10	1E-30	1E-10	1E10	1E-30	1E-10	1E10	1E-30	1E-10	1E10	1E-30	1E-10	1E10	1E-30	1E-10	1E10	1E-30	1E-10	2	-2	2
106	3.3E-11	1E10	1E10	1E-30	2.08973727587327E-10	1E10	1E-30	1E10	7.90894025832799E-02	1.19680218962155E-10	1.67643395530602E-11	9.65014358263148	4.56311928357517E-11	1.84980760935792E-11	16.0020293933031	1.29935135203757E-10	3.25694280096025E-12	4.55572169817972	1.19408681774412E-11	2.563660059313E-11	16.940753451351	1E10	1E-30	1E-10	1E10	1E-30	1E-10	1E10	1E-30	1E-10	1E10	1E-30	1E-10	1E10	1E-30	1E-10	1E10	1E-30	1E-10	1E10	1E-30	1E-10	1E10	1E-30	1E-10	1E10	1E-30	1E-10	1E10	1E-30	1E-10	1E10	1E-30	1E-10	2	-5	5
END DSCRDATA
