BEGIN DSCRDATA
% INDEX	K01	L01	M01	K02	L02	M02	K03	L03	M03	K04	L04	M04	K05	L05	M05	K06	L06	M06	K07	L07	M07	K08	L08	M08	K09	L09	M09	K10	L10	M10	K11	L11	M11	K12	L12	M12	K13	L13	M13	K14	L14	M14	K15	L15	M15	K16	L16	M16	K17	L17	M17	K18	L18	M18	T01	T02	T03
0	0	0	0	0	0	0	0	0	0	0	0	0	0	0	0	0	0	0	0	0	0	0	0	0	0	0	0	0	0	0	0	0	0	0	0	0	0	0	0	0	0	0	0	0	0	0	0	0	0	0	0	0	0	0	0	0	0
1	1E-11	1E10	1E10	1E-30	8.26693580619828E-11	1E10	1E-30	1E10	0.344446284722053	1.88439593252444E-09	1.34994742484714E-12	6.55613629492297E-02	1.0589608373331E-10	8.74256981896751E-12	3.60956801993758	8.85347417548222E-13	4.87908642997677E-10	256.550591713196	4.54060501876962E-12	7.55681014785839E-11	76.6842910402884	1E10	1E-30	1E-10	1E10	1E-30	1E-10	1E10	1E-30	1E-10	1E10	1E-30	1E-10	1E10	1E-30	1E-10	1E10	1E-30	1E-10	1E10	1E-30	1E-10	1E10	1E-30	1E-10	1E10	1E-30	1E-10	1E10	1E-30	1E-10	1E10	1E-30	1E-10	2	-1	1
2	1E-11	1E10	1E10	1E-30	8.26693580619828E-11	1E10	1E-30	1E10	0.344446284722053	1.88439593252444E-09	1.34994742484714E-12	6.55613629492297E-02	1.0589608373331E-10	8.74256981896751E-12	3.60956801993758	8.85347417548222E-13	4.87908642997677E-10	256.550591713196	4.54060501876962E-12	7.55681014785839E-11	76.6842910402884	1E10	1E-30	1E-10	1E10	1E-30	1E-10	1E10	1E-30	1E-10	1E10	1E-30	1E-10	1E10	1E-30	1E-10	1E10	1E-30	1E-10	1E10	1E-30	1E-10	1E10	1E-30	1E-10	1E10	1E-30	1E-10	1E10	1E-30	1E-10	1E10	1E-30	1E-10	2	-2	2
3	1E-11	1E10	1E10	1E-30	8.26693580619828E-11	1E10	1E-30	1E10	0.344446284722053	1.88439593252444E-09	1.34994742484714E-12	6.55613629492297E-02	1.0589608373331E-10	8.74256981896751E-12	3.60956801993758	8.85347417548222E-13	4.87908642997677E-10	256.550591713196	4.54060501876962E-12	7.55681014785839E-11	76.6842910402884	1E10	1E-30	1E-10	1E10	1E-30	1E-10	1E10	1E-30	1E-10	1E10	1E-30	1E-10	1E10	1E-30	1E-10	1E10	1E-30	1E-10	1E10	1E-30	1E-10	1E10	1E-30	1E-10	1E10	1E-30	1E-10	1E10	1E-30	1E-10	1E10	1E-30	1E-10	2	-5	5
4	1E-11	1E10	1E10	1E-30	6.46401149372556E-11	1E10	1E-30	1E10	0.234100138810515	6.65534382500494E-11	1E10	2807.09684340182	1E-30	3.12354332868112E-11	0.304461290623304	6.87917445871724E-13	5.2528315243422E-10	265.362772583081	1E10	1E-30	1E-10	1E10	1E-30	1E-10	1E10	1E-30	1E-10	1E10	1E-30	1E-10	1E10	1E-30	1E-10	1E10	1E-30	1E-10	1E10	1E-30	1E-10	1E10	1E-30	1E-10	1E10	1E-30	1E-10	1E10	1E-30	1E-10	1E10	1E-30	1E-10	1E10	1E-30	1E-10	2	-1	1
5	1E-11	1E10	1E10	1E-30	6.46401149372556E-11	1E10	1E-30	1E10	0.234100138810515	6.65534382500494E-11	1E10	2807.09684340182	1E-30	3.12354332868112E-11	0.304461290623304	6.87917445871724E-13	5.2528315243422E-10	265.362772583081	1E10	1E-30	1E-10	1E10	1E-30	1E-10	1E10	1E-30	1E-10	1E10	1E-30	1E-10	1E10	1E-30	1E-10	1E10	1E-30	1E-10	1E10	1E-30	1E-10	1E10	1E-30	1E-10	1E10	1E-30	1E-10	1E10	1E-30	1E-10	1E10	1E-30	1E-10	1E10	1E-30	1E-10	2	-2	2
6	1E-11	1E10	1E10	1E-30	6.46401149372556E-11	1E10	1E-30	1E10	0.234100138810515	6.65534382500494E-11	1E10	2807.09684340182	1E-30	3.12354332868112E-11	0.304461290623304	6.87917445871724E-13	5.2528315243422E-10	265.362772583081	1E10	1E-30	1E-10	1E10	1E-30	1E-10	1E10	1E-30	1E-10	1E10	1E-30	1E-10	1E10	1E-30	1E-10	1E10	1E-30	1E-10	1E10	1E-30	1E-10	1E10	1E-30	1E-10	1E10	1E-30	1E-10	1E10	1E-30	1E-10	1E10	1E-30	1E-10	1E10	1E-30	1E-10	2	-5	5
7	1.2E-11	1E10	1E10	1E-30	9.21935653359652E-12	1E10	1E-30	1E10	0.21740938810451	1.6574627119156E-09	1.67886297097866E-12	8.75742375339015E-02	9.30602119081344E-11	1.36096272462766E-11	4.82010051169199	1.33853569843035E-12	4.50568695547364E-10	298.669017590653	2.82980110639858E-12	1.45442823748373E-10	106.129018816499	1E10	1E-30	1E-10	1E10	1E-30	1E-10	1E10	1E-30	1E-10	1E10	1E-30	1E-10	1E10	1E-30	1E-10	1E10	1E-30	1E-10	1E10	1E-30	1E-10	1E10	1E-30	1E-10	1E10	1E-30	1E-10	1E10	1E-30	1E-10	1E10	1E-30	1E-10	2	-1	1
8	1.2E-11	1E10	1E10	1E-30	9.21935653359652E-12	1E10	1E-30	1E10	0.21740938810451	1.6574627119156E-09	1.67886297097866E-12	8.75742375339015E-02	9.30602119081344E-11	1.36096272462766E-11	4.82010051169199	1.33853569843035E-12	4.50568695547364E-10	298.669017590653	2.82980110639858E-12	1.45442823748373E-10	106.129018816499	1E10	1E-30	1E-10	1E10	1E-30	1E-10	1E10	1E-30	1E-10	1E10	1E-30	1E-10	1E10	1E-30	1E-10	1E10	1E-30	1E-10	1E10	1E-30	1E-10	1E10	1E-30	1E-10	1E10	1E-30	1E-10	1E10	1E-30	1E-10	1E10	1E-30	1E-10	2	-2	2
9	1.2E-11	1E10	1E10	1E-30	9.21935653359652E-12	1E10	1E-30	1E10	0.21740938810451	1.6574627119156E-09	1.67886297097866E-12	8.75742375339015E-02	9.30602119081344E-11	1.36096272462766E-11	4.82010051169199	1.33853569843035E-12	4.50568695547364E-10	298.669017590653	2.82980110639858E-12	1.45442823748373E-10	106.129018816499	1E10	1E-30	1E-10	1E10	1E-30	1E-10	1E10	1E-30	1E-10	1E10	1E-30	1E-10	1E10	1E-30	1E-10	1E10	1E-30	1E-10	1E10	1E-30	1E-10	1E10	1E-30	1E-10	1E10	1E-30	1E-10	1E10	1E-30	1E-10	1E10	1E-30	1E-10	2	-5	5
10	1.2E-11	1E10	1E10	1E-30	6.86476016946641E-11	1E10	1E-30	1E10	0.294529257967689	5.21849974247104E-09	1E10	14.9238964204322	1E-30	1.59833897094195E-11	0.726444051289562	1.14464500018212E-11	5.04275209024138E-11	14.8719356450623	8.4225073206845E-13	4.54028375475467E-10	206.003657520242	1E10	1E-30	1E-10	1E10	1E-30	1E-10	1E10	1E-30	1E-10	1E10	1E-30	1E-10	1E10	1E-30	1E-10	1E10	1E-30	1E-10	1E10	1E-30	1E-10	1E10	1E-30	1E-10	1E10	1E-30	1E-10	1E10	1E-30	1E-10	1E10	1E-30	1E-10	2	-1	1
11	1.2E-11	1E10	1E10	1E-30	6.86476016946641E-11	1E10	1E-30	1E10	0.294529257967689	5.21849974247104E-09	1E10	14.9238964204322	1E-30	1.59833897094195E-11	0.726444051289562	1.14464500018212E-11	5.04275209024138E-11	14.8719356450623	8.4225073206845E-13	4.54028375475467E-10	206.003657520242	1E10	1E-30	1E-10	1E10	1E-30	1E-10	1E10	1E-30	1E-10	1E10	1E-30	1E-10	1E10	1E-30	1E-10	1E10	1E-30	1E-10	1E10	1E-30	1E-10	1E10	1E-30	1E-10	1E10	1E-30	1E-10	1E10	1E-30	1E-10	1E10	1E-30	1E-10	2	-2	2
12	1.2E-11	1E10	1E10	1E-30	6.86476016946641E-11	1E10	1E-30	1E10	0.294529257967689	5.21849974247104E-09	1E10	14.9238964204322	1E-30	1.59833897094195E-11	0.726444051289562	1.14464500018212E-11	5.04275209024138E-11	14.8719356450623	8.4225073206845E-13	4.54028375475467E-10	206.003657520242	1E10	1E-30	1E-10	1E10	1E-30	1E-10	1E10	1E-30	1E-10	1E10	1E-30	1E-10	1E10	1E-30	1E-10	1E10	1E-30	1E-10	1E10	1E-30	1E-10	1E10	1E-30	1E-10	1E10	1E-30	1E-10	1E10	1E-30	1E-10	1E10	1E-30	1E-10	2	-5	5
13	1.5E-11	1E10	1E10	1E-30	4.53019545190005E-12	1E10	1E-30	1E10	0.202879738522259	2.45156700027039E-09	1.10921376502817E-12	0.112817472242917	1.40852330515414E-10	1.18534898043812E-11	3.65642015755623	4.68079375829388E-12	1.57561665353706E-10	59.5923035447406	1.0040513214182E-12	4.09913571927319E-10	463.269969735164	1E10	1E-30	1E-10	1E10	1E-30	1E-10	1E10	1E-30	1E-10	1E10	1E-30	1E-10	1E10	1E-30	1E-10	1E10	1E-30	1E-10	1E10	1E-30	1E-10	1E10	1E-30	1E-10	1E10	1E-30	1E-10	1E10	1E-30	1E-10	1E10	1E-30	1E-10	2	-1	1
14	1.5E-11	1E10	1E10	1E-30	4.53019545190005E-12	1E10	1E-30	1E10	0.202879738522259	2.45156700027039E-09	1.10921376502817E-12	0.112817472242917	1.40852330515414E-10	1.18534898043812E-11	3.65642015755623	4.68079375829388E-12	1.57561665353706E-10	59.5923035447406	1.0040513214182E-12	4.09913571927319E-10	463.269969735164	1E10	1E-30	1E-10	1E10	1E-30	1E-10	1E10	1E-30	1E-10	1E10	1E-30	1E-10	1E10	1E-30	1E-10	1E10	1E-30	1E-10	1E10	1E-30	1E-10	1E10	1E-30	1E-10	1E10	1E-30	1E-10	1E10	1E-30	1E-10	1E10	1E-30	1E-10	2	-2	2
15	1.5E-11	1E10	1E10	1E-30	4.53019545190005E-12	1E10	1E-30	1E10	0.202879738522259	2.45156700027039E-09	1.10921376502817E-12	0.112817472242917	1.40852330515414E-10	1.18534898043812E-11	3.65642015755623	4.68079375829388E-12	1.57561665353706E-10	59.5923035447406	1.0040513214182E-12	4.09913571927319E-10	463.269969735164	1E10	1E-30	1E-10	1E10	1E-30	1E-10	1E10	1E-30	1E-10	1E10	1E-30	1E-10	1E10	1E-30	1E-10	1E10	1E-30	1E-10	1E10	1E-30	1E-10	1E10	1E-30	1E-10	1E10	1E-30	1E-10	1E10	1E-30	1E-10	1E10	1E-30	1E-10	2	-5	5
16	1.5E-11	1E10	1E10	1E-30	1.32605521563122E-10	1E10	1E-30	1E10	0.250190209961243	3.57455402294841E-10	1E10	38.7441401916599	3.12279749719782E-11	3.29456071531891E-11	8.92028126819858	8.86180153365783E-12	8.77445031769148E-11	15.052330231995	2.89107882221248E-12	2.14153960219407E-10	74.3914481850906	4.23695975147178E-12	9.567124092465E-11	37.5145252143276	1E10	1E-30	1E-10	1E10	1E-30	1E-10	1E10	1E-30	1E-10	1E10	1E-30	1E-10	1E10	1E-30	1E-10	1E10	1E-30	1E-10	1E10	1E-30	1E-10	1E10	1E-30	1E-10	1E10	1E-30	1E-10	1E10	1E-30	1E-10	2	-1	1
17	1.5E-11	1E10	1E10	1E-30	1.32605521563122E-10	1E10	1E-30	1E10	0.250190209961243	3.57455402294841E-10	1E10	38.7441401916599	3.12279749719782E-11	3.29456071531891E-11	8.92028126819858	8.86180153365783E-12	8.77445031769148E-11	15.052330231995	2.89107882221248E-12	2.14153960219407E-10	74.3914481850906	4.23695975147178E-12	9.567124092465E-11	37.5145252143276	1E10	1E-30	1E-10	1E10	1E-30	1E-10	1E10	1E-30	1E-10	1E10	1E-30	1E-10	1E10	1E-30	1E-10	1E10	1E-30	1E-10	1E10	1E-30	1E-10	1E10	1E-30	1E-10	1E10	1E-30	1E-10	1E10	1E-30	1E-10	2	-2	2
18	1.5E-11	1E10	1E10	1E-30	1.32605521563122E-10	1E10	1E-30	1E10	0.250190209961243	3.57455402294841E-10	1E10	38.7441401916599	3.12279749719782E-11	3.29456071531891E-11	8.92028126819858	8.86180153365783E-12	8.77445031769148E-11	15.052330231995	2.89107882221248E-12	2.14153960219407E-10	74.3914481850906	4.23695975147178E-12	9.567124092465E-11	37.5145252143276	1E10	1E-30	1E-10	1E10	1E-30	1E-10	1E10	1E-30	1E-10	1E10	1E-30	1E-10	1E10	1E-30	1E-10	1E10	1E-30	1E-10	1E10	1E-30	1E-10	1E10	1E-30	1E-10	1E10	1E-30	1E-10	1E10	1E-30	1E-10	2	-5	5
19	1.8E-11	1E10	1E10	1E-30	3.11497443836202E-11	1E10	1E-30	1E10	0.214103130252407	1.54683420430588E-09	1.75798534517731E-12	0.178803643748469	2.26649405366927E-10	7.59340873155903E-12	1.8325511037446	4.47012333586607E-12	1.50470222253979E-10	47.3358492778474	8.74492143402543E-13	4.70643752109074E-10	422.507233946554	1E10	1E-30	1E-10	1E10	1E-30	1E-10	1E10	1E-30	1E-10	1E10	1E-30	1E-10	1E10	1E-30	1E-10	1E10	1E-30	1E-10	1E10	1E-30	1E-10	1E10	1E-30	1E-10	1E10	1E-30	1E-10	1E10	1E-30	1E-10	1E10	1E-30	1E-10	2	-1	1
20	1.8E-11	1E10	1E10	1E-30	3.11497443836202E-11	1E10	1E-30	1E10	0.214103130252407	1.54683420430588E-09	1.75798534517731E-12	0.178803643748469	2.26649405366927E-10	7.59340873155903E-12	1.8325511037446	4.47012333586607E-12	1.50470222253979E-10	47.3358492778474	8.74492143402543E-13	4.70643752109074E-10	422.507233946554	1E10	1E-30	1E-10	1E10	1E-30	1E-10	1E10	1E-30	1E-10	1E10	1E-30	1E-10	1E10	1E-30	1E-10	1E10	1E-30	1E-10	1E10	1E-30	1E-10	1E10	1E-30	1E-10	1E10	1E-30	1E-10	1E10	1E-30	1E-10	1E10	1E-30	1E-10	2	-2	2
21	1.8E-11	1E10	1E10	1E-30	3.11497443836202E-11	1E10	1E-30	1E10	0.214103130252407	1.54683420430588E-09	1.75798534517731E-12	0.178803643748469	2.26649405366927E-10	7.59340873155903E-12	1.8325511037446	4.47012333586607E-12	1.50470222253979E-10	47.3358492778474	8.74492143402543E-13	4.70643752109074E-10	422.507233946554	1E10	1E-30	1E-10	1E10	1E-30	1E-10	1E10	1E-30	1E-10	1E10	1E-30	1E-10	1E10	1E-30	1E-10	1E10	1E-30	1E-10	1E10	1E-30	1E-10	1E10	1E-30	1E-10	1E10	1E-30	1E-10	1E10	1E-30	1E-10	1E10	1E-30	1E-10	2	-5	5
22	1.8E-11	1E10	1E10	1E-30	1.0187070134128E-10	1E10	1E-30	1E10	0.24227144050757	2.77990671156372E-06	1E10	106.511786840322	2.08142079474975E-10	5.61986750981521E-12	2.42075113835625	4.09064719038601E-12	1.27851403403369E-10	55.8047207008361	9.28254279073471E-13	3.30605152361359E-10	96.1293474911971	1E10	1E-30	1E-10	1E10	1E-30	1E-10	1E10	1E-30	1E-10	1E10	1E-30	1E-10	1E10	1E-30	1E-10	1E10	1E-30	1E-10	1E10	1E-30	1E-10	1E10	1E-30	1E-10	1E10	1E-30	1E-10	1E10	1E-30	1E-10	1E10	1E-30	1E-10	2	-1	1
23	1.8E-11	1E10	1E10	1E-30	1.0187070134128E-10	1E10	1E-30	1E10	0.24227144050757	2.77990671156372E-06	1E10	106.511786840322	2.08142079474975E-10	5.61986750981521E-12	2.42075113835625	4.09064719038601E-12	1.27851403403369E-10	55.8047207008361	9.28254279073471E-13	3.30605152361359E-10	96.1293474911971	1E10	1E-30	1E-10	1E10	1E-30	1E-10	1E10	1E-30	1E-10	1E10	1E-30	1E-10	1E10	1E-30	1E-10	1E10	1E-30	1E-10	1E10	1E-30	1E-10	1E10	1E-30	1E-10	1E10	1E-30	1E-10	1E10	1E-30	1E-10	1E10	1E-30	1E-10	2	-2	2
24	1.8E-11	1E10	1E10	1E-30	1.0187070134128E-10	1E10	1E-30	1E10	0.24227144050757	2.77990671156372E-06	1E10	106.511786840322	2.08142079474975E-10	5.61986750981521E-12	2.42075113835625	4.09064719038601E-12	1.27851403403369E-10	55.8047207008361	9.28254279073471E-13	3.30605152361359E-10	96.1293474911971	1E10	1E-30	1E-10	1E10	1E-30	1E-10	1E10	1E-30	1E-10	1E10	1E-30	1E-10	1E10	1E-30	1E-10	1E10	1E-30	1E-10	1E10	1E-30	1E-10	1E10	1E-30	1E-10	1E10	1E-30	1E-10	1E10	1E-30	1E-10	1E10	1E-30	1E-10	2	-5	5
25	2.2E-11	1E10	1E10	1E-30	1.07305647872238E-11	1E10	1E-30	1E10	0.211093242456473	2.16448501751582E-10	1.04818219277422E-11	1.39013217239564	1.09728516067621E-11	8.46156241839891E-11	17.9965879612659	8.16123553843603E-13	5.04303866274335E-10	320.504512959465	1E10	1E-30	1E-10	1E10	1E-30	1E-10	1E10	1E-30	1E-10	1E10	1E-30	1E-10	1E10	1E-30	1E-10	1E10	1E-30	1E-10	1E10	1E-30	1E-10	1E10	1E-30	1E-10	1E10	1E-30	1E-10	1E10	1E-30	1E-10	1E10	1E-30	1E-10	1E10	1E-30	1E-10	2	-1	1
26	2.2E-11	1E10	1E10	1E-30	1.07305647872238E-11	1E10	1E-30	1E10	0.211093242456473	2.16448501751582E-10	1.04818219277422E-11	1.39013217239564	1.09728516067621E-11	8.46156241839891E-11	17.9965879612659	8.16123553843603E-13	5.04303866274335E-10	320.504512959465	1E10	1E-30	1E-10	1E10	1E-30	1E-10	1E10	1E-30	1E-10	1E10	1E-30	1E-10	1E10	1E-30	1E-10	1E10	1E-30	1E-10	1E10	1E-30	1E-10	1E10	1E-30	1E-10	1E10	1E-30	1E-10	1E10	1E-30	1E-10	1E10	1E-30	1E-10	1E10	1E-30	1E-10	2	-2	2
27	2.2E-11	1E10	1E10	1E-30	1.07305647872238E-11	1E10	1E-30	1E10	0.211093242456473	2.16448501751582E-10	1.04818219277422E-11	1.39013217239564	1.09728516067621E-11	8.46156241839891E-11	17.9965879612659	8.16123553843603E-13	5.04303866274335E-10	320.504512959465	1E10	1E-30	1E-10	1E10	1E-30	1E-10	1E10	1E-30	1E-10	1E10	1E-30	1E-10	1E10	1E-30	1E-10	1E10	1E-30	1E-10	1E10	1E-30	1E-10	1E10	1E-30	1E-10	1E10	1E-30	1E-10	1E10	1E-30	1E-10	1E10	1E-30	1E-10	1E10	1E-30	1E-10	2	-5	5
28	2.2E-11	1E10	1E10	1E-30	1.62270444568459E-15	1E10	1E-30	1E10	0.217706013520474	3.06333431162363E-09	1E10	4.84432751436286	1.42221252196293E-10	1.1218731941319E-11	2.65040774242651	7.69002090938089E-12	8.58447918933535E-11	26.8308032455426	5.7637356910938E-12	8.1530596942783E-11	10.5219271839725	8.09854992445649E-13	3.77046703443158E-10	471.00009437804	1E10	1E-30	1E-10	1E10	1E-30	1E-10	1E10	1E-30	1E-10	1E10	1E-30	1E-10	1E10	1E-30	1E-10	1E10	1E-30	1E-10	1E10	1E-30	1E-10	1E10	1E-30	1E-10	1E10	1E-30	1E-10	1E10	1E-30	1E-10	2	-1	1
29	2.2E-11	1E10	1E10	1E-30	1.62270444568459E-15	1E10	1E-30	1E10	0.217706013520474	3.06333431162363E-09	1E10	4.84432751436286	1.42221252196293E-10	1.1218731941319E-11	2.65040774242651	7.69002090938089E-12	8.58447918933535E-11	26.8308032455426	5.7637356910938E-12	8.1530596942783E-11	10.5219271839725	8.09854992445649E-13	3.77046703443158E-10	471.00009437804	1E10	1E-30	1E-10	1E10	1E-30	1E-10	1E10	1E-30	1E-10	1E10	1E-30	1E-10	1E10	1E-30	1E-10	1E10	1E-30	1E-10	1E10	1E-30	1E-10	1E10	1E-30	1E-10	1E10	1E-30	1E-10	1E10	1E-30	1E-10	2	-2	2
30	2.2E-11	1E10	1E10	1E-30	1.62270444568459E-15	1E10	1E-30	1E10	0.217706013520474	3.06333431162363E-09	1E10	4.84432751436286	1.42221252196293E-10	1.1218731941319E-11	2.65040774242651	7.69002090938089E-12	8.58447918933535E-11	26.8308032455426	5.7637356910938E-12	8.1530596942783E-11	10.5219271839725	8.09854992445649E-13	3.77046703443158E-10	471.00009437804	1E10	1E-30	1E-10	1E10	1E-30	1E-10	1E10	1E-30	1E-10	1E10	1E-30	1E-10	1E10	1E-30	1E-10	1E10	1E-30	1E-10	1E10	1E-30	1E-10	1E10	1E-30	1E-10	1E10	1E-30	1E-10	1E10	1E-30	1E-10	2	-5	5
31	2.7E-11	1E10	1E10	1E-30	1.07670133982651E-10	1E10	1E-30	1E10	0.191430709383199	2.72492519199841E-10	1.14930891996249E-11	1.91891657649316	2.04324058294623E-11	6.27264287816607E-11	11.0966061874771	9.58861567939408E-13	4.29232203398611E-10	172.121114339394	1E10	1E-30	1E-10	1E10	1E-30	1E-10	1E10	1E-30	1E-10	1E10	1E-30	1E-10	1E10	1E-30	1E-10	1E10	1E-30	1E-10	1E10	1E-30	1E-10	1E10	1E-30	1E-10	1E10	1E-30	1E-10	1E10	1E-30	1E-10	1E10	1E-30	1E-10	1E10	1E-30	1E-10	2	-1	1
32	2.7E-11	1E10	1E10	1E-30	1.07670133982651E-10	1E10	1E-30	1E10	0.191430709383199	2.72492519199841E-10	1.14930891996249E-11	1.91891657649316	2.04324058294623E-11	6.27264287816607E-11	11.0966061874771	9.58861567939408E-13	4.29232203398611E-10	172.121114339394	1E10	1E-30	1E-10	1E10	1E-30	1E-10	1E10	1E-30	1E-10	1E10	1E-30	1E-10	1E10	1E-30	1E-10	1E10	1E-30	1E-10	1E10	1E-30	1E-10	1E10	1E-30	1E-10	1E10	1E-30	1E-10	1E10	1E-30	1E-10	1E10	1E-30	1E-10	1E10	1E-30	1E-10	2	-2	2
33	2.7E-11	1E10	1E10	1E-30	1.07670133982651E-10	1E10	1E-30	1E10	0.191430709383199	2.72492519199841E-10	1.14930891996249E-11	1.91891657649316	2.04324058294623E-11	6.27264287816607E-11	11.0966061874771	9.58861567939408E-13	4.29232203398611E-10	172.121114339394	1E10	1E-30	1E-10	1E10	1E-30	1E-10	1E10	1E-30	1E-10	1E10	1E-30	1E-10	1E10	1E-30	1E-10	1E10	1E-30	1E-10	1E10	1E-30	1E-10	1E10	1E-30	1E-10	1E10	1E-30	1E-10	1E10	1E-30	1E-10	1E10	1E-30	1E-10	1E10	1E-30	1E-10	2	-5	5
34	2.7E-11	1E10	1E10	1E-30	1.21124016583446E-12	1E10	1E-30	1E10	0.201303842307236	5.67451821553826E-09	1E10	2.61516381264846	6.47997999223488E-13	6.34043421102149E-10	131.174021930183	1E10	1E-30	1E-10	1E10	1E-30	1E-10	1E10	1E-30	1E-10	1E10	1E-30	1E-10	1E10	1E-30	1E-10	1E10	1E-30	1E-10	1E10	1E-30	1E-10	1E10	1E-30	1E-10	1E10	1E-30	1E-10	1E10	1E-30	1E-10	1E10	1E-30	1E-10	1E10	1E-30	1E-10	1E10	1E-30	1E-10	2	-1	1
35	2.7E-11	1E10	1E10	1E-30	1.21124016583446E-12	1E10	1E-30	1E10	0.201303842307236	5.67451821553826E-09	1E10	2.61516381264846	6.47997999223488E-13	6.34043421102149E-10	131.174021930183	1E10	1E-30	1E-10	1E10	1E-30	1E-10	1E10	1E-30	1E-10	1E10	1E-30	1E-10	1E10	1E-30	1E-10	1E10	1E-30	1E-10	1E10	1E-30	1E-10	1E10	1E-30	1E-10	1E10	1E-30	1E-10	1E10	1E-30	1E-10	1E10	1E-30	1E-10	1E10	1E-30	1E-10	1E10	1E-30	1E-10	2	-2	2
36	2.7E-11	1E10	1E10	1E-30	1.21124016583446E-12	1E10	1E-30	1E10	0.201303842307236	5.67451821553826E-09	1E10	2.61516381264846	6.47997999223488E-13	6.34043421102149E-10	131.174021930183	1E10	1E-30	1E-10	1E10	1E-30	1E-10	1E10	1E-30	1E-10	1E10	1E-30	1E-10	1E10	1E-30	1E-10	1E10	1E-30	1E-10	1E10	1E-30	1E-10	1E10	1E-30	1E-10	1E10	1E-30	1E-10	1E10	1E-30	1E-10	1E10	1E-30	1E-10	1E10	1E-30	1E-10	1E10	1E-30	1E-10	2	-5	5
37	3.3E-11	1E10	1E10	1E-30	6.35315732728343E-11	1E10	1E-30	1E10	0.171275441140188	3.12863272750107E-10	1.3195831986736E-11	1.91891657649316	3.31374820875574E-11	5.59049884974347E-11	8.22602781045987	8.74492143402544E-13	4.49461293921476E-10	184.43109685367	1E10	1E-30	1E-10	1E10	1E-30	1E-10	1E10	1E-30	1E-10	1E10	1E-30	1E-10	1E10	1E-30	1E-10	1E10	1E-30	1E-10	1E10	1E-30	1E-10	1E10	1E-30	1E-10	1E10	1E-30	1E-10	1E10	1E-30	1E-10	1E10	1E-30	1E-10	1E10	1E-30	1E-10	2	-1	1
38	3.3E-11	1E10	1E10	1E-30	6.35315732728343E-11	1E10	1E-30	1E10	0.171275441140188	3.12863272750107E-10	1.3195831986736E-11	1.91891657649316	3.31374820875574E-11	5.59049884974347E-11	8.22602781045987	8.74492143402544E-13	4.49461293921476E-10	184.43109685367	1E10	1E-30	1E-10	1E10	1E-30	1E-10	1E10	1E-30	1E-10	1E10	1E-30	1E-10	1E10	1E-30	1E-10	1E10	1E-30	1E-10	1E10	1E-30	1E-10	1E10	1E-30	1E-10	1E10	1E-30	1E-10	1E10	1E-30	1E-10	1E10	1E-30	1E-10	1E10	1E-30	1E-10	2	-2	2
39	3.3E-11	1E10	1E10	1E-30	6.35315732728343E-11	1E10	1E-30	1E10	0.171275441140188	3.12863272750107E-10	1.3195831986736E-11	1.91891657649316	3.31374820875574E-11	5.59049884974347E-11	8.22602781045987	8.74492143402544E-13	4.49461293921476E-10	184.43109685367	1E10	1E-30	1E-10	1E10	1E-30	1E-10	1E10	1E-30	1E-10	1E10	1E-30	1E-10	1E10	1E-30	1E-10	1E10	1E-30	1E-10	1E10	1E-30	1E-10	1E10	1E-30	1E-10	1E10	1E-30	1E-10	1E10	1E-30	1E-10	1E10	1E-30	1E-10	1E10	1E-30	1E-10	2	-5	5
40	3.3E-11	1E10	1E10	1E-30	1.67501637875724E-10	1E10	1E-30	1E10	0.213606526424979	1.92863947506036E-08	1E10	4.13589095721669	1E-30	2.88293775834574E-11	1.42174134896231	2.16006244664219E-12	1.99325580304003E-10	48.1446867401996	1.16085816273462E-12	2.87342138886071E-10	114.25623738971	1E10	1E-30	1E-10	1E10	1E-30	1E-10	1E10	1E-30	1E-10	1E10	1E-30	1E-10	1E10	1E-30	1E-10	1E10	1E-30	1E-10	1E10	1E-30	1E-10	1E10	1E-30	1E-10	1E10	1E-30	1E-10	1E10	1E-30	1E-10	1E10	1E-30	1E-10	2	-1	1
41	3.3E-11	1E10	1E10	1E-30	1.67501637875724E-10	1E10	1E-30	1E10	0.213606526424979	1.92863947506036E-08	1E10	4.13589095721669	1E-30	2.88293775834574E-11	1.42174134896231	2.16006244664219E-12	1.99325580304003E-10	48.1446867401996	1.16085816273462E-12	2.87342138886071E-10	114.25623738971	1E10	1E-30	1E-10	1E10	1E-30	1E-10	1E10	1E-30	1E-10	1E10	1E-30	1E-10	1E10	1E-30	1E-10	1E10	1E-30	1E-10	1E10	1E-30	1E-10	1E10	1E-30	1E-10	1E10	1E-30	1E-10	1E10	1E-30	1E-10	1E10	1E-30	1E-10	2	-2	2
42	3.3E-11	1E10	1E10	1E-30	1.67501637875724E-10	1E10	1E-30	1E10	0.213606526424979	1.92863947506036E-08	1E10	4.13589095721669	1E-30	2.88293775834574E-11	1.42174134896231	2.16006244664219E-12	1.99325580304003E-10	48.1446867401996	1.16085816273462E-12	2.87342138886071E-10	114.25623738971	1E10	1E-30	1E-10	1E10	1E-30	1E-10	1E10	1E-30	1E-10	1E10	1E-30	1E-10	1E10	1E-30	1E-10	1E10	1E-30	1E-10	1E10	1E-30	1E-10	1E10	1E-30	1E-10	1E10	1E-30	1E-10	1E10	1E-30	1E-10	1E10	1E-30	1E-10	2	-5	5
43	3.9E-11	1E10	1E10	1E-30	7.47112370875122E-11	1E10	1E-30	1E10	0.173091717506078	5.69317566050899E-10	6.61358252884251E-12	0.79993757017371	3.23831809047175E-11	4.33960861262939E-11	7.33145500318664	6.94633800549196E-13	5.65838244535633E-10	232.184994554157	1E10	1E-30	1E-10	1E10	1E-30	1E-10	1E10	1E-30	1E-10	1E10	1E-30	1E-10	1E10	1E-30	1E-10	1E10	1E-30	1E-10	1E10	1E-30	1E-10	1E10	1E-30	1E-10	1E10	1E-30	1E-10	1E10	1E-30	1E-10	1E10	1E-30	1E-10	1E10	1E-30	1E-10	2	-1	1
44	3.9E-11	1E10	1E10	1E-30	7.47112370875122E-11	1E10	1E-30	1E10	0.173091717506078	5.69317566050899E-10	6.61358252884251E-12	0.79993757017371	3.23831809047175E-11	4.33960861262939E-11	7.33145500318664	6.94633800549196E-13	5.65838244535633E-10	232.184994554157	1E10	1E-30	1E-10	1E10	1E-30	1E-10	1E10	1E-30	1E-10	1E10	1E-30	1E-10	1E10	1E-30	1E-10	1E10	1E-30	1E-10	1E10	1E-30	1E-10	1E10	1E-30	1E-10	1E10	1E-30	1E-10	1E10	1E-30	1E-10	1E10	1E-30	1E-10	1E10	1E-30	1E-10	2	-2	2
45	3.9E-11	1E10	1E10	1E-30	7.47112370875122E-11	1E10	1E-30	1E10	0.173091717506078	5.69317566050899E-10	6.61358252884251E-12	0.79993757017371	3.23831809047175E-11	4.33960861262939E-11	7.33145500318664	6.94633800549196E-13	5.65838244535633E-10	232.184994554157	1E10	1E-30	1E-10	1E10	1E-30	1E-10	1E10	1E-30	1E-10	1E10	1E-30	1E-10	1E10	1E-30	1E-10	1E10	1E-30	1E-10	1E10	1E-30	1E-10	1E10	1E-30	1E-10	1E10	1E-30	1E-10	1E10	1E-30	1E-10	1E10	1E-30	1E-10	1E10	1E-30	1E-10	2	-5	5
46	3.9E-11	1E10	1E10	1E-30	1.53443981463073E-10	1E10	1E-30	1E10	0.207951869393162	1.17862728213644E-08	1E10	1.2590744263607	1E-30	8.25614053423433E-12	0.111340297849711	2.62197909248779E-11	2.2004087567427E-11	7.4025804129739	7.74163480658722E-13	4.35745613525057E-10	158.024204583316	1E10	1E-30	1E-10	1E10	1E-30	1E-10	1E10	1E-30	1E-10	1E10	1E-30	1E-10	1E10	1E-30	1E-10	1E10	1E-30	1E-10	1E10	1E-30	1E-10	1E10	1E-30	1E-10	1E10	1E-30	1E-10	1E10	1E-30	1E-10	1E10	1E-30	1E-10	2	-1	1
47	3.9E-11	1E10	1E10	1E-30	1.53443981463073E-10	1E10	1E-30	1E10	0.207951869393162	1.17862728213644E-08	1E10	1.2590744263607	1E-30	8.25614053423433E-12	0.111340297849711	2.62197909248779E-11	2.2004087567427E-11	7.4025804129739	7.74163480658722E-13	4.35745613525057E-10	158.024204583316	1E10	1E-30	1E-10	1E10	1E-30	1E-10	1E10	1E-30	1E-10	1E10	1E-30	1E-10	1E10	1E-30	1E-10	1E10	1E-30	1E-10	1E10	1E-30	1E-10	1E10	1E-30	1E-10	1E10	1E-30	1E-10	1E10	1E-30	1E-10	1E10	1E-30	1E-10	2	-2	2
48	3.9E-11	1E10	1E10	1E-30	1.53443981463073E-10	1E10	1E-30	1E10	0.207951869393162	1.17862728213644E-08	1E10	1.2590744263607	1E-30	8.25614053423433E-12	0.111340297849711	2.62197909248779E-11	2.2004087567427E-11	7.4025804129739	7.74163480658722E-13	4.35745613525057E-10	158.024204583316	1E10	1E-30	1E-10	1E10	1E-30	1E-10	1E10	1E-30	1E-10	1E10	1E-30	1E-10	1E10	1E-30	1E-10	1E10	1E-30	1E-10	1E10	1E-30	1E-10	1E10	1E-30	1E-10	1E10	1E-30	1E-10	1E10	1E-30	1E-10	1E10	1E-30	1E-10	2	-5	5
49	4.7E-11	1E10	1E10	1E-30	3.86344793593449E-10	1E10	1E-30	1E10	0.1845548751992	7.00413622187336E-10	7.0865813564369E-12	0.74654517773371	4.68079375829388E-11	4.14429405129583E-11	4.02893418909904	1.2934686646939E-12	2.64662431253575E-10	58.3222337420713	1E10	1E-30	1E-10	1E10	1E-30	1E-10	1E10	1E-30	1E-10	1E10	1E-30	1E-10	1E10	1E-30	1E-10	1E10	1E-30	1E-10	1E10	1E-30	1E-10	1E10	1E-30	1E-10	1E10	1E-30	1E-10	1E10	1E-30	1E-10	1E10	1E-30	1E-10	1E10	1E-30	1E-10	2	-1	1
50	4.7E-11	1E10	1E10	1E-30	3.86344793593449E-10	1E10	1E-30	1E10	0.1845548751992	7.00413622187336E-10	7.0865813564369E-12	0.74654517773371	4.68079375829388E-11	4.14429405129583E-11	4.02893418909904	1.2934686646939E-12	2.64662431253575E-10	58.3222337420713	1E10	1E-30	1E-10	1E10	1E-30	1E-10	1E10	1E-30	1E-10	1E10	1E-30	1E-10	1E10	1E-30	1E-10	1E10	1E-30	1E-10	1E10	1E-30	1E-10	1E10	1E-30	1E-10	1E10	1E-30	1E-10	1E10	1E-30	1E-10	1E10	1E-30	1E-10	1E10	1E-30	1E-10	2	-2	2
51	4.7E-11	1E10	1E10	1E-30	3.86344793593449E-10	1E10	1E-30	1E10	0.1845548751992	7.00413622187336E-10	7.0865813564369E-12	0.74654517773371	4.68079375829388E-11	4.14429405129583E-11	4.02893418909904	1.2934686646939E-12	2.64662431253575E-10	58.3222337420713	1E10	1E-30	1E-10	1E10	1E-30	1E-10	1E10	1E-30	1E-10	1E10	1E-30	1E-10	1E10	1E-30	1E-10	1E10	1E-30	1E-10	1E10	1E-30	1E-10	1E10	1E-30	1E-10	1E10	1E-30	1E-10	1E10	1E-30	1E-10	1E10	1E-30	1E-10	1E10	1E-30	1E-10	2	-5	5
52	4.7E-11	1E10	1E10	1E-30	3.30675963514048E-11	1E10	1E-30	1E10	0.185179081684613	2.35997141215108E-08	1E10	0.628812476925891	6.01953266204662E-10	4.16927087396247E-12	0.4883414151169	2.16145832966124E-11	4.02963678653689E-11	8.23146109566342	7.25791917166041E-13	5.42071627309986E-10	202.648860616513	1E10	1E-30	1E-10	1E10	1E-30	1E-10	1E10	1E-30	1E-10	1E10	1E-30	1E-10	1E10	1E-30	1E-10	1E10	1E-30	1E-10	1E10	1E-30	1E-10	1E10	1E-30	1E-10	1E10	1E-30	1E-10	1E10	1E-30	1E-10	1E10	1E-30	1E-10	2	-1	1
53	4.7E-11	1E10	1E10	1E-30	3.30675963514048E-11	1E10	1E-30	1E10	0.185179081684613	2.35997141215108E-08	1E10	0.628812476925891	6.01953266204662E-10	4.16927087396247E-12	0.4883414151169	2.16145832966124E-11	4.02963678653689E-11	8.23146109566342	7.25791917166041E-13	5.42071627309986E-10	202.648860616513	1E10	1E-30	1E-10	1E10	1E-30	1E-10	1E10	1E-30	1E-10	1E10	1E-30	1E-10	1E10	1E-30	1E-10	1E10	1E-30	1E-10	1E10	1E-30	1E-10	1E10	1E-30	1E-10	1E10	1E-30	1E-10	1E10	1E-30	1E-10	1E10	1E-30	1E-10	2	-2	2
54	4.7E-11	1E10	1E10	1E-30	3.30675963514048E-11	1E10	1E-30	1E10	0.185179081684613	2.35997141215108E-08	1E10	0.628812476925891	6.01953266204662E-10	4.16927087396247E-12	0.4883414151169	2.16145832966124E-11	4.02963678653689E-11	8.23146109566342	7.25791917166041E-13	5.42071627309986E-10	202.648860616513	1E10	1E-30	1E-10	1E10	1E-30	1E-10	1E10	1E-30	1E-10	1E10	1E-30	1E-10	1E10	1E-30	1E-10	1E10	1E-30	1E-10	1E10	1E-30	1E-10	1E10	1E-30	1E-10	1E10	1E-30	1E-10	1E10	1E-30	1E-10	1E10	1E-30	1E-10	2	-5	5
55	5.6E-11	1E10	1E10	1E-30	1.02864254874851E-10	1E10	1E-30	1E10	0.183075469856207	1.39750890524124E-09	3.47085745011411E-12	0.374158912406138	3.89331466815236E-11	4.14429405129583E-11	4.52053851133723	7.10813900303339E-13	5.92505379432268E-10	232.184994554157	1E10	1E-30	1E-10	1E10	1E-30	1E-10	1E10	1E-30	1E-10	1E10	1E-30	1E-10	1E10	1E-30	1E-10	1E10	1E-30	1E-10	1E10	1E-30	1E-10	1E10	1E-30	1E-10	1E10	1E-30	1E-10	1E10	1E-30	1E-10	1E10	1E-30	1E-10	1E10	1E-30	1E-10	2	-1	1
56	5.6E-11	1E10	1E10	1E-30	1.02864254874851E-10	1E10	1E-30	1E10	0.183075469856207	1.39750890524124E-09	3.47085745011411E-12	0.374158912406138	3.89331466815236E-11	4.14429405129583E-11	4.52053851133723	7.10813900303339E-13	5.92505379432268E-10	232.184994554157	1E10	1E-30	1E-10	1E10	1E-30	1E-10	1E10	1E-30	1E-10	1E10	1E-30	1E-10	1E10	1E-30	1E-10	1E10	1E-30	1E-10	1E10	1E-30	1E-10	1E10	1E-30	1E-10	1E10	1E-30	1E-10	1E10	1E-30	1E-10	1E10	1E-30	1E-10	1E10	1E-30	1E-10	2	-2	2
57	5.6E-11	1E10	1E10	1E-30	1.02864254874851E-10	1E10	1E-30	1E10	0.183075469856207	1.39750890524124E-09	3.47085745011411E-12	0.374158912406138	3.89331466815236E-11	4.14429405129583E-11	4.52053851133723	7.10813900303339E-13	5.92505379432268E-10	232.184994554157	1E10	1E-30	1E-10	1E10	1E-30	1E-10	1E10	1E-30	1E-10	1E10	1E-30	1E-10	1E10	1E-30	1E-10	1E10	1E-30	1E-10	1E10	1E-30	1E-10	1E10	1E-30	1E-10	1E10	1E-30	1E-10	1E10	1E-30	1E-10	1E10	1E-30	1E-10	1E10	1E-30	1E-10	2	-5	5
58	5.6E-11	1E10	1E10	1E-30	7.28026155644637E-15	1E10	1E-30	1E10	2.71976855209625E-02	1.14086451934257E-08	1E10	1.18629805581598	1E-30	3.93039136949568E-11	2.65989921941701	1E-30	2.5917818041361E-10	0.142713747228238	5.22586329677946E-10	6.70750809607799E-12	0.553197575715661	3.02073616003989E-11	3.84093197885053E-11	5.41983897358455	8.46788241131794E-13	5.1831558642882E-10	395.831399644944	1E10	1E-30	1E-10	1E10	1E-30	1E-10	1E10	1E-30	1E-10	1E10	1E-30	1E-10	1E10	1E-30	1E-10	1E10	1E-30	1E-10	1E10	1E-30	1E-10	1E10	1E-30	1E-10	1E10	1E-30	1E-10	2	-1	1
59	5.6E-11	1E10	1E10	1E-30	7.28026155644637E-15	1E10	1E-30	1E10	2.71976855209625E-02	1.14086451934257E-08	1E10	1.18629805581598	1E-30	3.93039136949568E-11	2.65989921941701	1E-30	2.5917818041361E-10	0.142713747228238	5.22586329677946E-10	6.70750809607799E-12	0.553197575715661	3.02073616003989E-11	3.84093197885053E-11	5.41983897358455	8.46788241131794E-13	5.1831558642882E-10	395.831399644944	1E10	1E-30	1E-10	1E10	1E-30	1E-10	1E10	1E-30	1E-10	1E10	1E-30	1E-10	1E10	1E-30	1E-10	1E10	1E-30	1E-10	1E10	1E-30	1E-10	1E10	1E-30	1E-10	1E10	1E-30	1E-10	2	-2	2
60	5.6E-11	1E10	1E10	1E-30	7.28026155644637E-15	1E10	1E-30	1E10	2.71976855209625E-02	1.14086451934257E-08	1E10	1.18629805581598	1E-30	3.93039136949568E-11	2.65989921941701	1E-30	2.5917818041361E-10	0.142713747228238	5.22586329677946E-10	6.70750809607799E-12	0.553197575715661	3.02073616003989E-11	3.84093197885053E-11	5.41983897358455	8.46788241131794E-13	5.1831558642882E-10	395.831399644944	1E10	1E-30	1E-10	1E10	1E-30	1E-10	1E10	1E-30	1E-10	1E10	1E-30	1E-10	1E10	1E-30	1E-10	1E10	1E-30	1E-10	1E10	1E-30	1E-10	1E10	1E-30	1E-10	1E10	1E-30	1E-10	2	-5	5
61	6.8E-11	1E10	1E10	1E-30	6.55019034206477E-11	1E10	1E-30	1E10	0.191125854079206	2.0200149516073E-09	3.16545961636328E-12	0.297204988397925	7.76818403767998E-11	3.14376853163986E-11	2.78734145181288	7.27370882996158E-13	6.06306602661689E-10	221.734948384647	1E10	1E-30	1E-10	1E10	1E-30	1E-10	1E10	1E-30	1E-10	1E10	1E-30	1E-10	1E10	1E-30	1E-10	1E10	1E-30	1E-10	1E10	1E-30	1E-10	1E10	1E-30	1E-10	1E10	1E-30	1E-10	1E10	1E-30	1E-10	1E10	1E-30	1E-10	1E10	1E-30	1E-10	2	-1	1
62	6.8E-11	1E10	1E10	1E-30	6.55019034206477E-11	1E10	1E-30	1E10	0.191125854079206	2.0200149516073E-09	3.16545961636328E-12	0.297204988397925	7.76818403767998E-11	3.14376853163986E-11	2.78734145181288	7.27370882996158E-13	6.06306602661689E-10	221.734948384647	1E10	1E-30	1E-10	1E10	1E-30	1E-10	1E10	1E-30	1E-10	1E10	1E-30	1E-10	1E10	1E-30	1E-10	1E10	1E-30	1E-10	1E10	1E-30	1E-10	1E10	1E-30	1E-10	1E10	1E-30	1E-10	1E10	1E-30	1E-10	1E10	1E-30	1E-10	1E10	1E-30	1E-10	2	-2	2
63	6.8E-11	1E10	1E10	1E-30	6.55019034206477E-11	1E10	1E-30	1E10	0.191125854079206	2.0200149516073E-09	3.16545961636328E-12	0.297204988397925	7.76818403767998E-11	3.14376853163986E-11	2.78734145181288	7.27370882996158E-13	6.06306602661689E-10	221.734948384647	1E10	1E-30	1E-10	1E10	1E-30	1E-10	1E10	1E-30	1E-10	1E10	1E-30	1E-10	1E10	1E-30	1E-10	1E10	1E-30	1E-10	1E10	1E-30	1E-10	1E10	1E-30	1E-10	1E10	1E-30	1E-10	1E10	1E-30	1E-10	1E10	1E-30	1E-10	1E10	1E-30	1E-10	2	-5	5
64	6.8E-11	1E10	1E10	1E-30	3.77434902213324E-10	1E10	1E-30	1E10	0.130797378717886	1E-30	1.74346367957846E-11	0.42330167282165	6.48425703360292E-10	7.55451912370767E-12	0.806496972071029	5.45286718487215E-11	3.01530075029102E-11	3.69002897218509	2.02194482834896E-12	1.74160360703737E-10	32.2963222679203	1E10	1E-30	1E-10	1E10	1E-30	1E-10	1E10	1E-30	1E-10	1E10	1E-30	1E-10	1E10	1E-30	1E-10	1E10	1E-30	1E-10	1E10	1E-30	1E-10	1E10	1E-30	1E-10	1E10	1E-30	1E-10	1E10	1E-30	1E-10	1E10	1E-30	1E-10	2	-1	1
65	6.8E-11	1E10	1E10	1E-30	3.77434902213324E-10	1E10	1E-30	1E10	0.130797378717886	1E-30	1.74346367957846E-11	0.42330167282165	6.48425703360292E-10	7.55451912370767E-12	0.806496972071029	5.45286718487215E-11	3.01530075029102E-11	3.69002897218509	2.02194482834896E-12	1.74160360703737E-10	32.2963222679203	1E10	1E-30	1E-10	1E10	1E-30	1E-10	1E10	1E-30	1E-10	1E10	1E-30	1E-10	1E10	1E-30	1E-10	1E10	1E-30	1E-10	1E10	1E-30	1E-10	1E10	1E-30	1E-10	1E10	1E-30	1E-10	1E10	1E-30	1E-10	1E10	1E-30	1E-10	2	-2	2
66	6.8E-11	1E10	1E10	1E-30	3.77434902213324E-10	1E10	1E-30	1E10	0.130797378717886	1E-30	1.74346367957846E-11	0.42330167282165	6.48425703360292E-10	7.55451912370767E-12	0.806496972071029	5.45286718487215E-11	3.01530075029102E-11	3.69002897218509	2.02194482834896E-12	1.74160360703737E-10	32.2963222679203	1E10	1E-30	1E-10	1E10	1E-30	1E-10	1E10	1E-30	1E-10	1E10	1E-30	1E-10	1E10	1E-30	1E-10	1E10	1E-30	1E-10	1E10	1E-30	1E-10	1E10	1E-30	1E-10	1E10	1E-30	1E-10	1E10	1E-30	1E-10	1E10	1E-30	1E-10	2	-5	5
67	8.2E-11	1E10	1E10	1E-30	2.21431331319341E-10	1E10	1E-30	1E10	0.16327190654696	1.18947298797738E-09	7.42056164641035E-12	0.620949232330304	7.59135858085568E-11	4.44069108254485E-11	3.3511214946495	1.15280516085504E-12	3.82553603956227E-10	139.90529421123	1E10	1E-30	1E-10	1E10	1E-30	1E-10	1E10	1E-30	1E-10	1E10	1E-30	1E-10	1E10	1E-30	1E-10	1E10	1E-30	1E-10	1E10	1E-30	1E-10	1E10	1E-30	1E-10	1E10	1E-30	1E-10	1E10	1E-30	1E-10	1E10	1E-30	1E-10	1E10	1E-30	1E-10	2	-1	1
68	8.2E-11	1E10	1E10	1E-30	2.21431331319341E-10	1E10	1E-30	1E10	0.16327190654696	1.18947298797738E-09	7.42056164641035E-12	0.620949232330304	7.59135858085568E-11	4.44069108254485E-11	3.3511214946495	1.15280516085504E-12	3.82553603956227E-10	139.90529421123	1E10	1E-30	1E-10	1E10	1E-30	1E-10	1E10	1E-30	1E-10	1E10	1E-30	1E-10	1E10	1E-30	1E-10	1E10	1E-30	1E-10	1E10	1E-30	1E-10	1E10	1E-30	1E-10	1E10	1E-30	1E-10	1E10	1E-30	1E-10	1E10	1E-30	1E-10	1E10	1E-30	1E-10	2	-2	2
69	8.2E-11	1E10	1E10	1E-30	2.21431331319341E-10	1E10	1E-30	1E10	0.16327190654696	1.18947298797738E-09	7.42056164641035E-12	0.620949232330304	7.59135858085568E-11	4.44069108254485E-11	3.3511214946495	1.15280516085504E-12	3.82553603956227E-10	139.90529421123	1E10	1E-30	1E-10	1E10	1E-30	1E-10	1E10	1E-30	1E-10	1E10	1E-30	1E-10	1E10	1E-30	1E-10	1E10	1E-30	1E-10	1E10	1E-30	1E-10	1E10	1E-30	1E-10	1E10	1E-30	1E-10	1E10	1E-30	1E-10	1E10	1E-30	1E-10	1E10	1E-30	1E-10	2	-5	5
70	8.2E-11	1E10	1E10	1E-30	3.34097361446838E-10	1E10	1E-30	1E10	0.123380916107027	5.15158446864208E-08	1E10	0.288062726755634	4.26745561620981E-06	1E10	1.74686090276582E-03	5.70356233184914E-10	1.20072650625342E-11	0.727154179829604	7.17423529932859E-11	3.38409798765954E-11	2.67842246710433	1.49924137213268E-12	2.33846488937018E-10	75.3756350656364	1E10	1E-30	1E-10	1E10	1E-30	1E-10	1E10	1E-30	1E-10	1E10	1E-30	1E-10	1E10	1E-30	1E-10	1E10	1E-30	1E-10	1E10	1E-30	1E-10	1E10	1E-30	1E-10	1E10	1E-30	1E-10	1E10	1E-30	1E-10	2	-1	1
71	8.2E-11	1E10	1E10	1E-30	3.34097361446838E-10	1E10	1E-30	1E10	0.123380916107027	5.15158446864208E-08	1E10	0.288062726755634	4.26745561620981E-06	1E10	1.74686090276582E-03	5.70356233184914E-10	1.20072650625342E-11	0.727154179829604	7.17423529932859E-11	3.38409798765954E-11	2.67842246710433	1.49924137213268E-12	2.33846488937018E-10	75.3756350656364	1E10	1E-30	1E-10	1E10	1E-30	1E-10	1E10	1E-30	1E-10	1E10	1E-30	1E-10	1E10	1E-30	1E-10	1E10	1E-30	1E-10	1E10	1E-30	1E-10	1E10	1E-30	1E-10	1E10	1E-30	1E-10	1E10	1E-30	1E-10	2	-2	2
72	8.2E-11	1E10	1E10	1E-30	3.34097361446838E-10	1E10	1E-30	1E10	0.123380916107027	5.15158446864208E-08	1E10	0.288062726755634	4.26745561620981E-06	1E10	1.74686090276582E-03	5.70356233184914E-10	1.20072650625342E-11	0.727154179829604	7.17423529932859E-11	3.38409798765954E-11	2.67842246710433	1.49924137213268E-12	2.33846488937018E-10	75.3756350656364	1E10	1E-30	1E-10	1E10	1E-30	1E-10	1E10	1E-30	1E-10	1E10	1E-30	1E-10	1E10	1E-30	1E-10	1E10	1E-30	1E-10	1E10	1E-30	1E-10	1E10	1E-30	1E-10	1E10	1E-30	1E-10	1E10	1E-30	1E-10	2	-5	5
73	1E-10	1E10	1E10	1E-30	7.37985460808022E-11	1E10	1E-30	1E10	0.11	1E-30	1.43628944499973E-11	0.314358164486091	5.90847824990454E-10	9.54572790146811E-12	0.715128908801837	7.23690954377048E-11	2.36984008681195E-11	1.7100527879331	2.64541569427554E-12	7.16627566048377E-11	9.04922356426035	6.38853853400517E-13	2.96232929038841E-10	1E5	1E10	1E-30	1E-10	1E10	1E-30	1E-10	1E10	1E-30	1E-10	1E10	1E-30	1E-10	1E10	1E-30	1E-10	1E10	1E-30	1E-10	1E10	1E-30	1E-10	1E10	1E-30	1E-10	1E10	1E-30	1E-10	1E10	1E-30	1E-10	2	-5	5
74	1E-10	1E10	1E10	1E-30	2.59583488416686E-11	1E10	1E-30	1E10	0.142667043706675	1.49745777120746E-09	8.13648404842532E-12	0.460316025254398	1.20314925363294E-10	4.04995840151204E-11	2.54208561703939	7.10813900303339E-13	5.92505379432268E-10	221.734948384647	1E10	1E-30	1E-10	1E10	1E-30	1E-10	1E10	1E-30	1E-10	1E10	1E-30	1E-10	1E10	1E-30	1E-10	1E10	1E-30	1E-10	1E10	1E-30	1E-10	1E10	1E-30	1E-10	1E10	1E-30	1E-10	1E10	1E-30	1E-10	1E10	1E-30	1E-10	1E10	1E-30	1E-10	2	-1	1
75	1E-10	1E10	1E10	1E-30	2.59583488416686E-11	1E10	1E-30	1E10	0.142667043706675	1.49745777120746E-09	8.13648404842532E-12	0.460316025254398	1.20314925363294E-10	4.04995840151204E-11	2.54208561703939	7.10813900303339E-13	5.92505379432268E-10	221.734948384647	1E10	1E-30	1E-10	1E10	1E-30	1E-10	1E10	1E-30	1E-10	1E10	1E-30	1E-10	1E10	1E-30	1E-10	1E10	1E-30	1E-10	1E10	1E-30	1E-10	1E10	1E-30	1E-10	1E10	1E-30	1E-10	1E10	1E-30	1E-10	1E10	1E-30	1E-10	1E10	1E-30	1E-10	2	-2	2
76	1E-10	1E10	1E10	1E-30	2.59583488416686E-11	1E10	1E-30	1E10	0.142667043706675	1.49745777120746E-09	8.13648404842532E-12	0.460316025254398	1.20314925363294E-10	4.04995840151204E-11	2.54208561703939	7.10813900303339E-13	5.92505379432268E-10	221.734948384647	1E10	1E-30	1E-10	1E10	1E-30	1E-10	1E10	1E-30	1E-10	1E10	1E-30	1E-10	1E10	1E-30	1E-10	1E10	1E-30	1E-10	1E10	1E-30	1E-10	1E10	1E-30	1E-10	1E10	1E-30	1E-10	1E10	1E-30	1E-10	1E10	1E-30	1E-10	1E10	1E-30	1E-10	2	-5	5
77	1E-10	1E10	1E10	1E-30	1.99852773902183E-10	1E10	1E-30	1E10	0.118429679832234	7.8657101770298E-08	1E10	0.149861457588224	6.4641198187924E-10	1.37964410519386E-11	0.947331297363694	8.48603149642128E-11	3.94145773367773E-11	2.68724781688903	4.51207872133925E-11	2.04599946517832E-11	1.8821655930665	1.19448121897667E-12	2.7594416285115E-10	143.073481403279	1E10	1E-30	1E-10	1E10	1E-30	1E-10	1E10	1E-30	1E-10	1E10	1E-30	1E-10	1E10	1E-30	1E-10	1E10	1E-30	1E-10	1E10	1E-30	1E-10	1E10	1E-30	1E-10	1E10	1E-30	1E-10	1E10	1E-30	1E-10	2	-1	1
78	1E-10	1E10	1E10	1E-30	1.99852773902183E-10	1E10	1E-30	1E10	0.118429679832234	7.8657101770298E-08	1E10	0.149861457588224	6.4641198187924E-10	1.37964410519386E-11	0.947331297363694	8.48603149642128E-11	3.94145773367773E-11	2.68724781688903	4.51207872133925E-11	2.04599946517832E-11	1.8821655930665	1.19448121897667E-12	2.7594416285115E-10	143.073481403279	1E10	1E-30	1E-10	1E10	1E-30	1E-10	1E10	1E-30	1E-10	1E10	1E-30	1E-10	1E10	1E-30	1E-10	1E10	1E-30	1E-10	1E10	1E-30	1E-10	1E10	1E-30	1E-10	1E10	1E-30	1E-10	1E10	1E-30	1E-10	2	-2	2
79	1E-10	1E10	1E10	1E-30	1.99852773902183E-10	1E10	1E-30	1E10	0.118429679832234	7.8657101770298E-08	1E10	0.149861457588224	6.4641198187924E-10	1.37964410519386E-11	0.947331297363694	8.48603149642128E-11	3.94145773367773E-11	2.68724781688903	4.51207872133925E-11	2.04599946517832E-11	1.8821655930665	1.19448121897667E-12	2.7594416285115E-10	143.073481403279	1E10	1E-30	1E-10	1E10	1E-30	1E-10	1E10	1E-30	1E-10	1E10	1E-30	1E-10	1E10	1E-30	1E-10	1E10	1E-30	1E-10	1E10	1E-30	1E-10	1E10	1E-30	1E-10	1E10	1E-30	1E-10	1E10	1E-30	1E-10	2	-5	5
80	1E-10	1E10	1E10	1E-30	1.37616429982371E-11	1E10	1E-30	1E10	0.155875583727852	2.10053154430906E-09	5.90610852872729E-12	0.342224195572998	1.19103194713733E-10	4.11853629340589E-11	2.04332006386626	4.50568097970002E-11	2.89488933756642E-11	1.49330889332268	7.96150387975219E-13	6.07369666883548E-10	365.466565762988	1E10	1E-30	1E-10	1E10	1E-30	1E-10	1E10	1E-30	1E-10	1E10	1E-30	1E-10	1E10	1E-30	1E-10	1E10	1E-30	1E-10	1E10	1E-30	1E-10	1E10	1E-30	1E-10	1E10	1E-30	1E-10	1E10	1E-30	1E-10	1E10	1E-30	1E-10	2	-5	5
81	1.2E-10	1E10	1E10	1E-30	9.75567144403673E-11	1E10	1E-30	1E10	9.81139760041138E-02	1E-30	1.08935662184315E-11	7.42951952602955E-02	4.4397249501924E-10	1.54657136157857E-11	1.04374954991406	9.737261492255E-11	2.15906322869385E-11	1.94861917942123	1.52565094333143E-12	2.92720041365399E-10	241.853011451236	1E10	1E-30	1E-10	1E10	1E-30	1E-10	1E10	1E-30	1E-10	1E10	1E-30	1E-10	1E10	1E-30	1E-10	1E10	1E-30	1E-10	1E10	1E-30	1E-10	1E10	1E-30	1E-10	1E10	1E-30	1E-10	1E10	1E-30	1E-10	1E10	1E-30	1E-10	2	-5	5
82	1.2E-10	1E10	1E10	1E-30	3.45484246156567E-11	1E10	1E-30	1E10	9.57291138425953E-02	8.52820464227489E-10	7.27365427175659E-12	0.603896508278377	8.24343242686694E-11	2.36746131152754E-11	2.28789947328594	6.33513555483858E-13	4.81606453393936E-10	260.515848701765	1E10	1E-30	1E-10	1E10	1E-30	1E-10	1E10	1E-30	1E-10	1E10	1E-30	1E-10	1E10	1E-30	1E-10	1E10	1E-30	1E-10	1E10	1E-30	1E-10	1E10	1E-30	1E-10	1E10	1E-30	1E-10	1E10	1E-30	1E-10	1E10	1E-30	1E-10	1E10	1E-30	1E-10	2	-1	1
83	1.2E-10	1E10	1E10	1E-30	3.45484246156567E-11	1E10	1E-30	1E10	9.57291138425953E-02	8.52820464227489E-10	7.27365427175659E-12	0.603896508278377	8.24343242686694E-11	2.36746131152754E-11	2.28789947328594	6.33513555483858E-13	4.81606453393936E-10	260.515848701765	1E10	1E-30	1E-10	1E10	1E-30	1E-10	1E10	1E-30	1E-10	1E10	1E-30	1E-10	1E10	1E-30	1E-10	1E10	1E-30	1E-10	1E10	1E-30	1E-10	1E10	1E-30	1E-10	1E10	1E-30	1E-10	1E10	1E-30	1E-10	1E10	1E-30	1E-10	1E10	1E-30	1E-10	2	-2	2
84	1.2E-10	1E10	1E10	1E-30	3.45484246156567E-11	1E10	1E-30	1E10	9.57291138425953E-02	8.52820464227489E-10	7.27365427175659E-12	0.603896508278377	8.24343242686694E-11	2.36746131152754E-11	2.28789947328594	6.33513555483858E-13	4.81606453393936E-10	260.515848701765	1E10	1E-30	1E-10	1E10	1E-30	1E-10	1E10	1E-30	1E-10	1E10	1E-30	1E-10	1E10	1E-30	1E-10	1E10	1E-30	1E-10	1E10	1E-30	1E-10	1E10	1E-30	1E-10	1E10	1E-30	1E-10	1E10	1E-30	1E-10	1E10	1E-30	1E-10	1E10	1E-30	1E-10	2	-5	5
85	1.2E-10	1E10	1E10	1E-30	5.95344182183328E-14	1E10	1E-30	1E10	0.122104621864682	2.49873174418458E-04	1E10	0.149179194680245	6.60520172844876E-10	1.00118905383485E-11	0.45121563585827	8.32900957263084E-11	2.37200272518613E-11	2.00404205352484	6.34039081281381E-13	5.6991982868266E-10	266.342373493009	1E10	1E-30	1E-10	1E10	1E-30	1E-10	1E10	1E-30	1E-10	1E10	1E-30	1E-10	1E10	1E-30	1E-10	1E10	1E-30	1E-10	1E10	1E-30	1E-10	1E10	1E-30	1E-10	1E10	1E-30	1E-10	1E10	1E-30	1E-10	1E10	1E-30	1E-10	2	-1	1
86	1.2E-10	1E10	1E10	1E-30	5.95344182183328E-14	1E10	1E-30	1E10	0.122104621864682	2.49873174418458E-04	1E10	0.149179194680245	6.60520172844876E-10	1.00118905383485E-11	0.45121563585827	8.32900957263084E-11	2.37200272518613E-11	2.00404205352484	6.34039081281381E-13	5.6991982868266E-10	266.342373493009	1E10	1E-30	1E-10	1E10	1E-30	1E-10	1E10	1E-30	1E-10	1E10	1E-30	1E-10	1E10	1E-30	1E-10	1E10	1E-30	1E-10	1E10	1E-30	1E-10	1E10	1E-30	1E-10	1E10	1E-30	1E-10	1E10	1E-30	1E-10	1E10	1E-30	1E-10	2	-2	2
87	1.2E-10	1E10	1E10	1E-30	5.95344182183328E-14	1E10	1E-30	1E10	0.122104621864682	2.49873174418458E-04	1E10	0.149179194680245	6.60520172844876E-10	1.00118905383485E-11	0.45121563585827	8.32900957263084E-11	2.37200272518613E-11	2.00404205352484	6.34039081281381E-13	5.6991982868266E-10	266.342373493009	1E10	1E-30	1E-10	1E10	1E-30	1E-10	1E10	1E-30	1E-10	1E10	1E-30	1E-10	1E10	1E-30	1E-10	1E10	1E-30	1E-10	1E10	1E-30	1E-10	1E10	1E-30	1E-10	1E10	1E-30	1E-10	1E10	1E-30	1E-10	1E10	1E-30	1E-10	2	-5	5
88	1.2E-10	1E10	1E10	1E-30	1.22216453600135E-11	1E10	1E-30	1E10	0.135915299382811	1E-30	1.34205329658207E-10	5.28699822803773	2.52855846408233E-09	6.18595551235113E-12	0.365823581575026	2.10254126079984E-10	3.0215734112017E-11	1.54559262552302	8.23112572541381E-13	4.79035255042621E-10	825.217846046833	1E10	1E-30	1E-10	1E10	1E-30	1E-10	1E10	1E-30	1E-10	1E10	1E-30	1E-10	1E10	1E-30	1E-10	1E10	1E-30	1E-10	1E10	1E-30	1E-10	1E10	1E-30	1E-10	1E10	1E-30	1E-10	1E10	1E-30	1E-10	1E10	1E-30	1E-10	2	-5	5
89	1.5E-10	1E10	1E10	1E-30	1.86852694716302E-10	1E10	1E-30	1E10	9.34491871181833E-02	4.5220710801514E-10	1.98508900490193E-11	0.969818495206863	1.13352707873212E-10	2.46345493584086E-11	1.74591465563436	1.2175927039889E-11	3.85251613583902E-11	2.18371943767987	1.09315430336573E-12	2.07185149339169E-10	1E5	1E10	1E-30	1E-10	1E10	1E-30	1E-10	1E10	1E-30	1E-10	1E10	1E-30	1E-10	1E10	1E-30	1E-10	1E10	1E-30	1E-10	1E10	1E-30	1E-10	1E10	1E-30	1E-10	1E10	1E-30	1E-10	1E10	1E-30	1E-10	1E10	1E-30	1E-10	2	-5	5
90	1.5E-10	1E10	1E10	1E-30	6.50560744715412E-11	1E10	1E-30	1E10	9.17668199337888E-02	9.38754133505375E-10	9.77378822890509E-12	0.676934178288423	1.35972327837417E-10	2.23624778818826E-11	2.41071519277037	7.47511045267324E-13	4.49936787888897E-10	168.444751447229	1E10	1E-30	1E-10	1E10	1E-30	1E-10	1E10	1E-30	1E-10	1E10	1E-30	1E-10	1E10	1E-30	1E-10	1E10	1E-30	1E-10	1E10	1E-30	1E-10	1E10	1E-30	1E-10	1E10	1E-30	1E-10	1E10	1E-30	1E-10	1E10	1E-30	1E-10	1E10	1E-30	1E-10	2	-1	1
91	1.5E-10	1E10	1E10	1E-30	6.50560744715412E-11	1E10	1E-30	1E10	9.17668199337888E-02	9.38754133505375E-10	9.77378822890509E-12	0.676934178288423	1.35972327837417E-10	2.23624778818826E-11	2.41071519277037	7.47511045267324E-13	4.49936787888897E-10	168.444751447229	1E10	1E-30	1E-10	1E10	1E-30	1E-10	1E10	1E-30	1E-10	1E10	1E-30	1E-10	1E10	1E-30	1E-10	1E10	1E-30	1E-10	1E10	1E-30	1E-10	1E10	1E-30	1E-10	1E10	1E-30	1E-10	1E10	1E-30	1E-10	1E10	1E-30	1E-10	1E10	1E-30	1E-10	2	-2	2
92	1.5E-10	1E10	1E10	1E-30	6.50560744715412E-11	1E10	1E-30	1E10	9.17668199337888E-02	9.38754133505375E-10	9.77378822890509E-12	0.676934178288423	1.35972327837417E-10	2.23624778818826E-11	2.41071519277037	7.47511045267324E-13	4.49936787888897E-10	168.444751447229	1E10	1E-30	1E-10	1E10	1E-30	1E-10	1E10	1E-30	1E-10	1E10	1E-30	1E-10	1E10	1E-30	1E-10	1E10	1E-30	1E-10	1E10	1E-30	1E-10	1E10	1E-30	1E-10	1E10	1E-30	1E-10	1E10	1E-30	1E-10	1E10	1E-30	1E-10	1E10	1E-30	1E-10	2	-5	5
93	1.5E-10	1E10	1E10	1E-30	2.07571104226165E-10	1E10	1E-30	1E10	0.104218356312125	9.33278239160026E-09	1E10	33.2213099273628	9.70170545670681E-10	1.04163872683659E-11	0.457259985339779	8.98521963442552E-11	3.52991533736751E-11	1.94885712156994	3.71535425895829E-11	1.89600794123921E-11	1.58483263059008	1.07246940953052E-12	3.21821921747934E-10	161.736815569207	1E10	1E-30	1E-10	1E10	1E-30	1E-10	1E10	1E-30	1E-10	1E10	1E-30	1E-10	1E10	1E-30	1E-10	1E10	1E-30	1E-10	1E10	1E-30	1E-10	1E10	1E-30	1E-10	1E10	1E-30	1E-10	1E10	1E-30	1E-10	2	-1	1
94	1.5E-10	1E10	1E10	1E-30	2.07571104226165E-10	1E10	1E-30	1E10	0.104218356312125	9.33278239160026E-09	1E10	33.2213099273628	9.70170545670681E-10	1.04163872683659E-11	0.457259985339779	8.98521963442552E-11	3.52991533736751E-11	1.94885712156994	3.71535425895829E-11	1.89600794123921E-11	1.58483263059008	1.07246940953052E-12	3.21821921747934E-10	161.736815569207	1E10	1E-30	1E-10	1E10	1E-30	1E-10	1E10	1E-30	1E-10	1E10	1E-30	1E-10	1E10	1E-30	1E-10	1E10	1E-30	1E-10	1E10	1E-30	1E-10	1E10	1E-30	1E-10	1E10	1E-30	1E-10	1E10	1E-30	1E-10	2	-2	2
95	1.5E-10	1E10	1E10	1E-30	2.07571104226165E-10	1E10	1E-30	1E10	0.104218356312125	9.33278239160026E-09	1E10	33.2213099273628	9.70170545670681E-10	1.04163872683659E-11	0.457259985339779	8.98521963442552E-11	3.52991533736751E-11	1.94885712156994	3.71535425895829E-11	1.89600794123921E-11	1.58483263059008	1.07246940953052E-12	3.21821921747934E-10	161.736815569207	1E10	1E-30	1E-10	1E10	1E-30	1E-10	1E10	1E-30	1E-10	1E10	1E-30	1E-10	1E10	1E-30	1E-10	1E10	1E-30	1E-10	1E10	1E-30	1E-10	1E10	1E-30	1E-10	1E10	1E-30	1E-10	1E10	1E-30	1E-10	2	-5	5
96	1.5E-10	1E10	1E10	1E-30	1.23034440915678E-11	1E10	1E-30	1E10	0.107204082706784	1E-30	1.20894345248021E-10	4.76261405365865	1.75346784994437E-09	1.20332235376343E-11	0.558640771199351	2.60270219658328E-10	3.66680061765452E-11	1.74855429559969	8.80004074811219E-13	4.58502838964042E-10	444.163803647337	1E10	1E-30	1E-10	1E10	1E-30	1E-10	1E10	1E-30	1E-10	1E10	1E-30	1E-10	1E10	1E-30	1E-10	1E10	1E-30	1E-10	1E10	1E-30	1E-10	1E10	1E-30	1E-10	1E10	1E-30	1E-10	1E10	1E-30	1E-10	1E10	1E-30	1E-10	2	-5	5
97	1.8E-10	1E10	1E10	1E-30	8.44782380593109E-11	1E10	1E-30	1E10	9.24977500878483E-02	1E-30	9.2471769731914E-11	13.3842737203817	7.21482731410793E-10	1.41758299287708E-11	0.674655918345358	1.49213178628437E-10	2.11822007312669E-11	1.31330700309182	1.7095245766894E-12	2.75392286672978E-10	315.486132150304	1E10	1E-30	1E-10	1E10	1E-30	1E-10	1E10	1E-30	1E-10	1E10	1E-30	1E-10	1E10	1E-30	1E-10	1E10	1E-30	1E-10	1E10	1E-30	1E-10	1E10	1E-30	1E-10	1E10	1E-30	1E-10	1E10	1E-30	1E-10	1E10	1E-30	1E-10	2	-5	5
98	1.8E-10	1E10	1E10	1E-30	2.61821938991572E-11	1E10	1E-30	1E10	8.78140827570686E-02	1.02907258389717E-09	1.22033578056262E-11	0.865815383647251	1.53714699932609E-10	2.76016741319867E-11	2.09017956903839	7.44992455667977E-13	4.52547506461089E-10	209.812215257786	1E10	1E-30	1E-10	1E10	1E-30	1E-10	1E10	1E-30	1E-10	1E10	1E-30	1E-10	1E10	1E-30	1E-10	1E10	1E-30	1E-10	1E10	1E-30	1E-10	1E10	1E-30	1E-10	1E10	1E-30	1E-10	1E10	1E-30	1E-10	1E10	1E-30	1E-10	1E10	1E-30	1E-10	2	-1	1
99	1.8E-10	1E10	1E10	1E-30	2.61821938991572E-11	1E10	1E-30	1E10	8.78140827570686E-02	1.02907258389717E-09	1.22033578056262E-11	0.865815383647251	1.53714699932609E-10	2.76016741319867E-11	2.09017956903839	7.44992455667977E-13	4.52547506461089E-10	209.812215257786	1E10	1E-30	1E-10	1E10	1E-30	1E-10	1E10	1E-30	1E-10	1E10	1E-30	1E-10	1E10	1E-30	1E-10	1E10	1E-30	1E-10	1E10	1E-30	1E-10	1E10	1E-30	1E-10	1E10	1E-30	1E-10	1E10	1E-30	1E-10	1E10	1E-30	1E-10	1E10	1E-30	1E-10	2	-2	2
100	1.8E-10	1E10	1E10	1E-30	2.61821938991572E-11	1E10	1E-30	1E10	8.78140827570686E-02	1.02907258389717E-09	1.22033578056262E-11	0.865815383647251	1.53714699932609E-10	2.76016741319867E-11	2.09017956903839	7.44992455667977E-13	4.52547506461089E-10	209.812215257786	1E10	1E-30	1E-10	1E10	1E-30	1E-10	1E10	1E-30	1E-10	1E10	1E-30	1E-10	1E10	1E-30	1E-10	1E10	1E-30	1E-10	1E10	1E-30	1E-10	1E10	1E-30	1E-10	1E10	1E-30	1E-10	1E10	1E-30	1E-10	1E10	1E-30	1E-10	1E10	1E-30	1E-10	2	-5	5
101	1.8E-10	1E10	1E10	1E-30	1.56833961111643E-10	1E10	1E-30	1E10	9.34693931198776E-02	2.1822369665042E-07	1E10	6.80026730335456E-02	1.27753443037975E-09	1.07185536621471E-11	0.483087331632362	1.36587381831564E-10	3.39365024920352E-11	1.71393545524435	8.86030381954839E-11	1.30926013818019E-11	0.858795655890296	2.46041827697452E-12	1.38240235153027E-10	37.3330608349711	1.24694403888207E-12	2.24936654542249E-10	315.708772322903	1E10	1E-30	1E-10	1E10	1E-30	1E-10	1E10	1E-30	1E-10	1E10	1E-30	1E-10	1E10	1E-30	1E-10	1E10	1E-30	1E-10	1E10	1E-30	1E-10	1E10	1E-30	1E-10	1E10	1E-30	1E-10	2	-1	1
102	1.8E-10	1E10	1E10	1E-30	1.56833961111643E-10	1E10	1E-30	1E10	9.34693931198776E-02	2.1822369665042E-07	1E10	6.80026730335456E-02	1.27753443037975E-09	1.07185536621471E-11	0.483087331632362	1.36587381831564E-10	3.39365024920352E-11	1.71393545524435	8.86030381954839E-11	1.30926013818019E-11	0.858795655890296	2.46041827697452E-12	1.38240235153027E-10	37.3330608349711	1.24694403888207E-12	2.24936654542249E-10	315.708772322903	1E10	1E-30	1E-10	1E10	1E-30	1E-10	1E10	1E-30	1E-10	1E10	1E-30	1E-10	1E10	1E-30	1E-10	1E10	1E-30	1E-10	1E10	1E-30	1E-10	1E10	1E-30	1E-10	1E10	1E-30	1E-10	2	-2	2
103	1.8E-10	1E10	1E10	1E-30	1.56833961111643E-10	1E10	1E-30	1E10	9.34693931198776E-02	2.1822369665042E-07	1E10	6.80026730335456E-02	1.27753443037975E-09	1.07185536621471E-11	0.483087331632362	1.36587381831564E-10	3.39365024920352E-11	1.71393545524435	8.86030381954839E-11	1.30926013818019E-11	0.858795655890296	2.46041827697452E-12	1.38240235153027E-10	37.3330608349711	1.24694403888207E-12	2.24936654542249E-10	315.708772322903	1E10	1E-30	1E-10	1E10	1E-30	1E-10	1E10	1E-30	1E-10	1E10	1E-30	1E-10	1E10	1E-30	1E-10	1E10	1E-30	1E-10	1E10	1E-30	1E-10	1E10	1E-30	1E-10	1E10	1E-30	1E-10	2	-5	5
104	1.8E-10	1E10	1E10	1E-30	9.74293380886808E-12	1E10	1E-30	1E10	0.117904858308555	1E-30	1.49743369677447E-10	4.79498224617586	4.34256787756781E-09	5.19720122159479E-12	0.218299198558	3.2596266293652E-10	2.73239773931148E-11	1.08165077539349	9.72345593988204E-13	5.10512125327825E-10	879.441986803947	1E10	1E-30	1E-10	1E10	1E-30	1E-10	1E10	1E-30	1E-10	1E10	1E-30	1E-10	1E10	1E-30	1E-10	1E10	1E-30	1E-10	1E10	1E-30	1E-10	1E10	1E-30	1E-10	1E10	1E-30	1E-10	1E10	1E-30	1E-10	1E10	1E-30	1E-10	2	-5	5
105	2.2E-10	1E10	1E10	1E-30	2.78873838257643E-11	1E10	1E-30	1E10	7.72007080886243E-02	5.84391163454925E-10	2.44632086402586E-11	0.898757822994773	1.7055388965888E-10	2.79099124715132E-11	1.58688219345221	3.45271532116175E-10	5.94569592739465E-12	0.376770751713841	7.61635615741297E-11	1.40252424249404E-11	1.0972998059602	2.81057835569273E-11	1.64238276452955E-11	2.01578650540989	5.26422843122819E-13	3.46111117753053E-10	1E5	1E10	1E-30	1E-10	1E10	1E-30	1E-10	1E10	1E-30	1E-10	1E10	1E-30	1E-10	1E10	1E-30	1E-10	1E10	1E-30	1E-10	1E10	1E-30	1E-10	1E10	1E-30	1E-10	1E10	1E-30	1E-10	2	-5	5
106	2.2E-10	1E10	1E10	1E-30	1.38245690238487E-10	1E10	1E-30	1E10	0.079484681301207	1.05867162520997E-09	1.65052747056076E-11	0.93687027653326	2.18002290775553E-10	2.88239250250985E-11	1.99635517578125	1.04555248972242E-09	2.91089636192751E-12	0.270820793476084	4.85036443757065E-10	3.45185992605925E-12	0.425073061112056	1.01238340023552E-12	3.14850933092045E-10	83.2081323015544	1E10	1E-30	1E-10	1E10	1E-30	1E-10	1E10	1E-30	1E-10	1E10	1E-30	1E-10	1E10	1E-30	1E-10	1E10	1E-30	1E-10	1E10	1E-30	1E-10	1E10	1E-30	1E-10	1E10	1E-30	1E-10	1E10	1E-30	1E-10	2	-1	1
107	2.2E-10	1E10	1E10	1E-30	1.38245690238487E-10	1E10	1E-30	1E10	0.079484681301207	1.05867162520997E-09	1.65052747056076E-11	0.93687027653326	2.18002290775553E-10	2.88239250250985E-11	1.99635517578125	1.04555248972242E-09	2.91089636192751E-12	0.270820793476084	4.85036443757065E-10	3.45185992605925E-12	0.425073061112056	1.01238340023552E-12	3.14850933092045E-10	83.2081323015544	1E10	1E-30	1E-10	1E10	1E-30	1E-10	1E10	1E-30	1E-10	1E10	1E-30	1E-10	1E10	1E-30	1E-10	1E10	1E-30	1E-10	1E10	1E-30	1E-10	1E10	1E-30	1E-10	1E10	1E-30	1E-10	1E10	1E-30	1E-10	2	-2	2
108	2.2E-10	1E10	1E10	1E-30	1.38245690238487E-10	1E10	1E-30	1E10	0.079484681301207	1.05867162520997E-09	1.65052747056076E-11	0.93687027653326	2.18002290775553E-10	2.88239250250985E-11	1.99635517578125	1.04555248972242E-09	2.91089636192751E-12	0.270820793476084	4.85036443757065E-10	3.45185992605925E-12	0.425073061112056	1.01238340023552E-12	3.14850933092045E-10	83.2081323015544	1E10	1E-30	1E-10	1E10	1E-30	1E-10	1E10	1E-30	1E-10	1E10	1E-30	1E-10	1E10	1E-30	1E-10	1E10	1E-30	1E-10	1E10	1E-30	1E-10	1E10	1E-30	1E-10	1E10	1E-30	1E-10	1E10	1E-30	1E-10	2	-5	5
109	2.2E-10	1E10	1E10	1E-30	1.60603613182327E-10	1E10	1E-30	1E10	1.20993773457412E-02	9.95696037744679E-09	1E10	9403.75083984703	1E-30	1.01751331147827E-10	7.68500978141071E-02	2.88419265932822E-07	1.71121427966733E-11	1.11776570456331E-02	1.54741843034446E-09	1.24297283366733E-11	0.522036068289421	1.96431786141478E-10	3.48167413111359E-11	1.46242824715361	9.39642092196327E-11	1.89498872427101E-11	0.811965784238719	8.8755485036287E-13	3.30063664249149E-10	144.249087182342	1E10	1E-30	1E-10	1E10	1E-30	1E-10	1E10	1E-30	1E-10	1E10	1E-30	1E-10	1E10	1E-30	1E-10	1E10	1E-30	1E-10	1E10	1E-30	1E-10	1E10	1E-30	1E-10	2	-1	1
110	2.2E-10	1E10	1E10	1E-30	1.60603613182327E-10	1E10	1E-30	1E10	1.20993773457412E-02	9.95696037744679E-09	1E10	9403.75083984703	1E-30	1.01751331147827E-10	7.68500978141071E-02	2.88419265932822E-07	1.71121427966733E-11	1.11776570456331E-02	1.54741843034446E-09	1.24297283366733E-11	0.522036068289421	1.96431786141478E-10	3.48167413111359E-11	1.46242824715361	9.39642092196327E-11	1.89498872427101E-11	0.811965784238719	8.8755485036287E-13	3.30063664249149E-10	144.249087182342	1E10	1E-30	1E-10	1E10	1E-30	1E-10	1E10	1E-30	1E-10	1E10	1E-30	1E-10	1E10	1E-30	1E-10	1E10	1E-30	1E-10	1E10	1E-30	1E-10	1E10	1E-30	1E-10	2	-2	2
111	2.2E-10	1E10	1E10	1E-30	1.60603613182327E-10	1E10	1E-30	1E10	1.20993773457412E-02	9.95696037744679E-09	1E10	9403.75083984703	1E-30	1.01751331147827E-10	7.68500978141071E-02	2.88419265932822E-07	1.71121427966733E-11	1.11776570456331E-02	1.54741843034446E-09	1.24297283366733E-11	0.522036068289421	1.96431786141478E-10	3.48167413111359E-11	1.46242824715361	9.39642092196327E-11	1.89498872427101E-11	0.811965784238719	8.8755485036287E-13	3.30063664249149E-10	144.249087182342	1E10	1E-30	1E-10	1E10	1E-30	1E-10	1E10	1E-30	1E-10	1E10	1E-30	1E-10	1E10	1E-30	1E-10	1E10	1E-30	1E-10	1E10	1E-30	1E-10	1E10	1E-30	1E-10	2	-5	5
112	2.2E-10	1E10	1E10	1E-30	5.19568329278078E-12	1E10	1E-30	1E10	0.104580342221489	1E-30	9.5473293617697E-11	1.81653932773193	3.97467517167622E-09	7.56617150143566E-12	0.224390367331026	3.62393995084423E-10	3.59034605447001E-11	1.15660672115205	8.44415131968179E-13	5.26789755299894E-10	326.424236952275	1E10	1E-30	1E-10	1E10	1E-30	1E-10	1E10	1E-30	1E-10	1E10	1E-30	1E-10	1E10	1E-30	1E-10	1E10	1E-30	1E-10	1E10	1E-30	1E-10	1E10	1E-30	1E-10	1E10	1E-30	1E-10	1E10	1E-30	1E-10	1E10	1E-30	1E-10	2	-5	5
113	2.7E-10	1E10	1E10	1E-30	5.08048722235518E-11	1E10	1E-30	1E10	6.89611199784806E-02	1E-30	5.68931921785674E-11	1.90223433916436	1.03940686985218E-09	1.97886891085125E-11	0.993914497864506	3.04154304512814E-10	2.35422825564891E-11	1.3064711814886	1.29228558107387E-12	3.01572955403384E-10	339.376990291474	1E10	1E-30	1E-10	1E10	1E-30	1E-10	1E10	1E-30	1E-10	1E10	1E-30	1E-10	1E10	1E-30	1E-10	1E10	1E-30	1E-10	1E10	1E-30	1E-10	1E10	1E-30	1E-10	1E10	1E-30	1E-10	1E10	1E-30	1E-10	1E10	1E-30	1E-10	2	-5	5
114	2.7E-10	1E10	1E10	1E-30	1.34970484087083E-10	1E10	1E-30	1E10	6.56753578377097E-02	1.01586789956532E-09	2.38226755363578E-11	1.24370022452269	2.65850676607907E-10	3.43536719766906E-11	2.08288384420455	1.22727450062826E-09	3.44804490314674E-12	0.28096130063102	2.53635762748773E-10	1.01051629472099E-11	0.883770215435867	1.20980979925593E-12	2.575628894554E-10	59.871272395716	1E10	1E-30	1E-10	1E10	1E-30	1E-10	1E10	1E-30	1E-10	1E10	1E-30	1E-10	1E10	1E-30	1E-10	1E10	1E-30	1E-10	1E10	1E-30	1E-10	1E10	1E-30	1E-10	1E10	1E-30	1E-10	1E10	1E-30	1E-10	2	-1	1
115	2.7E-10	1E10	1E10	1E-30	1.34970484087083E-10	1E10	1E-30	1E10	6.56753578377097E-02	1.01586789956532E-09	2.38226755363578E-11	1.24370022452269	2.65850676607907E-10	3.43536719766906E-11	2.08288384420455	1.22727450062826E-09	3.44804490314674E-12	0.28096130063102	2.53635762748773E-10	1.01051629472099E-11	0.883770215435867	1.20980979925593E-12	2.575628894554E-10	59.871272395716	1E10	1E-30	1E-10	1E10	1E-30	1E-10	1E10	1E-30	1E-10	1E10	1E-30	1E-10	1E10	1E-30	1E-10	1E10	1E-30	1E-10	1E10	1E-30	1E-10	1E10	1E-30	1E-10	1E10	1E-30	1E-10	1E10	1E-30	1E-10	2	-2	2
116	2.7E-10	1E10	1E10	1E-30	1.34970484087083E-10	1E10	1E-30	1E10	6.56753578377097E-02	1.01586789956532E-09	2.38226755363578E-11	1.24370022452269	2.65850676607907E-10	3.43536719766906E-11	2.08288384420455	1.22727450062826E-09	3.44804490314674E-12	0.28096130063102	2.53635762748773E-10	1.01051629472099E-11	0.883770215435867	1.20980979925593E-12	2.575628894554E-10	59.871272395716	1E10	1E-30	1E-10	1E10	1E-30	1E-10	1E10	1E-30	1E-10	1E10	1E-30	1E-10	1E10	1E-30	1E-10	1E10	1E-30	1E-10	1E10	1E-30	1E-10	1E10	1E-30	1E-10	1E10	1E-30	1E-10	1E10	1E-30	1E-10	2	-5	5
117	2.7E-10	1E10	1E10	1E-30	4.81702317504909E-11	1E10	1E-30	1E10	5.28151196517016E-03	6.00581796702822E-09	1E10	592.728387921019	1E-30	5.93215223128147E-11	7.02562015576233E-02	9.96583382772038E-08	3.47628843144517E-11	1.73724634321917E-02	1.44241733550104E-09	1.75483853219197E-11	0.88350556426446	2.62793341393605E-10	3.6236081760011E-11	1.91171855810938	1.04718387582358E-10	2.42900961819455E-11	0.740582939912315	8.40764021947225E-13	4.00223382850845E-10	213.980038769857	1E10	1E-30	1E-10	1E10	1E-30	1E-10	1E10	1E-30	1E-10	1E10	1E-30	1E-10	1E10	1E-30	1E-10	1E10	1E-30	1E-10	1E10	1E-30	1E-10	1E10	1E-30	1E-10	2	-1	1
118	2.7E-10	1E10	1E10	1E-30	4.81702317504909E-11	1E10	1E-30	1E10	5.28151196517016E-03	6.00581796702822E-09	1E10	592.728387921019	1E-30	5.93215223128147E-11	7.02562015576233E-02	9.96583382772038E-08	3.47628843144517E-11	1.73724634321917E-02	1.44241733550104E-09	1.75483853219197E-11	0.88350556426446	2.62793341393605E-10	3.6236081760011E-11	1.91171855810938	1.04718387582358E-10	2.42900961819455E-11	0.740582939912315	8.40764021947225E-13	4.00223382850845E-10	213.980038769857	1E10	1E-30	1E-10	1E10	1E-30	1E-10	1E10	1E-30	1E-10	1E10	1E-30	1E-10	1E10	1E-30	1E-10	1E10	1E-30	1E-10	1E10	1E-30	1E-10	1E10	1E-30	1E-10	2	-2	2
119	2.7E-10	1E10	1E10	1E-30	4.81702317504909E-11	1E10	1E-30	1E10	5.28151196517016E-03	6.00581796702822E-09	1E10	592.728387921019	1E-30	5.93215223128147E-11	7.02562015576233E-02	9.96583382772038E-08	3.47628843144517E-11	1.73724634321917E-02	1.44241733550104E-09	1.75483853219197E-11	0.88350556426446	2.62793341393605E-10	3.6236081760011E-11	1.91171855810938	1.04718387582358E-10	2.42900961819455E-11	0.740582939912315	8.40764021947225E-13	4.00223382850845E-10	213.980038769857	1E10	1E-30	1E-10	1E10	1E-30	1E-10	1E10	1E-30	1E-10	1E10	1E-30	1E-10	1E10	1E-30	1E-10	1E10	1E-30	1E-10	1E10	1E-30	1E-10	1E10	1E-30	1E-10	2	-5	5
120	2.7E-10	1E10	1E10	1E-30	1.17605098590287E-12	1E10	1E-30	1E10	9.79657033140652E-02	1E-30	1.20417865892909E-10	4.60688525346411	2.59963203539963E-09	1.50162220131725E-11	0.390119284048622	4.02806774962819E-10	4.23146238289869E-11	1.25603573250295	1.00301412201742E-12	4.64294384785687E-10	719.474558899315	1E10	1E-30	1E-10	1E10	1E-30	1E-10	1E10	1E-30	1E-10	1E10	1E-30	1E-10	1E10	1E-30	1E-10	1E10	1E-30	1E-10	1E10	1E-30	1E-10	1E10	1E-30	1E-10	1E10	1E-30	1E-10	1E10	1E-30	1E-10	1E10	1E-30	1E-10	2	-5	5
121	3.3E-10	1E10	1E10	1E-30	1.31240410809707E-10	1E10	1E-30	1E10	7.44303636445688E-02	1E-30	9.16484765125297E-12	2.81498204793689E-02	7.76751997445672E-10	1.54467090682854E-11	0.265681865437648	1.01690418564091E-10	2.86474963256217E-11	0.881109733706512	3.27173933833824E-10	3.00887441277991E-12	0.567473874518233	7.37505663851185E-12	4.30073438308047E-11	8.97479993336415	8.08402556387835E-13	3.21222743864156E-10	1E5	1E10	1E-30	1E-10	1E10	1E-30	1E-10	1E10	1E-30	1E-10	1E10	1E-30	1E-10	1E10	1E-30	1E-10	1E10	1E-30	1E-10	1E10	1E-30	1E-10	1E10	1E-30	1E-10	1E10	1E-30	1E-10	2	-5	5
122	3.3E-10	1E10	1E10	1E-30	1.31240410809707E-10	1E10	1E-30	1E10	7.44303636445688E-02	1E-30	9.16484765125297E-12	2.81498204793689E-02	7.76751997445672E-10	1.54467090682854E-11	0.265681865437648	1.01690418564091E-10	2.86474963256217E-11	0.881109733706512	3.27173933833824E-10	3.00887441277991E-12	0.567473874518233	7.37505663851185E-12	4.30073438308047E-11	8.97479993336415	8.08402556387835E-13	3.21222743864156E-10	1E5	1E10	1E-30	1E-10	1E10	1E-30	1E-10	1E10	1E-30	1E-10	1E10	1E-30	1E-10	1E10	1E-30	1E-10	1E10	1E-30	1E-10	1E10	1E-30	1E-10	1E10	1E-30	1E-10	1E10	1E-30	1E-10	2	-5	5
123	3.3E-10	1E10	1E10	1E-30	1.47588470676074E-10	1E10	1E-30	1E10	6.35090927731784E-02	1.20152291376209E-09	2.59911574062637E-11	1.541315687229	3.37076039014756E-10	3.77379567631185E-11	2.10305429902535	1.2766516743466E-09	4.72019828151082E-12	0.399558868671264	2.43114290339858E-10	1.44937330258354E-11	1.02920027791638	1.35189466667974E-12	2.14412931075153E-10	54.6112543602505	1E10	1E-30	1E-10	1E10	1E-30	1E-10	1E10	1E-30	1E-10	1E10	1E-30	1E-10	1E10	1E-30	1E-10	1E10	1E-30	1E-10	1E10	1E-30	1E-10	1E10	1E-30	1E-10	1E10	1E-30	1E-10	1E10	1E-30	1E-10	2	-1	1
124	3.3E-10	1E10	1E10	1E-30	1.47588470676074E-10	1E10	1E-30	1E10	6.35090927731784E-02	1.20152291376209E-09	2.59911574062637E-11	1.541315687229	3.37076039014756E-10	3.77379567631185E-11	2.10305429902535	1.2766516743466E-09	4.72019828151082E-12	0.399558868671264	2.43114290339858E-10	1.44937330258354E-11	1.02920027791638	1.35189466667974E-12	2.14412931075153E-10	54.6112543602505	1E10	1E-30	1E-10	1E10	1E-30	1E-10	1E10	1E-30	1E-10	1E10	1E-30	1E-10	1E10	1E-30	1E-10	1E10	1E-30	1E-10	1E10	1E-30	1E-10	1E10	1E-30	1E-10	1E10	1E-30	1E-10	1E10	1E-30	1E-10	2	-2	2
125	3.3E-10	1E10	1E10	1E-30	1.47588470676074E-10	1E10	1E-30	1E10	6.35090927731784E-02	1.20152291376209E-09	2.59911574062637E-11	1.541315687229	3.37076039014756E-10	3.77379567631185E-11	2.10305429902535	1.2766516743466E-09	4.72019828151082E-12	0.399558868671264	2.43114290339858E-10	1.44937330258354E-11	1.02920027791638	1.35189466667974E-12	2.14412931075153E-10	54.6112543602505	1E10	1E-30	1E-10	1E10	1E-30	1E-10	1E10	1E-30	1E-10	1E10	1E-30	1E-10	1E10	1E-30	1E-10	1E10	1E-30	1E-10	1E10	1E-30	1E-10	1E10	1E-30	1E-10	1E10	1E-30	1E-10	1E10	1E-30	1E-10	2	-5	5
126	3.3E-10	1E10	1E10	1E-30	1.41498348383128E-10	1E10	1E-30	1E10	5.23418622767871E-03	3.697355321149E-08	1E10	10.3166026467557	1E-30	6.68803928761175E-11	0.066580657282004	1.31126718166992E-07	3.85567267844059E-11	1.76094227264849E-02	2.90846414309753E-09	8.91815660042852E-12	0.30399230051139	3.19478006830125E-10	2.75581486880133E-11	0.915877338331322	2.63159100615139E-11	3.74809810899069E-11	0.766033765735904	7.75735509836197E-13	3.77641093411765E-10	504.69011497247	1E10	1E-30	1E-10	1E10	1E-30	1E-10	1E10	1E-30	1E-10	1E10	1E-30	1E-10	1E10	1E-30	1E-10	1E10	1E-30	1E-10	1E10	1E-30	1E-10	1E10	1E-30	1E-10	2	-1	1
127	3.3E-10	1E10	1E10	1E-30	1.41498348383128E-10	1E10	1E-30	1E10	5.23418622767871E-03	3.697355321149E-08	1E10	10.3166026467557	1E-30	6.68803928761175E-11	0.066580657282004	1.31126718166992E-07	3.85567267844059E-11	1.76094227264849E-02	2.90846414309753E-09	8.91815660042852E-12	0.30399230051139	3.19478006830125E-10	2.75581486880133E-11	0.915877338331322	2.63159100615139E-11	3.74809810899069E-11	0.766033765735904	7.75735509836197E-13	3.77641093411765E-10	504.69011497247	1E10	1E-30	1E-10	1E10	1E-30	1E-10	1E10	1E-30	1E-10	1E10	1E-30	1E-10	1E10	1E-30	1E-10	1E10	1E-30	1E-10	1E10	1E-30	1E-10	1E10	1E-30	1E-10	2	-2	2
128	3.3E-10	1E10	1E10	1E-30	1.41498348383128E-10	1E10	1E-30	1E10	5.23418622767871E-03	3.697355321149E-08	1E10	10.3166026467557	1E-30	6.68803928761175E-11	0.066580657282004	1.31126718166992E-07	3.85567267844059E-11	1.76094227264849E-02	2.90846414309753E-09	8.91815660042852E-12	0.30399230051139	3.19478006830125E-10	2.75581486880133E-11	0.915877338331322	2.63159100615139E-11	3.74809810899069E-11	0.766033765735904	7.75735509836197E-13	3.77641093411765E-10	504.69011497247	1E10	1E-30	1E-10	1E10	1E-30	1E-10	1E10	1E-30	1E-10	1E10	1E-30	1E-10	1E10	1E-30	1E-10	1E10	1E-30	1E-10	1E10	1E-30	1E-10	1E10	1E-30	1E-10	2	-5	5
129	3.3E-10	1E10	1E10	1E-30	6.17195289197866E-12	1E10	1E-30	1E10	8.73523943863712E-02	1E-30	1.07778729103565E-10	1.37617069255722	1.28217043662534E-08	3.47742832414148E-12	0.111690244312894	7.09022623964499E-10	2.52691096293133E-11	0.713635990804743	7.31052605490708E-13	6.09178809942846E-10	858.373237198524	1E10	1E-30	1E-10	1E10	1E-30	1E-10	1E10	1E-30	1E-10	1E10	1E-30	1E-10	1E10	1E-30	1E-10	1E10	1E-30	1E-10	1E10	1E-30	1E-10	1E10	1E-30	1E-10	1E10	1E-30	1E-10	1E10	1E-30	1E-10	1E10	1E-30	1E-10	2	-5	5
130	3.9E-10	1E10	1E10	1E-30	1.23026877081238E-10	1E10	1E-30	1E10	5.29380645294923E-02	1E-30	3.18733901313528E-11	0.76815786365029	1E-30	2.0512319362435E-11	3.64459268607231E-02	1.60851298615905E-09	1.07460715649247E-11	0.216580351554559	3.52504145027289E-10	1.37992867789326E-11	0.52877487440699	1.46168497756122E-12	3.22771719547464E-10	346.736850452532	1E10	1E-30	1E-10	1E10	1E-30	1E-10	1E10	1E-30	1E-10	1E10	1E-30	1E-10	1E10	1E-30	1E-10	1E10	1E-30	1E-10	1E10	1E-30	1E-10	1E10	1E-30	1E-10	1E10	1E-30	1E-10	1E10	1E-30	1E-10	2	-5	5
131	3.9E-10	1E10	1E10	1E-30	1.18073979265486E-10	1E10	1E-30	1E10	4.49169178915894E-03	1.28624743170932E-08	1E10	91.6438597299839	1E-30	6.37914064805683E-11	7.52529205620165E-02	7.99241059495721E-08	5.21136698966728E-11	2.02160945794115E-02	2.84430838523762E-09	1.11778952191891E-11	0.378487172407712	3.4047449733677E-10	3.29746296404837E-11	1.07692544716634	2.07339382704175E-10	1.28672760485876E-11	0.38058529931552	8.68936814101509E-13	4.04483320145276E-10	123.895470283307	1E10	1E-30	1E-10	1E10	1E-30	1E-10	1E10	1E-30	1E-10	1E10	1E-30	1E-10	1E10	1E-30	1E-10	1E10	1E-30	1E-10	1E10	1E-30	1E-10	1E10	1E-30	1E-10	2	-1	1
132	3.9E-10	1E10	1E10	1E-30	1.18073979265486E-10	1E10	1E-30	1E10	4.49169178915894E-03	1.28624743170932E-08	1E10	91.6438597299839	1E-30	6.37914064805683E-11	7.52529205620165E-02	7.99241059495721E-08	5.21136698966728E-11	2.02160945794115E-02	2.84430838523762E-09	1.11778952191891E-11	0.378487172407712	3.4047449733677E-10	3.29746296404837E-11	1.07692544716634	2.07339382704175E-10	1.28672760485876E-11	0.38058529931552	8.68936814101509E-13	4.04483320145276E-10	123.895470283307	1E10	1E-30	1E-10	1E10	1E-30	1E-10	1E10	1E-30	1E-10	1E10	1E-30	1E-10	1E10	1E-30	1E-10	1E10	1E-30	1E-10	1E10	1E-30	1E-10	1E10	1E-30	1E-10	2	-2	2
133	3.9E-10	1E10	1E10	1E-30	1.18073979265486E-10	1E10	1E-30	1E10	4.49169178915894E-03	1.28624743170932E-08	1E10	91.6438597299839	1E-30	6.37914064805683E-11	7.52529205620165E-02	7.99241059495721E-08	5.21136698966728E-11	2.02160945794115E-02	2.84430838523762E-09	1.11778952191891E-11	0.378487172407712	3.4047449733677E-10	3.29746296404837E-11	1.07692544716634	2.07339382704175E-10	1.28672760485876E-11	0.38058529931552	8.68936814101509E-13	4.04483320145276E-10	123.895470283307	1E10	1E-30	1E-10	1E10	1E-30	1E-10	1E10	1E-30	1E-10	1E10	1E-30	1E-10	1E10	1E-30	1E-10	1E10	1E-30	1E-10	1E10	1E-30	1E-10	1E10	1E-30	1E-10	2	-5	5
134	3.9E-10	1E10	1E10	1E-30	1.18073979265486E-10	1E10	1E-30	1E10	4.49169178915894E-03	1.28624743170932E-08	1E10	91.6438597299839	1E-30	6.37914064805683E-11	7.52529205620165E-02	7.99241059495721E-08	5.21136698966728E-11	2.02160945794115E-02	2.84430838523762E-09	1.11778952191891E-11	0.378487172407712	3.4047449733677E-10	3.29746296404837E-11	1.07692544716634	2.07339382704175E-10	1.28672760485876E-11	0.38058529931552	8.68936814101509E-13	4.04483320145276E-10	123.895470283307	1E10	1E-30	1E-10	1E10	1E-30	1E-10	1E10	1E-30	1E-10	1E10	1E-30	1E-10	1E10	1E-30	1E-10	1E10	1E-30	1E-10	1E10	1E-30	1E-10	1E10	1E-30	1E-10	2	-1	1
135	3.9E-10	1E10	1E10	1E-30	1.18073979265486E-10	1E10	1E-30	1E10	4.49169178915894E-03	1.28624743170932E-08	1E10	91.6438597299839	1E-30	6.37914064805683E-11	7.52529205620165E-02	7.99241059495721E-08	5.21136698966728E-11	2.02160945794115E-02	2.84430838523762E-09	1.11778952191891E-11	0.378487172407712	3.4047449733677E-10	3.29746296404837E-11	1.07692544716634	2.07339382704175E-10	1.28672760485876E-11	0.38058529931552	8.68936814101509E-13	4.04483320145276E-10	123.895470283307	1E10	1E-30	1E-10	1E10	1E-30	1E-10	1E10	1E-30	1E-10	1E10	1E-30	1E-10	1E10	1E-30	1E-10	1E10	1E-30	1E-10	1E10	1E-30	1E-10	1E10	1E-30	1E-10	2	-2	2
136	3.9E-10	1E10	1E10	1E-30	1.18073979265486E-10	1E10	1E-30	1E10	4.49169178915894E-03	1.28624743170932E-08	1E10	91.6438597299839	1E-30	6.37914064805683E-11	7.52529205620165E-02	7.99241059495721E-08	5.21136698966728E-11	2.02160945794115E-02	2.84430838523762E-09	1.11778952191891E-11	0.378487172407712	3.4047449733677E-10	3.29746296404837E-11	1.07692544716634	2.07339382704175E-10	1.28672760485876E-11	0.38058529931552	8.68936814101509E-13	4.04483320145276E-10	123.895470283307	1E10	1E-30	1E-10	1E10	1E-30	1E-10	1E10	1E-30	1E-10	1E10	1E-30	1E-10	1E10	1E-30	1E-10	1E10	1E-30	1E-10	1E10	1E-30	1E-10	1E10	1E-30	1E-10	2	-5	5
137	3.9E-10	1E10	1E10	1E-30	5.40412413465345E-12	1E10	1E-30	1E10	8.08542766495869E-02	1E-30	1.03676014565296E-10	1.59886452322317	6.59250608338259E-09	8.24877848913333E-12	0.147847899234967	6.00953168260961E-10	3.95889122293631E-11	0.781555687625915	9.20833983988723E-13	5.43483004678551E-10	951.748076346285	1E10	1E-30	1E-10	1E10	1E-30	1E-10	1E10	1E-30	1E-10	1E10	1E-30	1E-10	1E10	1E-30	1E-10	1E10	1E-30	1E-10	1E10	1E-30	1E-10	1E10	1E-30	1E-10	1E10	1E-30	1E-10	1E10	1E-30	1E-10	1E10	1E-30	1E-10	2	-5	5
138	4.7E-10	1E10	1E10	1E-30	1.81588422927853E-11	1E10	1E-30	1E10	0.06	1E-30	4.80561353280543E-11	1.43785144851026	1.37112646785997E-09	1.74472592019894E-11	0.285756492847376	2.63024934105196E-10	2.63514573046816E-11	0.611055216702792	2.12194178755088E-11	2.10473726411321E-11	2.58961015770059	5.31336202179962E-13	3.93800041542993E-10	1E5	1E10	1E-30	1E-10	1E10	1E-30	1E-10	1E10	1E-30	1E-10	1E10	1E-30	1E-10	1E10	1E-30	1E-10	1E10	1E-30	1E-10	1E10	1E-30	1E-10	1E10	1E-30	1E-10	1E10	1E-30	1E-10	1E10	1E-30	1E-10	2	-5	5
139	4.7E-10	1E10	1E10	1E-30	1.81588422927853E-11	1E10	1E-30	1E10	0.06	1E-30	4.80561353280543E-11	1.43785144851026	1.37112646785997E-09	1.74472592019894E-11	0.285756492847376	2.63024934105196E-10	2.63514573046816E-11	0.611055216702792	2.12194178755088E-11	2.10473726411321E-11	2.58961015770059	5.31336202179962E-13	3.93800041542993E-10	1E5	1E10	1E-30	1E-10	1E10	1E-30	1E-10	1E10	1E-30	1E-10	1E10	1E-30	1E-10	1E10	1E-30	1E-10	1E10	1E-30	1E-10	1E10	1E-30	1E-10	1E10	1E-30	1E-10	1E10	1E-30	1E-10	1E10	1E-30	1E-10	2	-5	5
140	4.7E-10	1E10	1E10	1E-30	9.45138132947845E-11	1E10	1E-30	1E10	3.98677108213028E-03	1.49029021123095E-07	1E10	0.950948600591531	1E-30	5.6100310650092E-11	6.72440370741636E-02	8.10011215994004E-08	5.19158916514752E-11	1.88341176292697E-02	3.0148649210303E-09	1.45014652868217E-11	0.43453695785319	4.88670438575824E-10	3.37361194801069E-11	1.14048670740858	2.38566871262904E-10	1.9280993992353E-11	0.522404706468905	2.94852730276586E-10	5.18713050083897E-12	0.252868678131854	7.58330852515959E-13	3.84541916416547E-10	297.960476231368	1E10	1E-30	1E-10	1E10	1E-30	1E-10	1E10	1E-30	1E-10	1E10	1E-30	1E-10	1E10	1E-30	1E-10	1E10	1E-30	1E-10	1E10	1E-30	1E-10	2	-1	1
141	4.7E-10	1E10	1E10	1E-30	9.45138132947845E-11	1E10	1E-30	1E10	3.98677108213028E-03	1.49029021123095E-07	1E10	0.950948600591531	1E-30	5.6100310650092E-11	6.72440370741636E-02	8.10011215994004E-08	5.19158916514752E-11	1.88341176292697E-02	3.0148649210303E-09	1.45014652868217E-11	0.43453695785319	4.88670438575824E-10	3.37361194801069E-11	1.14048670740858	2.38566871262904E-10	1.9280993992353E-11	0.522404706468905	2.94852730276586E-10	5.18713050083897E-12	0.252868678131854	7.58330852515959E-13	3.84541916416547E-10	297.960476231368	1E10	1E-30	1E-10	1E10	1E-30	1E-10	1E10	1E-30	1E-10	1E10	1E-30	1E-10	1E10	1E-30	1E-10	1E10	1E-30	1E-10	1E10	1E-30	1E-10	2	-2	2
142	4.7E-10	1E10	1E10	1E-30	9.45138132947845E-11	1E10	1E-30	1E10	3.98677108213028E-03	1.49029021123095E-07	1E10	0.950948600591531	1E-30	5.6100310650092E-11	6.72440370741636E-02	8.10011215994004E-08	5.19158916514752E-11	1.88341176292697E-02	3.0148649210303E-09	1.45014652868217E-11	0.43453695785319	4.88670438575824E-10	3.37361194801069E-11	1.14048670740858	2.38566871262904E-10	1.9280993992353E-11	0.522404706468905	2.94852730276586E-10	5.18713050083897E-12	0.252868678131854	7.58330852515959E-13	3.84541916416547E-10	297.960476231368	1E10	1E-30	1E-10	1E10	1E-30	1E-10	1E10	1E-30	1E-10	1E10	1E-30	1E-10	1E10	1E-30	1E-10	1E10	1E-30	1E-10	1E10	1E-30	1E-10	2	-5	5
143	4.7E-10	1E10	1E10	1E-30	1.94764637109718E-10	1E10	1E-30	1E10	4.27258073862227E-04	2.92433110704051E-08	1E10	21.1544310046631	1E-30	5.32306555565758E-11	1.10758050864524	1E-30	1.21638150406476E-10	5.17928664042825E-02	3.30853531965693E-09	1.38370646712296E-11	0.489280633787886	5.14946147265977E-10	3.29430667477261E-11	1.14671423314718	4.73775200492881E-10	9.51633657648782E-12	0.338325138226826	1.1424430147487E-12	2.76245204569769E-10	117.347469460025	1E10	1E-30	1E-10	1E10	1E-30	1E-10	1E10	1E-30	1E-10	1E10	1E-30	1E-10	1E10	1E-30	1E-10	1E10	1E-30	1E-10	1E10	1E-30	1E-10	1E10	1E-30	1E-10	2	-1	1
144	4.7E-10	1E10	1E10	1E-30	1.94764637109718E-10	1E10	1E-30	1E10	4.27258073862227E-04	2.92433110704051E-08	1E10	21.1544310046631	1E-30	5.32306555565758E-11	1.10758050864524	1E-30	1.21638150406476E-10	5.17928664042825E-02	3.30853531965693E-09	1.38370646712296E-11	0.489280633787886	5.14946147265977E-10	3.29430667477261E-11	1.14671423314718	4.73775200492881E-10	9.51633657648782E-12	0.338325138226826	1.1424430147487E-12	2.76245204569769E-10	117.347469460025	1E10	1E-30	1E-10	1E10	1E-30	1E-10	1E10	1E-30	1E-10	1E10	1E-30	1E-10	1E10	1E-30	1E-10	1E10	1E-30	1E-10	1E10	1E-30	1E-10	1E10	1E-30	1E-10	2	-2	2
145	4.7E-10	1E10	1E10	1E-30	1.94764637109718E-10	1E10	1E-30	1E10	4.27258073862227E-04	2.92433110704051E-08	1E10	21.1544310046631	1E-30	5.32306555565758E-11	1.10758050864524	1E-30	1.21638150406476E-10	5.17928664042825E-02	3.30853531965693E-09	1.38370646712296E-11	0.489280633787886	5.14946147265977E-10	3.29430667477261E-11	1.14671423314718	4.73775200492881E-10	9.51633657648782E-12	0.338325138226826	1.1424430147487E-12	2.76245204569769E-10	117.347469460025	1E10	1E-30	1E-10	1E10	1E-30	1E-10	1E10	1E-30	1E-10	1E10	1E-30	1E-10	1E10	1E-30	1E-10	1E10	1E-30	1E-10	1E10	1E-30	1E-10	1E10	1E-30	1E-10	2	-5	5
146	4.7E-10	1E10	1E10	1E-30	4.03635203424711E-11	1E10	1E-30	1E10	6.63448984885047E-02	1E-30	8.47043457987764E-11	1.30628838336755	7.45823486877451E-09	9.39299572846426E-12	0.188571541409024	7.11054996406564E-10	4.41073540425117E-11	0.831567226354242	9.51895774389391E-13	4.90656896686982E-10	1270.90751466772	1E10	1E-30	1E-10	1E10	1E-30	1E-10	1E10	1E-30	1E-10	1E10	1E-30	1E-10	1E10	1E-30	1E-10	1E10	1E-30	1E-10	1E10	1E-30	1E-10	1E10	1E-30	1E-10	1E10	1E-30	1E-10	1E10	1E-30	1E-10	1E10	1E-30	1E-10	2	-5	5
147	5.6E-10	1E10	1E10	1E-30	1.06014966094083E-10	1E10	1E-30	1E10	3.60156002661214E-02	1E-30	3.08160089758781E-11	0.534895763980857	1E-30	2.97198991452082E-11	2.77952722799598E-02	2.77262703815267E-09	1.167646375658E-11	0.263137150479272	3.93346043043897E-10	2.59989443243328E-11	0.546351608811808	1.37956218829662E-12	3.17235497432509E-10	324.692729838727	1E10	1E-30	1E-10	1E10	1E-30	1E-10	1E10	1E-30	1E-10	1E10	1E-30	1E-10	1E10	1E-30	1E-10	1E10	1E-30	1E-10	1E10	1E-30	1E-10	1E10	1E-30	1E-10	1E10	1E-30	1E-10	1E10	1E-30	1E-10	2	-5	5
148	5.6E-10	1E10	1E10	1E-30	6.53082892214801E-15	1E10	1E-30	1E10	6.87269739446755E-03	1.36337425154584E-06	1E10	1.08846082978788E-02	1E-30	3.69410891302988E-11	0.822324024836976	8.25936456023845E-09	7.28924938162628E-11	3.47879159171878E-02	2.8676157632458E-09	2.03496254868696E-11	0.532860649042273	6.0947752964736E-10	3.83265157719678E-11	1.04646573226652	2.90325725437866E-10	2.13322785289404E-11	0.434663120152596	6.68135711374594E-13	4.37546414478766E-10	388.286865631599	1E10	1E-30	1E-10	1E10	1E-30	1E-10	1E10	1E-30	1E-10	1E10	1E-30	1E-10	1E10	1E-30	1E-10	1E10	1E-30	1E-10	1E10	1E-30	1E-10	1E10	1E-30	1E-10	2	-1	1
149	5.6E-10	1E10	1E10	1E-30	6.53082892214801E-15	1E10	1E-30	1E10	6.87269739446755E-03	1.36337425154584E-06	1E10	1.08846082978788E-02	1E-30	3.69410891302988E-11	0.822324024836976	8.25936456023845E-09	7.28924938162628E-11	3.47879159171878E-02	2.8676157632458E-09	2.03496254868696E-11	0.532860649042273	6.0947752964736E-10	3.83265157719678E-11	1.04646573226652	2.90325725437866E-10	2.13322785289404E-11	0.434663120152596	6.68135711374594E-13	4.37546414478766E-10	388.286865631599	1E10	1E-30	1E-10	1E10	1E-30	1E-10	1E10	1E-30	1E-10	1E10	1E-30	1E-10	1E10	1E-30	1E-10	1E10	1E-30	1E-10	1E10	1E-30	1E-10	1E10	1E-30	1E-10	2	-2	2
150	5.6E-10	1E10	1E10	1E-30	6.53082892214801E-15	1E10	1E-30	1E10	6.87269739446755E-03	1.36337425154584E-06	1E10	1.08846082978788E-02	1E-30	3.69410891302988E-11	0.822324024836976	8.25936456023845E-09	7.28924938162628E-11	3.47879159171878E-02	2.8676157632458E-09	2.03496254868696E-11	0.532860649042273	6.0947752964736E-10	3.83265157719678E-11	1.04646573226652	2.90325725437866E-10	2.13322785289404E-11	0.434663120152596	6.68135711374594E-13	4.37546414478766E-10	388.286865631599	1E10	1E-30	1E-10	1E10	1E-30	1E-10	1E10	1E-30	1E-10	1E10	1E-30	1E-10	1E10	1E-30	1E-10	1E10	1E-30	1E-10	1E10	1E-30	1E-10	1E10	1E-30	1E-10	2	-5	5
151	5.6E-10	1E10	1E10	1E-30	1.76867587388576E-10	1E10	1E-30	1E10	1.27289518212784E-02	8.90388840777495E-07	1E10	1.66666449666327E-02	1E-30	8.56390984662322E-11	3.49025666023018E-02	3.64472582067475E-09	1.55066108884459E-11	0.48829408165563	5.93028198894687E-10	3.78299278566624E-11	1.06986990323848	3.24219323164599E-10	1.83868829546159E-11	0.451598297544676	3.6607737869012E-12	8.04035822997814E-11	4.94811135964944	1.37576738130128E-12	2.11961704622231E-10	1351.36080970262	1E10	1E-30	1E-10	1E10	1E-30	1E-10	1E10	1E-30	1E-10	1E10	1E-30	1E-10	1E10	1E-30	1E-10	1E10	1E-30	1E-10	1E10	1E-30	1E-10	1E10	1E-30	1E-10	2	-1	1
152	5.6E-10	1E10	1E10	1E-30	1.76867587388576E-10	1E10	1E-30	1E10	1.27289518212784E-02	8.90388840777495E-07	1E10	1.66666449666327E-02	1E-30	8.56390984662322E-11	3.49025666023018E-02	3.64472582067475E-09	1.55066108884459E-11	0.48829408165563	5.93028198894687E-10	3.78299278566624E-11	1.06986990323848	3.24219323164599E-10	1.83868829546159E-11	0.451598297544676	3.6607737869012E-12	8.04035822997814E-11	4.94811135964944	1.37576738130128E-12	2.11961704622231E-10	1351.36080970262	1E10	1E-30	1E-10	1E10	1E-30	1E-10	1E10	1E-30	1E-10	1E10	1E-30	1E-10	1E10	1E-30	1E-10	1E10	1E-30	1E-10	1E10	1E-30	1E-10	1E10	1E-30	1E-10	2	-2	2
153	5.6E-10	1E10	1E10	1E-30	1.76867587388576E-10	1E10	1E-30	1E10	1.27289518212784E-02	8.90388840777495E-07	1E10	1.66666449666327E-02	1E-30	8.56390984662322E-11	3.49025666023018E-02	3.64472582067475E-09	1.55066108884459E-11	0.48829408165563	5.93028198894687E-10	3.78299278566624E-11	1.06986990323848	3.24219323164599E-10	1.83868829546159E-11	0.451598297544676	3.6607737869012E-12	8.04035822997814E-11	4.94811135964944	1.37576738130128E-12	2.11961704622231E-10	1351.36080970262	1E10	1E-30	1E-10	1E10	1E-30	1E-10	1E10	1E-30	1E-10	1E10	1E-30	1E-10	1E10	1E-30	1E-10	1E10	1E-30	1E-10	1E10	1E-30	1E-10	1E10	1E-30	1E-10	2	-5	5
154	5.6E-10	1E10	1E10	1E-30	7.43120811258079E-11	1E10	1E-30	1E10	7.24666157856656E-02	1E-30	9.33496034197542E-11	0.961329139884018	1.37890402479454E-08	5.23403648570574E-12	7.15036066586345E-02	9.38677930406031E-10	3.00606330600861E-11	0.520643390629155	8.71188486192538E-13	5.38676995503975E-10	1667.81181251576	1E10	1E-30	1E-10	1E10	1E-30	1E-10	1E10	1E-30	1E-10	1E10	1E-30	1E-10	1E10	1E-30	1E-10	1E10	1E-30	1E-10	1E10	1E-30	1E-10	1E10	1E-30	1E-10	1E10	1E-30	1E-10	1E10	1E-30	1E-10	1E10	1E-30	1E-10	2	-5	5
155	6.8E-10	1E10	1E10	1E-30	3.19255791466929E-10	1E10	1E-30	1E10	0.045	1E-30	6.53221582425287E-11	1.48706718021718	2.07286307408358E-09	2.23572965660371E-11	0.416826846625585	5.36953137499324E-10	2.74742411864752E-11	0.667296244305762	3.55526177471848E-12	7.25266214269832E-11	1E5	1E10	1E-30	1E-10	1E10	1E-30	1E-10	1E10	1E-30	1E-10	1E10	1E-30	1E-10	1E10	1E-30	1E-10	1E10	1E-30	1E-10	1E10	1E-30	1E-10	1E10	1E-30	1E-10	1E10	1E-30	1E-10	1E10	1E-30	1E-10	1E10	1E-30	1E-10	2	-5	5
156	6.8E-10	1E10	1E10	1E-30	2.52568829073138E-10	1E10	1E-30	1E10	1.10462186685116E-02	4.91875656115279E-07	1E10	3.01698091926147E-02	1E-30	1.72661564744163E-10	5.14305430187941E-02	5.54259687719192E-09	9.29110964380062E-12	0.184280978149353	5.31703320694948E-10	3.15568759332586E-11	0.661833639000934	3.5141912590801E-10	1.28386933420922E-11	0.316076219123883	5.51956033983477E-12	6.8018007854956E-11	4.06885144789031	1.35566674049687E-12	2.16092640898975E-10	183.569035223396	1E10	1E-30	1E-10	1E10	1E-30	1E-10	1E10	1E-30	1E-10	1E10	1E-30	1E-10	1E10	1E-30	1E-10	1E10	1E-30	1E-10	1E10	1E-30	1E-10	1E10	1E-30	1E-10	2	-1	1
157	6.8E-10	1E10	1E10	1E-30	2.52568829073138E-10	1E10	1E-30	1E10	1.10462186685116E-02	4.91875656115279E-07	1E10	3.01698091926147E-02	1E-30	1.72661564744163E-10	5.14305430187941E-02	5.54259687719192E-09	9.29110964380062E-12	0.184280978149353	5.31703320694948E-10	3.15568759332586E-11	0.661833639000934	3.5141912590801E-10	1.28386933420922E-11	0.316076219123883	5.51956033983477E-12	6.8018007854956E-11	4.06885144789031	1.35566674049687E-12	2.16092640898975E-10	183.569035223396	1E10	1E-30	1E-10	1E10	1E-30	1E-10	1E10	1E-30	1E-10	1E10	1E-30	1E-10	1E10	1E-30	1E-10	1E10	1E-30	1E-10	1E10	1E-30	1E-10	1E10	1E-30	1E-10	2	-2	2
158	6.8E-10	1E10	1E10	1E-30	2.52568829073138E-10	1E10	1E-30	1E10	1.10462186685116E-02	4.91875656115279E-07	1E10	3.01698091926147E-02	1E-30	1.72661564744163E-10	5.14305430187941E-02	5.54259687719192E-09	9.29110964380062E-12	0.184280978149353	5.31703320694948E-10	3.15568759332586E-11	0.661833639000934	3.5141912590801E-10	1.28386933420922E-11	0.316076219123883	5.51956033983477E-12	6.8018007854956E-11	4.06885144789031	1.35566674049687E-12	2.16092640898975E-10	183.569035223396	1E10	1E-30	1E-10	1E10	1E-30	1E-10	1E10	1E-30	1E-10	1E10	1E-30	1E-10	1E10	1E-30	1E-10	1E10	1E-30	1E-10	1E10	1E-30	1E-10	1E10	1E-30	1E-10	2	-5	5
159	6.8E-10	1E10	1E10	1E-30	1.53439226497855E-10	1E10	1E-30	1E10	2.56000718559261E-03	1.58427627860181E-06	1E10	9.36692349177056E-03	5.25756950857991E-09	9.52454902339695E-11	3.95904122944533E-02	3.77192951098165E-09	2.11701075665045E-11	0.619119813484126	1.01673899943408E-09	3.05864059691972E-11	1.02081318437958	4.44376821372615E-10	1.97219634039025E-11	0.308421562064945	8.96325514726438E-12	4.50536811261237E-11	0.954132870742096	8.52764361691742E-13	3.94591326935208E-10	563.050407858538	1E10	1E-30	1E-10	1E10	1E-30	1E-10	1E10	1E-30	1E-10	1E10	1E-30	1E-10	1E10	1E-30	1E-10	1E10	1E-30	1E-10	1E10	1E-30	1E-10	1E10	1E-30	1E-10	2	-1	1
160	6.8E-10	1E10	1E10	1E-30	1.53439226497855E-10	1E10	1E-30	1E10	2.56000718559261E-03	1.58427627860181E-06	1E10	9.36692349177056E-03	5.25756950857991E-09	9.52454902339695E-11	3.95904122944533E-02	3.77192951098165E-09	2.11701075665045E-11	0.619119813484126	1.01673899943408E-09	3.05864059691972E-11	1.02081318437958	4.44376821372615E-10	1.97219634039025E-11	0.308421562064945	8.96325514726438E-12	4.50536811261237E-11	0.954132870742096	8.52764361691742E-13	3.94591326935208E-10	563.050407858538	1E10	1E-30	1E-10	1E10	1E-30	1E-10	1E10	1E-30	1E-10	1E10	1E-30	1E-10	1E10	1E-30	1E-10	1E10	1E-30	1E-10	1E10	1E-30	1E-10	1E10	1E-30	1E-10	2	-2	2
161	6.8E-10	1E10	1E10	1E-30	1.53439226497855E-10	1E10	1E-30	1E10	2.56000718559261E-03	1.58427627860181E-06	1E10	9.36692349177056E-03	5.25756950857991E-09	9.52454902339695E-11	3.95904122944533E-02	3.77192951098165E-09	2.11701075665045E-11	0.619119813484126	1.01673899943408E-09	3.05864059691972E-11	1.02081318437958	4.44376821372615E-10	1.97219634039025E-11	0.308421562064945	8.96325514726438E-12	4.50536811261237E-11	0.954132870742096	8.52764361691742E-13	3.94591326935208E-10	563.050407858538	1E10	1E-30	1E-10	1E10	1E-30	1E-10	1E10	1E-30	1E-10	1E10	1E-30	1E-10	1E10	1E-30	1E-10	1E10	1E-30	1E-10	1E10	1E-30	1E-10	1E10	1E-30	1E-10	2	-5	5
162	6.8E-10	1E10	1E10	1E-30	1.64502681860822E-11	1E10	1E-30	1E10	6.50917501835058E-02	1E-30	9.59971338190666E-11	1.05903913727075	1.27211538134976E-08	7.59054252074717E-12	0.103972879166081	1.15407394144093E-09	3.62087330868987E-11	0.579640666607895	7.35624625163914E-13	6.00942271171698E-10	718.312996722778	1E10	1E-30	1E-10	1E10	1E-30	1E-10	1E10	1E-30	1E-10	1E10	1E-30	1E-10	1E10	1E-30	1E-10	1E10	1E-30	1E-10	1E10	1E-30	1E-10	1E10	1E-30	1E-10	1E10	1E-30	1E-10	1E10	1E-30	1E-10	1E10	1E-30	1E-10	2	-5	5
163	8.2E-10	1E10	1E10	1E-30	4.72980705179787E-11	1E10	1E-30	1E10	3.39005944998463E-02	1E-30	4.55124250503187E-11	0.549964721474239	1E-30	1.25555562260065E-11	2.01243182546724E-02	3.68603387715129E-09	1.61013785120835E-11	0.431337281909399	6.49124870329314E-10	3.03180791568271E-11	0.661875589034086	1.31762881712894E-12	3.27249631292784E-10	360.832225449873	1E10	1E-30	1E-10	1E10	1E-30	1E-10	1E10	1E-30	1E-10	1E10	1E-30	1E-10	1E10	1E-30	1E-10	1E10	1E-30	1E-10	1E10	1E-30	1E-10	1E10	1E-30	1E-10	1E10	1E-30	1E-10	1E10	1E-30	1E-10	2	-5	5
164	8.2E-10	1E10	1E10	1E-30	9.19525852948002E-11	1E10	1E-30	1E10	0.028795677380433	4.81074013906781E-07	1E10	3.08472173979568E-02	1E-30	5.98105787761336E-11	0.630132309760616	1E-30	7.13700460602337E-11	2.35655368712399E-02	1.12604470474628E-08	6.06617517108651E-12	0.184849982983868	1.0401354560733E-09	2.38149079566186E-11	0.500676618871252	8.38126549866762E-13	4.01482832272159E-10	212.846602045154	1E10	1E-30	1E-10	1E10	1E-30	1E-10	1E10	1E-30	1E-10	1E10	1E-30	1E-10	1E10	1E-30	1E-10	1E10	1E-30	1E-10	1E10	1E-30	1E-10	1E10	1E-30	1E-10	1E10	1E-30	1E-10	2	-1	1
165	8.2E-10	1E10	1E10	1E-30	9.19525852948002E-11	1E10	1E-30	1E10	0.028795677380433	4.81074013906781E-07	1E10	3.08472173979568E-02	1E-30	5.98105787761336E-11	0.630132309760616	1E-30	7.13700460602337E-11	2.35655368712399E-02	1.12604470474628E-08	6.06617517108651E-12	0.184849982983868	1.0401354560733E-09	2.38149079566186E-11	0.500676618871252	8.38126549866762E-13	4.01482832272159E-10	212.846602045154	1E10	1E-30	1E-10	1E10	1E-30	1E-10	1E10	1E-30	1E-10	1E10	1E-30	1E-10	1E10	1E-30	1E-10	1E10	1E-30	1E-10	1E10	1E-30	1E-10	1E10	1E-30	1E-10	1E10	1E-30	1E-10	2	-2	2
166	8.2E-10	1E10	1E10	1E-30	9.19525852948002E-11	1E10	1E-30	1E10	0.028795677380433	4.81074013906781E-07	1E10	3.08472173979568E-02	1E-30	5.98105787761336E-11	0.630132309760616	1E-30	7.13700460602337E-11	2.35655368712399E-02	1.12604470474628E-08	6.06617517108651E-12	0.184849982983868	1.0401354560733E-09	2.38149079566186E-11	0.500676618871252	8.38126549866762E-13	4.01482832272159E-10	212.846602045154	1E10	1E-30	1E-10	1E10	1E-30	1E-10	1E10	1E-30	1E-10	1E10	1E-30	1E-10	1E10	1E-30	1E-10	1E10	1E-30	1E-10	1E10	1E-30	1E-10	1E10	1E-30	1E-10	1E10	1E-30	1E-10	2	-5	5
167	8.2E-10	1E10	1E10	1E-30	6.2089140292176E-11	1E10	1E-30	1E10	3.0657839509308E-03	2.07071537598427E-07	1E10	0.989253246469639	1E-30	5.43661498637784E-11	0.794460195309412	1E-30	1.07001246522305E-10	0.036506833506993	5.11897654598885E-09	1.92684244305081E-11	0.596050651375347	1.20902389614286E-09	3.48176952635278E-11	1.07819851192851	1.09377398045935E-08	1.8077443949789E-12	8.58332106329365E-02	1.09798533058295E-09	1.13708013581637E-11	0.35114043170332	1.63426208616638E-09	3.08366538033837E-12	0.154663995931448	7.6648077903427E-13	4.41421411242954E-10	456.82913754288	1E10	1E-30	1E-10	1E10	1E-30	1E-10	1E10	1E-30	1E-10	1E10	1E-30	1E-10	1E10	1E-30	1E-10	1E10	1E-30	1E-10	2	-1	1
168	8.2E-10	1E10	1E10	1E-30	6.2089140292176E-11	1E10	1E-30	1E10	3.0657839509308E-03	2.07071537598427E-07	1E10	0.989253246469639	1E-30	5.43661498637784E-11	0.794460195309412	1E-30	1.07001246522305E-10	0.036506833506993	5.11897654598885E-09	1.92684244305081E-11	0.596050651375347	1.20902389614286E-09	3.48176952635278E-11	1.07819851192851	1.09377398045935E-08	1.8077443949789E-12	8.58332106329365E-02	1.09798533058295E-09	1.13708013581637E-11	0.35114043170332	1.63426208616638E-09	3.08366538033837E-12	0.154663995931448	7.6648077903427E-13	4.41421411242954E-10	456.82913754288	1E10	1E-30	1E-10	1E10	1E-30	1E-10	1E10	1E-30	1E-10	1E10	1E-30	1E-10	1E10	1E-30	1E-10	1E10	1E-30	1E-10	2	-2	2
169	8.2E-10	1E10	1E10	1E-30	6.2089140292176E-11	1E10	1E-30	1E10	3.0657839509308E-03	2.07071537598427E-07	1E10	0.989253246469639	1E-30	5.43661498637784E-11	0.794460195309412	1E-30	1.07001246522305E-10	0.036506833506993	5.11897654598885E-09	1.92684244305081E-11	0.596050651375347	1.20902389614286E-09	3.48176952635278E-11	1.07819851192851	1.09377398045935E-08	1.8077443949789E-12	8.58332106329365E-02	1.09798533058295E-09	1.13708013581637E-11	0.35114043170332	1.63426208616638E-09	3.08366538033837E-12	0.154663995931448	7.6648077903427E-13	4.41421411242954E-10	456.82913754288	1E10	1E-30	1E-10	1E10	1E-30	1E-10	1E10	1E-30	1E-10	1E10	1E-30	1E-10	1E10	1E-30	1E-10	1E10	1E-30	1E-10	2	-5	5
170	8.2E-10	1E10	1E10	1E-30	4.53608143911584E-12	1E10	1E-30	1E10	0.053072204920403	1E-30	9.76611702568429E-11	0.777645801174428	1.49382440997652E-08	8.43759550567939E-12	0.12194613892435	1.48134077577604E-09	3.77206541150303E-11	0.586089210649251	9.01055412963727E-13	5.38347419175338E-10	766.005441064875	1E10	1E-30	1E-10	1E10	1E-30	1E-10	1E10	1E-30	1E-10	1E10	1E-30	1E-10	1E10	1E-30	1E-10	1E10	1E-30	1E-10	1E10	1E-30	1E-10	1E10	1E-30	1E-10	1E10	1E-30	1E-10	1E10	1E-30	1E-10	1E10	1E-30	1E-10	2	-5	5
END DSCRDATA
