BEGIN DSCRDATA
% INDEX	K01	L01	M01	K02	L02	M02	K03	L03	M03	K04	L04	M04	K05	L05	M05	K06	L06	M06	K07	L07	M07	K08	L08	M08	K09	L09	M09	K10	L10	M10	K11	L11	M11	K12	L12	M12	K13	L13	M13	K14	L14	M14	K15	L15	M15	K16	L16	M16	K17	L17	M17	K18	L18	M18	T01	T02	T03
0	0	0	0	0	0	0	0	0	0	0	0	0	0	0	0	0	0	0	0	0	0	0	0	0	0	0	0	0	0	0	0	0	0	0	0	0	0	0	0	0	0	0	0	0	0	0	0	0	0	0	0	0	0	0	0	0	0
1	1E-12	1E10	1E11	1E-30	2.64200826026037E-10	1E10	1E-30	1E10	0.756431003752166	4.63352663390647E-12	1.00616066782597E-11	5.0925870763029	9.70141297451698E-13	4.19621468246623E-11	1E8	1E10	1E-30	1E-10	1E10	1E-30	1E-10	1E10	1E-30	1E-10	1E10	1E-30	1E-10	1E10	1E-30	1E-10	1E10	1E-30	1E-10	1E10	1E-30	1E-10	1E10	1E-30	1E-10	1E10	1E-30	1E-10	1E10	1E-30	1E-10	1E10	1E-30	1E-10	1E10	1E-30	1E-10	1E10	1E-30	1E-10	1	-0.25	0.25
2	1E-12	1E10	1E11	1E-30	2.64200826026037E-10	1E10	1E-30	1E10	0.756431003752166	4.63352663390647E-12	1.00616066782597E-11	5.0925870763029	9.70141297451698E-13	4.19621468246623E-11	1E8	1E10	1E-30	1E-10	1E10	1E-30	1E-10	1E10	1E-30	1E-10	1E10	1E-30	1E-10	1E10	1E-30	1E-10	1E10	1E-30	1E-10	1E10	1E-30	1E-10	1E10	1E-30	1E-10	1E10	1E-30	1E-10	1E10	1E-30	1E-10	1E10	1E-30	1E-10	1E10	1E-30	1E-10	1E10	1E-30	1E-10	1	-0.25	0.25
3	1E-12	1E10	1E11	1E-30	2.64200826026037E-10	1E10	1E-30	1E10	0.756431003752166	4.63352663390647E-12	1.00616066782597E-11	5.0925870763029	9.70141297451698E-13	4.19621468246623E-11	1E8	1E10	1E-30	1E-10	1E10	1E-30	1E-10	1E10	1E-30	1E-10	1E10	1E-30	1E-10	1E10	1E-30	1E-10	1E10	1E-30	1E-10	1E10	1E-30	1E-10	1E10	1E-30	1E-10	1E10	1E-30	1E-10	1E10	1E-30	1E-10	1E10	1E-30	1E-10	1E10	1E-30	1E-10	1E10	1E-30	1E-10	1	-0.25	0.25
4	2E-12	1E10	1E11	1E-30	6.79279024623166E-11	1E10	1E-30	1E10	0.27	1E-30	1.785863472371E-11	0.664022404178451	2.4244053527399E-11	9.93322568863315E-12	1.55124576259056	1.95383688655374E-12	1.05326290297157E-10	1E5	1E10	1E-30	1E-10	1E10	1E-30	1E-10	1E10	1E-30	1E-10	1E10	1E-30	1E-10	1E10	1E-30	1E-10	1E10	1E-30	1E-10	1E10	1E-30	1E-10	1E10	1E-30	1E-10	1E10	1E-30	1E-10	1E10	1E-30	1E-10	1E10	1E-30	1E-10	1E10	1E-30	1E-10	1	-0.25	0.25
5	2E-12	1E10	1E11	1E-30	6.79279024623166E-11	1E10	1E-30	1E10	0.27	1E-30	1.785863472371E-11	0.664022404178451	2.4244053527399E-11	9.93322568863315E-12	1.55124576259056	1.95383688655374E-12	1.05326290297157E-10	1E5	1E10	1E-30	1E-10	1E10	1E-30	1E-10	1E10	1E-30	1E-10	1E10	1E-30	1E-10	1E10	1E-30	1E-10	1E10	1E-30	1E-10	1E10	1E-30	1E-10	1E10	1E-30	1E-10	1E10	1E-30	1E-10	1E10	1E-30	1E-10	1E10	1E-30	1E-10	1E10	1E-30	1E-10	1	-0.25	0.25
6	2E-12	1E10	1E11	1E-30	6.79279024623166E-11	1E10	1E-30	1E10	0.27	1E-30	1.785863472371E-11	0.664022404178451	2.4244053527399E-11	9.93322568863315E-12	1.55124576259056	1.95383688655374E-12	1.05326290297157E-10	1E5	1E10	1E-30	1E-10	1E10	1E-30	1E-10	1E10	1E-30	1E-10	1E10	1E-30	1E-10	1E10	1E-30	1E-10	1E10	1E-30	1E-10	1E10	1E-30	1E-10	1E10	1E-30	1E-10	1E10	1E-30	1E-10	1E10	1E-30	1E-10	1E10	1E-30	1E-10	1E10	1E-30	1E-10	1	-0.25	0.25
7	3E-12	1E10	1E11	1E-30	2.27283931922131E-10	1E10	1E-30	1E10	0.250478848624439	1E-30	2.30712890010271E-11	0.434883552206843	5.81690103899572E-11	5.43100926380524E-12	0.570293551138265	7.80341750677631E-12	2.30763646310111E-11	1E5	1E10	1E-30	1E-10	1E10	1E-30	1E-10	1E10	1E-30	1E-10	1E10	1E-30	1E-10	1E10	1E-30	1E-10	1E10	1E-30	1E-10	1E10	1E-30	1E-10	1E10	1E-30	1E-10	1E10	1E-30	1E-10	1E10	1E-30	1E-10	1E10	1E-30	1E-10	1E10	1E-30	1E-10	1	-0.25	0.25
8	3E-12	1E10	1E11	1E-30	2.27283931922131E-10	1E10	1E-30	1E10	0.250478848624439	1E-30	2.30712890010271E-11	0.434883552206843	5.81690103899572E-11	5.43100926380524E-12	0.570293551138265	7.80341750677631E-12	2.30763646310111E-11	1E5	1E10	1E-30	1E-10	1E10	1E-30	1E-10	1E10	1E-30	1E-10	1E10	1E-30	1E-10	1E10	1E-30	1E-10	1E10	1E-30	1E-10	1E10	1E-30	1E-10	1E10	1E-30	1E-10	1E10	1E-30	1E-10	1E10	1E-30	1E-10	1E10	1E-30	1E-10	1E10	1E-30	1E-10	1	-0.25	0.25
9	3E-12	1E10	1E11	1E-30	2.27283931922131E-10	1E10	1E-30	1E10	0.250478848624439	1E-30	2.30712890010271E-11	0.434883552206843	5.81690103899572E-11	5.43100926380524E-12	0.570293551138265	7.80341750677631E-12	2.30763646310111E-11	1E5	1E10	1E-30	1E-10	1E10	1E-30	1E-10	1E10	1E-30	1E-10	1E10	1E-30	1E-10	1E10	1E-30	1E-10	1E10	1E-30	1E-10	1E10	1E-30	1E-10	1E10	1E-30	1E-10	1E10	1E-30	1E-10	1E10	1E-30	1E-10	1E10	1E-30	1E-10	1E10	1E-30	1E-10	1	-0.25	0.25
10	4E-12	1E10	1E11	1E-30	1.37024132780139E-10	1E10	1E-30	1E10	0.237488793987237	2.35985597607412E-11	1.55901258772951E-11	1.08512365570489	2.86393316573926E-12	8.67116025570353E-11	1E5	1E10	1E-30	1E-10	1E10	1E-30	1E-10	1E10	1E-30	1E-10	1E10	1E-30	1E-10	1E10	1E-30	1E-10	1E10	1E-30	1E-10	1E10	1E-30	1E-10	1E10	1E-30	1E-10	1E10	1E-30	1E-10	1E10	1E-30	1E-10	1E10	1E-30	1E-10	1E10	1E-30	1E-10	1E10	1E-30	1E-10	1	-0.25	0.25
11	4E-12	1E10	1E11	1E-30	1.37024132780139E-10	1E10	1E-30	1E10	0.237488793987237	2.35985597607412E-11	1.55901258772951E-11	1.08512365570489	2.86393316573926E-12	8.67116025570353E-11	1E5	1E10	1E-30	1E-10	1E10	1E-30	1E-10	1E10	1E-30	1E-10	1E10	1E-30	1E-10	1E10	1E-30	1E-10	1E10	1E-30	1E-10	1E10	1E-30	1E-10	1E10	1E-30	1E-10	1E10	1E-30	1E-10	1E10	1E-30	1E-10	1E10	1E-30	1E-10	1E10	1E-30	1E-10	1E10	1E-30	1E-10	1	-0.25	0.25
12	4E-12	1E10	1E11	1E-30	1.37024132780139E-10	1E10	1E-30	1E10	0.237488793987237	2.35985597607412E-11	1.55901258772951E-11	1.08512365570489	2.86393316573926E-12	8.67116025570353E-11	1E5	1E10	1E-30	1E-10	1E10	1E-30	1E-10	1E10	1E-30	1E-10	1E10	1E-30	1E-10	1E10	1E-30	1E-10	1E10	1E-30	1E-10	1E10	1E-30	1E-10	1E10	1E-30	1E-10	1E10	1E-30	1E-10	1E10	1E-30	1E-10	1E10	1E-30	1E-10	1E10	1E-30	1E-10	1E10	1E-30	1E-10	1	-0.25	0.25
13	5E-12	1E10	1E11	1E-30	6.89155867246806E-11	1E10	1E-30	1E10	0.21	1.33123284979537E-12	1.48178797370607E-10	1E5	7.69993688070726E-12	2.44310253748686E-11	1.52734314160237	1E10	1E-30	1E-10	1E10	1E-30	1E-10	1E10	1E-30	1E-10	1E10	1E-30	1E-10	1E10	1E-30	1E-10	1E10	1E-30	1E-10	1E10	1E-30	1E-10	1E10	1E-30	1E-10	1E10	1E-30	1E-10	1E10	1E-30	1E-10	1E10	1E-30	1E-10	1E10	1E-30	1E-10	1E10	1E-30	1E-10	1	-0.25	0.25
14	5E-12	1E10	1E11	1E-30	6.89155867246806E-11	1E10	1E-30	1E10	0.21	1.33123284979537E-12	1.48178797370607E-10	1E5	7.69993688070726E-12	2.44310253748686E-11	1.52734314160237	1E10	1E-30	1E-10	1E10	1E-30	1E-10	1E10	1E-30	1E-10	1E10	1E-30	1E-10	1E10	1E-30	1E-10	1E10	1E-30	1E-10	1E10	1E-30	1E-10	1E10	1E-30	1E-10	1E10	1E-30	1E-10	1E10	1E-30	1E-10	1E10	1E-30	1E-10	1E10	1E-30	1E-10	1E10	1E-30	1E-10	1	-0.25	0.25
15	5E-12	1E10	1E11	1E-30	6.89155867246806E-11	1E10	1E-30	1E10	0.21	1.33123284979537E-12	1.48178797370607E-10	1E5	7.69993688070726E-12	2.44310253748686E-11	1.52734314160237	1E10	1E-30	1E-10	1E10	1E-30	1E-10	1E10	1E-30	1E-10	1E10	1E-30	1E-10	1E10	1E-30	1E-10	1E10	1E-30	1E-10	1E10	1E-30	1E-10	1E10	1E-30	1E-10	1E10	1E-30	1E-10	1E10	1E-30	1E-10	1E10	1E-30	1E-10	1E10	1E-30	1E-10	1E10	1E-30	1E-10	1	-0.25	0.25
16	6E-12	1E10	1E11	1E-30	2.11035766198221E-10	1E10	1E-30	1E10	0.2	1E-30	1.62510337713805E-11	0.389314257248725	4.36896817724279E-11	7.79273360840913E-12	0.962499080478457	5.7856242567628E-12	3.65299175325001E-11	1E5	1E10	1E-30	1E-10	1E10	1E-30	1E-10	1E10	1E-30	1E-10	1E10	1E-30	1E-10	1E10	1E-30	1E-10	1E10	1E-30	1E-10	1E10	1E-30	1E-10	1E10	1E-30	1E-10	1E10	1E-30	1E-10	1E10	1E-30	1E-10	1E10	1E-30	1E-10	1E10	1E-30	1E-10	1	-0.5	0.5
17	6E-12	1E10	1E11	1E-30	2.11035766198221E-10	1E10	1E-30	1E10	0.2	1E-30	1.62510337713805E-11	0.389314257248725	4.36896817724279E-11	7.79273360840913E-12	0.962499080478457	5.7856242567628E-12	3.65299175325001E-11	1E5	1E10	1E-30	1E-10	1E10	1E-30	1E-10	1E10	1E-30	1E-10	1E10	1E-30	1E-10	1E10	1E-30	1E-10	1E10	1E-30	1E-10	1E10	1E-30	1E-10	1E10	1E-30	1E-10	1E10	1E-30	1E-10	1E10	1E-30	1E-10	1E10	1E-30	1E-10	1E10	1E-30	1E-10	1	-0.5	0.5
18	6E-12	1E10	1E11	1E-30	2.11035766198221E-10	1E10	1E-30	1E10	0.2	1E-30	1.62510337713805E-11	0.389314257248725	4.36896817724279E-11	7.79273360840913E-12	0.962499080478457	5.7856242567628E-12	3.65299175325001E-11	1E5	1E10	1E-30	1E-10	1E10	1E-30	1E-10	1E10	1E-30	1E-10	1E10	1E-30	1E-10	1E10	1E-30	1E-10	1E10	1E-30	1E-10	1E10	1E-30	1E-10	1E10	1E-30	1E-10	1E10	1E-30	1E-10	1E10	1E-30	1E-10	1E10	1E-30	1E-10	1E10	1E-30	1E-10	1	-0.5	0.5
19	7E-12	1E10	1E11	1E-30	1.04132706617634E-10	1E10	1E-30	1E10	0.195	1E-30	8.37525329019577E-11	19.5252563369578	2.29269857214222E-11	1.4251952855538E-11	3.77366816647177	6.37007169990098E-12	4.72772175239389E-11	1E5	1E10	1E-30	1E-10	1E10	1E-30	1E-10	1E10	1E-30	1E-10	1E10	1E-30	1E-10	1E10	1E-30	1E-10	1E10	1E-30	1E-10	1E10	1E-30	1E-10	1E10	1E-30	1E-10	1E10	1E-30	1E-10	1E10	1E-30	1E-10	1E10	1E-30	1E-10	1E10	1E-30	1E-10	1	-0.5	0.5
20	7E-12	1E10	1E11	1E-30	1.04132706617634E-10	1E10	1E-30	1E10	0.195	1E-30	8.37525329019577E-11	19.5252563369578	2.29269857214222E-11	1.4251952855538E-11	3.77366816647177	6.37007169990098E-12	4.72772175239389E-11	1E5	1E10	1E-30	1E-10	1E10	1E-30	1E-10	1E10	1E-30	1E-10	1E10	1E-30	1E-10	1E10	1E-30	1E-10	1E10	1E-30	1E-10	1E10	1E-30	1E-10	1E10	1E-30	1E-10	1E10	1E-30	1E-10	1E10	1E-30	1E-10	1E10	1E-30	1E-10	1E10	1E-30	1E-10	1	-0.5	0.5
21	7E-12	1E10	1E11	1E-30	1.04132706617634E-10	1E10	1E-30	1E10	0.195	1E-30	8.37525329019577E-11	19.5252563369578	2.29269857214222E-11	1.4251952855538E-11	3.77366816647177	6.37007169990098E-12	4.72772175239389E-11	1E5	1E10	1E-30	1E-10	1E10	1E-30	1E-10	1E10	1E-30	1E-10	1E10	1E-30	1E-10	1E10	1E-30	1E-10	1E10	1E-30	1E-10	1E10	1E-30	1E-10	1E10	1E-30	1E-10	1E10	1E-30	1E-10	1E10	1E-30	1E-10	1E10	1E-30	1E-10	1E10	1E-30	1E-10	1	-0.5	0.5
22	8E-12	1E10	1E11	1E-30	1.37320033987422E-10	1E10	1E-30	1E10	0.185	1E-30	2.0017193768971E-11	0.41135882455754	1.14422069004308E-10	3.03564897831818E-12	0.376770961732787	3.96610524363709E-13	1.05167128809259E-10	1E5	1E10	1E-30	1E-10	1E10	1E-30	1E-10	1E10	1E-30	1E-10	1E10	1E-30	1E-10	1E10	1E-30	1E-10	1E10	1E-30	1E-10	1E10	1E-30	1E-10	1E10	1E-30	1E-10	1E10	1E-30	1E-10	1E10	1E-30	1E-10	1E10	1E-30	1E-10	1E10	1E-30	1E-10	1	-0.5	0.5
23	8E-12	1E10	1E11	1E-30	1.37320033987422E-10	1E10	1E-30	1E10	0.185	1E-30	2.0017193768971E-11	0.41135882455754	1.14422069004308E-10	3.03564897831818E-12	0.376770961732787	3.96610524363709E-13	1.05167128809259E-10	1E5	1E10	1E-30	1E-10	1E10	1E-30	1E-10	1E10	1E-30	1E-10	1E10	1E-30	1E-10	1E10	1E-30	1E-10	1E10	1E-30	1E-10	1E10	1E-30	1E-10	1E10	1E-30	1E-10	1E10	1E-30	1E-10	1E10	1E-30	1E-10	1E10	1E-30	1E-10	1E10	1E-30	1E-10	1	-0.5	0.5
24	8E-12	1E10	1E11	1E-30	1.37320033987422E-10	1E10	1E-30	1E10	0.185	1E-30	2.0017193768971E-11	0.41135882455754	1.14422069004308E-10	3.03564897831818E-12	0.376770961732787	3.96610524363709E-13	1.05167128809259E-10	1E5	1E10	1E-30	1E-10	1E10	1E-30	1E-10	1E10	1E-30	1E-10	1E10	1E-30	1E-10	1E10	1E-30	1E-10	1E10	1E-30	1E-10	1E10	1E-30	1E-10	1E10	1E-30	1E-10	1E10	1E-30	1E-10	1E10	1E-30	1E-10	1E10	1E-30	1E-10	1E10	1E-30	1E-10	1	-0.5	0.5
25	9E-12	1E10	1E11	1E-30	1.1574260355435E-10	1E10	1E-30	1E10	0.18	1E-30	2.87512119836412E-11	2.11960507562935	3.61848841353547E-12	5.53921572467039E-11	22.1899091256946	3.52571915860901E-12	5.14770790053063E-11	1E5	1E10	1E-30	1E-10	1E10	1E-30	1E-10	1E10	1E-30	1E-10	1E10	1E-30	1E-10	1E10	1E-30	1E-10	1E10	1E-30	1E-10	1E10	1E-30	1E-10	1E10	1E-30	1E-10	1E10	1E-30	1E-10	1E10	1E-30	1E-10	1E10	1E-30	1E-10	1E10	1E-30	1E-10	1	-0.5	0.5
26	9E-12	1E10	1E11	1E-30	1.1574260355435E-10	1E10	1E-30	1E10	0.18	1E-30	2.87512119836412E-11	2.11960507562935	3.61848841353547E-12	5.53921572467039E-11	22.1899091256946	3.52571915860901E-12	5.14770790053063E-11	1E5	1E10	1E-30	1E-10	1E10	1E-30	1E-10	1E10	1E-30	1E-10	1E10	1E-30	1E-10	1E10	1E-30	1E-10	1E10	1E-30	1E-10	1E10	1E-30	1E-10	1E10	1E-30	1E-10	1E10	1E-30	1E-10	1E10	1E-30	1E-10	1E10	1E-30	1E-10	1E10	1E-30	1E-10	1	-0.5	0.5
27	9E-12	1E10	1E11	1E-30	1.1574260355435E-10	1E10	1E-30	1E10	0.18	1E-30	2.87512119836412E-11	2.11960507562935	3.61848841353547E-12	5.53921572467039E-11	22.1899091256946	3.52571915860901E-12	5.14770790053063E-11	1E5	1E10	1E-30	1E-10	1E10	1E-30	1E-10	1E10	1E-30	1E-10	1E10	1E-30	1E-10	1E10	1E-30	1E-10	1E10	1E-30	1E-10	1E10	1E-30	1E-10	1E10	1E-30	1E-10	1E10	1E-30	1E-10	1E10	1E-30	1E-10	1E10	1E-30	1E-10	1E10	1E-30	1E-10	1	-0.5	0.5
28	1E-11	1E10	1E11	1E-30	2.01845927639645E-10	1E10	1E-30	1E10	0.196854009083607	1E-30	9.41158116203536E-12	0.118269416949258	2.4605941310611E-11	1.35064211691795E-11	0.782814557067054	2.07818133006029E-12	5.06658796306902E-11	1E5	1E10	1E-30	1E-10	1E10	1E-30	1E-10	1E10	1E-30	1E-10	1E10	1E-30	1E-10	1E10	1E-30	1E-10	1E10	1E-30	1E-10	1E10	1E-30	1E-10	1E10	1E-30	1E-10	1E10	1E-30	1E-10	1E10	1E-30	1E-10	1E10	1E-30	1E-10	1E10	1E-30	1E-10	2	-1	1
29	1E-11	1E10	1E11	1E-30	2.01845927639645E-10	1E10	1E-30	1E10	0.196854009083607	1E-30	9.41158116203536E-12	0.118269416949258	2.4605941310611E-11	1.35064211691795E-11	0.782814557067054	2.07818133006029E-12	5.06658796306902E-11	1E5	1E10	1E-30	1E-10	1E10	1E-30	1E-10	1E10	1E-30	1E-10	1E10	1E-30	1E-10	1E10	1E-30	1E-10	1E10	1E-30	1E-10	1E10	1E-30	1E-10	1E10	1E-30	1E-10	1E10	1E-30	1E-10	1E10	1E-30	1E-10	1E10	1E-30	1E-10	1E10	1E-30	1E-10	2	-2	2
30	1E-11	1E10	1E11	1E-30	2.01845927639645E-10	1E10	1E-30	1E10	0.196854009083607	1E-30	9.41158116203536E-12	0.118269416949258	2.4605941310611E-11	1.35064211691795E-11	0.782814557067054	2.07818133006029E-12	5.06658796306902E-11	1E5	1E10	1E-30	1E-10	1E10	1E-30	1E-10	1E10	1E-30	1E-10	1E10	1E-30	1E-10	1E10	1E-30	1E-10	1E10	1E-30	1E-10	1E10	1E-30	1E-10	1E10	1E-30	1E-10	1E10	1E-30	1E-10	1E10	1E-30	1E-10	1E10	1E-30	1E-10	1E10	1E-30	1E-10	2	-5	5
31	1E-11	1E10	1E11	1E-30	2.01845927639645E-10	1E10	1E-30	1E10	0.196854009083607	1E-30	9.41158116203536E-12	0.118269416949258	2.4605941310611E-11	1.35064211691795E-11	0.782814557067054	2.07818133006029E-12	5.06658796306902E-11	1E5	1E10	1E-30	1E-10	1E10	1E-30	1E-10	1E10	1E-30	1E-10	1E10	1E-30	1E-10	1E10	1E-30	1E-10	1E10	1E-30	1E-10	1E10	1E-30	1E-10	1E10	1E-30	1E-10	1E10	1E-30	1E-10	1E10	1E-30	1E-10	1E10	1E-30	1E-10	1E10	1E-30	1E-10	2	-2	2
32	1E-11	1E10	1E11	1E-30	2.01845927639645E-10	1E10	1E-30	1E10	0.196854009083607	1E-30	9.41158116203536E-12	0.118269416949258	2.4605941310611E-11	1.35064211691795E-11	0.782814557067054	2.07818133006029E-12	5.06658796306902E-11	1E5	1E10	1E-30	1E-10	1E10	1E-30	1E-10	1E10	1E-30	1E-10	1E10	1E-30	1E-10	1E10	1E-30	1E-10	1E10	1E-30	1E-10	1E10	1E-30	1E-10	1E10	1E-30	1E-10	1E10	1E-30	1E-10	1E10	1E-30	1E-10	1E10	1E-30	1E-10	1E10	1E-30	1E-10	2	-5	5
33	1E-11	1E10	1E11	1E-30	2.01845927639645E-10	1E10	1E-30	1E10	0.196854009083607	1E-30	9.41158116203536E-12	0.118269416949258	2.4605941310611E-11	1.35064211691795E-11	0.782814557067054	2.07818133006029E-12	5.06658796306902E-11	1E5	1E10	1E-30	1E-10	1E10	1E-30	1E-10	1E10	1E-30	1E-10	1E10	1E-30	1E-10	1E10	1E-30	1E-10	1E10	1E-30	1E-10	1E10	1E-30	1E-10	1E10	1E-30	1E-10	1E10	1E-30	1E-10	1E10	1E-30	1E-10	1E10	1E-30	1E-10	1E10	1E-30	1E-10	2	-1	1
34	1E-11	1E10	1E11	1E-30	2.01845927639645E-10	1E10	1E-30	1E10	0.196854009083607	1E-30	9.41158116203536E-12	0.118269416949258	2.4605941310611E-11	1.35064211691795E-11	0.782814557067054	2.07818133006029E-12	5.06658796306902E-11	1E5	1E10	1E-30	1E-10	1E10	1E-30	1E-10	1E10	1E-30	1E-10	1E10	1E-30	1E-10	1E10	1E-30	1E-10	1E10	1E-30	1E-10	1E10	1E-30	1E-10	1E10	1E-30	1E-10	1E10	1E-30	1E-10	1E10	1E-30	1E-10	1E10	1E-30	1E-10	1E10	1E-30	1E-10	2	-2	2
35	1E-11	1E10	1E11	1E-30	2.01845927639645E-10	1E10	1E-30	1E10	0.196854009083607	1E-30	9.41158116203536E-12	0.118269416949258	2.4605941310611E-11	1.35064211691795E-11	0.782814557067054	2.07818133006029E-12	5.06658796306902E-11	1E5	1E10	1E-30	1E-10	1E10	1E-30	1E-10	1E10	1E-30	1E-10	1E10	1E-30	1E-10	1E10	1E-30	1E-10	1E10	1E-30	1E-10	1E10	1E-30	1E-10	1E10	1E-30	1E-10	1E10	1E-30	1E-10	1E10	1E-30	1E-10	1E10	1E-30	1E-10	1E10	1E-30	1E-10	2	-5	5
36	1.2E-11	1E10	1E11	1E-30	1.96816181102305E-10	1E10	1E-30	1E10	0.187818500824143	1E-30	2.04428056939662E-11	0.513783745495422	3.25412734835438E-11	9.75316849600708E-12	1.15415551763602	5.4767864062535E-12	3.74863557229364E-11	1E5	1E10	1E-30	1E-10	1E10	1E-30	1E-10	1E10	1E-30	1E-10	1E10	1E-30	1E-10	1E10	1E-30	1E-10	1E10	1E-30	1E-10	1E10	1E-30	1E-10	1E10	1E-30	1E-10	1E10	1E-30	1E-10	1E10	1E-30	1E-10	1E10	1E-30	1E-10	1E10	1E-30	1E-10	2	-1	1
37	1.2E-11	1E10	1E11	1E-30	1.96816181102305E-10	1E10	1E-30	1E10	0.187818500824143	1E-30	2.04428056939662E-11	0.513783745495422	3.25412734835438E-11	9.75316849600708E-12	1.15415551763602	5.4767864062535E-12	3.74863557229364E-11	1E5	1E10	1E-30	1E-10	1E10	1E-30	1E-10	1E10	1E-30	1E-10	1E10	1E-30	1E-10	1E10	1E-30	1E-10	1E10	1E-30	1E-10	1E10	1E-30	1E-10	1E10	1E-30	1E-10	1E10	1E-30	1E-10	1E10	1E-30	1E-10	1E10	1E-30	1E-10	1E10	1E-30	1E-10	2	-2	2
38	1.2E-11	1E10	1E11	1E-30	1.96816181102305E-10	1E10	1E-30	1E10	0.187818500824143	1E-30	2.04428056939662E-11	0.513783745495422	3.25412734835438E-11	9.75316849600708E-12	1.15415551763602	5.4767864062535E-12	3.74863557229364E-11	1E5	1E10	1E-30	1E-10	1E10	1E-30	1E-10	1E10	1E-30	1E-10	1E10	1E-30	1E-10	1E10	1E-30	1E-10	1E10	1E-30	1E-10	1E10	1E-30	1E-10	1E10	1E-30	1E-10	1E10	1E-30	1E-10	1E10	1E-30	1E-10	1E10	1E-30	1E-10	1E10	1E-30	1E-10	2	-5	5
39	1.2E-11	1E10	1E11	1E-30	1.96816181102305E-10	1E10	1E-30	1E10	0.187818500824143	1E-30	2.04428056939662E-11	0.513783745495422	3.25412734835438E-11	9.75316849600708E-12	1.15415551763602	5.4767864062535E-12	3.74863557229364E-11	1E5	1E10	1E-30	1E-10	1E10	1E-30	1E-10	1E10	1E-30	1E-10	1E10	1E-30	1E-10	1E10	1E-30	1E-10	1E10	1E-30	1E-10	1E10	1E-30	1E-10	1E10	1E-30	1E-10	1E10	1E-30	1E-10	1E10	1E-30	1E-10	1E10	1E-30	1E-10	1E10	1E-30	1E-10	2	-1	1
40	1.2E-11	1E10	1E11	1E-30	1.96816181102305E-10	1E10	1E-30	1E10	0.187818500824143	1E-30	2.04428056939662E-11	0.513783745495422	3.25412734835438E-11	9.75316849600708E-12	1.15415551763602	5.4767864062535E-12	3.74863557229364E-11	1E5	1E10	1E-30	1E-10	1E10	1E-30	1E-10	1E10	1E-30	1E-10	1E10	1E-30	1E-10	1E10	1E-30	1E-10	1E10	1E-30	1E-10	1E10	1E-30	1E-10	1E10	1E-30	1E-10	1E10	1E-30	1E-10	1E10	1E-30	1E-10	1E10	1E-30	1E-10	1E10	1E-30	1E-10	2	-2	2
41	1.2E-11	1E10	1E11	1E-30	1.96816181102305E-10	1E10	1E-30	1E10	0.187818500824143	1E-30	2.04428056939662E-11	0.513783745495422	3.25412734835438E-11	9.75316849600708E-12	1.15415551763602	5.4767864062535E-12	3.74863557229364E-11	1E5	1E10	1E-30	1E-10	1E10	1E-30	1E-10	1E10	1E-30	1E-10	1E10	1E-30	1E-10	1E10	1E-30	1E-10	1E10	1E-30	1E-10	1E10	1E-30	1E-10	1E10	1E-30	1E-10	1E10	1E-30	1E-10	1E10	1E-30	1E-10	1E10	1E-30	1E-10	1E10	1E-30	1E-10	2	-5	5
42	1.2E-11	1E10	1E11	1E-30	1.96816181102305E-10	1E10	1E-30	1E10	0.187818500824143	1E-30	2.04428056939662E-11	0.513783745495422	3.25412734835438E-11	9.75316849600708E-12	1.15415551763602	5.4767864062535E-12	3.74863557229364E-11	1E5	1E10	1E-30	1E-10	1E10	1E-30	1E-10	1E10	1E-30	1E-10	1E10	1E-30	1E-10	1E10	1E-30	1E-10	1E10	1E-30	1E-10	1E10	1E-30	1E-10	1E10	1E-30	1E-10	1E10	1E-30	1E-10	1E10	1E-30	1E-10	1E10	1E-30	1E-10	1E10	1E-30	1E-10	2	-1	1
43	1.2E-11	1E10	1E11	1E-30	1.96816181102305E-10	1E10	1E-30	1E10	0.187818500824143	1E-30	2.04428056939662E-11	0.513783745495422	3.25412734835438E-11	9.75316849600708E-12	1.15415551763602	5.4767864062535E-12	3.74863557229364E-11	1E5	1E10	1E-30	1E-10	1E10	1E-30	1E-10	1E10	1E-30	1E-10	1E10	1E-30	1E-10	1E10	1E-30	1E-10	1E10	1E-30	1E-10	1E10	1E-30	1E-10	1E10	1E-30	1E-10	1E10	1E-30	1E-10	1E10	1E-30	1E-10	1E10	1E-30	1E-10	1E10	1E-30	1E-10	2	-2	2
44	1.2E-11	1E10	1E11	1E-30	1.96816181102305E-10	1E10	1E-30	1E10	0.187818500824143	1E-30	2.04428056939662E-11	0.513783745495422	3.25412734835438E-11	9.75316849600708E-12	1.15415551763602	5.4767864062535E-12	3.74863557229364E-11	1E5	1E10	1E-30	1E-10	1E10	1E-30	1E-10	1E10	1E-30	1E-10	1E10	1E-30	1E-10	1E10	1E-30	1E-10	1E10	1E-30	1E-10	1E10	1E-30	1E-10	1E10	1E-30	1E-10	1E10	1E-30	1E-10	1E10	1E-30	1E-10	1E10	1E-30	1E-10	1E10	1E-30	1E-10	2	-5	5
45	1.5E-11	1E10	1E11	1E-30	1.65932075082098E-10	1E10	1E-30	1E10	0.178059165678071	1E-30	1.47851567501163E-11	0.288446844897662	1.0785823696697E-11	2.92899683119226E-11	4.87457569657095	4.90442889859465E-12	5.39275367091492E-11	1E5	1E10	1E-30	1E-10	1E10	1E-30	1E-10	1E10	1E-30	1E-10	1E10	1E-30	1E-10	1E10	1E-30	1E-10	1E10	1E-30	1E-10	1E10	1E-30	1E-10	1E10	1E-30	1E-10	1E10	1E-30	1E-10	1E10	1E-30	1E-10	1E10	1E-30	1E-10	1E10	1E-30	1E-10	2	-1	1
46	1.5E-11	1E10	1E11	1E-30	1.65932075082098E-10	1E10	1E-30	1E10	0.178059165678071	1E-30	1.47851567501163E-11	0.288446844897662	1.0785823696697E-11	2.92899683119226E-11	4.87457569657095	4.90442889859465E-12	5.39275367091492E-11	1E5	1E10	1E-30	1E-10	1E10	1E-30	1E-10	1E10	1E-30	1E-10	1E10	1E-30	1E-10	1E10	1E-30	1E-10	1E10	1E-30	1E-10	1E10	1E-30	1E-10	1E10	1E-30	1E-10	1E10	1E-30	1E-10	1E10	1E-30	1E-10	1E10	1E-30	1E-10	1E10	1E-30	1E-10	2	-2	2
47	1.5E-11	1E10	1E11	1E-30	1.65932075082098E-10	1E10	1E-30	1E10	0.178059165678071	1E-30	1.47851567501163E-11	0.288446844897662	1.0785823696697E-11	2.92899683119226E-11	4.87457569657095	4.90442889859465E-12	5.39275367091492E-11	1E5	1E10	1E-30	1E-10	1E10	1E-30	1E-10	1E10	1E-30	1E-10	1E10	1E-30	1E-10	1E10	1E-30	1E-10	1E10	1E-30	1E-10	1E10	1E-30	1E-10	1E10	1E-30	1E-10	1E10	1E-30	1E-10	1E10	1E-30	1E-10	1E10	1E-30	1E-10	1E10	1E-30	1E-10	2	-5	5
48	1.5E-11	1E10	1E11	1E-30	1.65932075082098E-10	1E10	1E-30	1E10	0.178059165678071	1E-30	1.47851567501163E-11	0.288446844897662	1.0785823696697E-11	2.92899683119226E-11	4.87457569657095	4.90442889859465E-12	5.39275367091492E-11	1E5	1E10	1E-30	1E-10	1E10	1E-30	1E-10	1E10	1E-30	1E-10	1E10	1E-30	1E-10	1E10	1E-30	1E-10	1E10	1E-30	1E-10	1E10	1E-30	1E-10	1E10	1E-30	1E-10	1E10	1E-30	1E-10	1E10	1E-30	1E-10	1E10	1E-30	1E-10	1E10	1E-30	1E-10	2	-1	1
49	1.5E-11	1E10	1E11	1E-30	1.65932075082098E-10	1E10	1E-30	1E10	0.178059165678071	1E-30	1.47851567501163E-11	0.288446844897662	1.0785823696697E-11	2.92899683119226E-11	4.87457569657095	4.90442889859465E-12	5.39275367091492E-11	1E5	1E10	1E-30	1E-10	1E10	1E-30	1E-10	1E10	1E-30	1E-10	1E10	1E-30	1E-10	1E10	1E-30	1E-10	1E10	1E-30	1E-10	1E10	1E-30	1E-10	1E10	1E-30	1E-10	1E10	1E-30	1E-10	1E10	1E-30	1E-10	1E10	1E-30	1E-10	1E10	1E-30	1E-10	2	-2	2
50	1.5E-11	1E10	1E11	1E-30	1.65932075082098E-10	1E10	1E-30	1E10	0.178059165678071	1E-30	1.47851567501163E-11	0.288446844897662	1.0785823696697E-11	2.92899683119226E-11	4.87457569657095	4.90442889859465E-12	5.39275367091492E-11	1E5	1E10	1E-30	1E-10	1E10	1E-30	1E-10	1E10	1E-30	1E-10	1E10	1E-30	1E-10	1E10	1E-30	1E-10	1E10	1E-30	1E-10	1E10	1E-30	1E-10	1E10	1E-30	1E-10	1E10	1E-30	1E-10	1E10	1E-30	1E-10	1E10	1E-30	1E-10	1E10	1E-30	1E-10	2	-5	5
51	1.5E-11	1E10	1E11	1E-30	1.65932075082098E-10	1E10	1E-30	1E10	0.178059165678071	1E-30	1.47851567501163E-11	0.288446844897662	1.0785823696697E-11	2.92899683119226E-11	4.87457569657095	4.90442889859465E-12	5.39275367091492E-11	1E5	1E10	1E-30	1E-10	1E10	1E-30	1E-10	1E10	1E-30	1E-10	1E10	1E-30	1E-10	1E10	1E-30	1E-10	1E10	1E-30	1E-10	1E10	1E-30	1E-10	1E10	1E-30	1E-10	1E10	1E-30	1E-10	1E10	1E-30	1E-10	1E10	1E-30	1E-10	1E10	1E-30	1E-10	2	-1	1
52	1.5E-11	1E10	1E11	1E-30	1.65932075082098E-10	1E10	1E-30	1E10	0.178059165678071	1E-30	1.47851567501163E-11	0.288446844897662	1.0785823696697E-11	2.92899683119226E-11	4.87457569657095	4.90442889859465E-12	5.39275367091492E-11	1E5	1E10	1E-30	1E-10	1E10	1E-30	1E-10	1E10	1E-30	1E-10	1E10	1E-30	1E-10	1E10	1E-30	1E-10	1E10	1E-30	1E-10	1E10	1E-30	1E-10	1E10	1E-30	1E-10	1E10	1E-30	1E-10	1E10	1E-30	1E-10	1E10	1E-30	1E-10	1E10	1E-30	1E-10	2	-2	2
53	1.5E-11	1E10	1E11	1E-30	1.65932075082098E-10	1E10	1E-30	1E10	0.178059165678071	1E-30	1.47851567501163E-11	0.288446844897662	1.0785823696697E-11	2.92899683119226E-11	4.87457569657095	4.90442889859465E-12	5.39275367091492E-11	1E5	1E10	1E-30	1E-10	1E10	1E-30	1E-10	1E10	1E-30	1E-10	1E10	1E-30	1E-10	1E10	1E-30	1E-10	1E10	1E-30	1E-10	1E10	1E-30	1E-10	1E10	1E-30	1E-10	1E10	1E-30	1E-10	1E10	1E-30	1E-10	1E10	1E-30	1E-10	1E10	1E-30	1E-10	2	-5	5
54	1.8E-11	1E10	1E11	1E-30	1.6250822542149E-10	1E10	1E-30	1E10	0.158591732408603	1E-30	1.1734224894409E-11	0.221184928343074	1.61010027854348E-11	2.36988540751479E-11	2.55767849408002	5.01315823688099E-12	4.81157891271985E-11	1E5	1E10	1E-30	1E-10	1E10	1E-30	1E-10	1E10	1E-30	1E-10	1E10	1E-30	1E-10	1E10	1E-30	1E-10	1E10	1E-30	1E-10	1E10	1E-30	1E-10	1E10	1E-30	1E-10	1E10	1E-30	1E-10	1E10	1E-30	1E-10	1E10	1E-30	1E-10	1E10	1E-30	1E-10	2	-1	1
55	1.8E-11	1E10	1E11	1E-30	1.6250822542149E-10	1E10	1E-30	1E10	0.158591732408603	1E-30	1.1734224894409E-11	0.221184928343074	1.61010027854348E-11	2.36988540751479E-11	2.55767849408002	5.01315823688099E-12	4.81157891271985E-11	1E5	1E10	1E-30	1E-10	1E10	1E-30	1E-10	1E10	1E-30	1E-10	1E10	1E-30	1E-10	1E10	1E-30	1E-10	1E10	1E-30	1E-10	1E10	1E-30	1E-10	1E10	1E-30	1E-10	1E10	1E-30	1E-10	1E10	1E-30	1E-10	1E10	1E-30	1E-10	1E10	1E-30	1E-10	2	-2	2
56	1.8E-11	1E10	1E11	1E-30	1.6250822542149E-10	1E10	1E-30	1E10	0.158591732408603	1E-30	1.1734224894409E-11	0.221184928343074	1.61010027854348E-11	2.36988540751479E-11	2.55767849408002	5.01315823688099E-12	4.81157891271985E-11	1E5	1E10	1E-30	1E-10	1E10	1E-30	1E-10	1E10	1E-30	1E-10	1E10	1E-30	1E-10	1E10	1E-30	1E-10	1E10	1E-30	1E-10	1E10	1E-30	1E-10	1E10	1E-30	1E-10	1E10	1E-30	1E-10	1E10	1E-30	1E-10	1E10	1E-30	1E-10	1E10	1E-30	1E-10	2	-5	5
57	1.8E-11	1E10	1E11	1E-30	1.6250822542149E-10	1E10	1E-30	1E10	0.158591732408603	1E-30	1.1734224894409E-11	0.221184928343074	1.61010027854348E-11	2.36988540751479E-11	2.55767849408002	5.01315823688099E-12	4.81157891271985E-11	1E5	1E10	1E-30	1E-10	1E10	1E-30	1E-10	1E10	1E-30	1E-10	1E10	1E-30	1E-10	1E10	1E-30	1E-10	1E10	1E-30	1E-10	1E10	1E-30	1E-10	1E10	1E-30	1E-10	1E10	1E-30	1E-10	1E10	1E-30	1E-10	1E10	1E-30	1E-10	1E10	1E-30	1E-10	2	-1	1
58	1.8E-11	1E10	1E11	1E-30	1.6250822542149E-10	1E10	1E-30	1E10	0.158591732408603	1E-30	1.1734224894409E-11	0.221184928343074	1.61010027854348E-11	2.36988540751479E-11	2.55767849408002	5.01315823688099E-12	4.81157891271985E-11	1E5	1E10	1E-30	1E-10	1E10	1E-30	1E-10	1E10	1E-30	1E-10	1E10	1E-30	1E-10	1E10	1E-30	1E-10	1E10	1E-30	1E-10	1E10	1E-30	1E-10	1E10	1E-30	1E-10	1E10	1E-30	1E-10	1E10	1E-30	1E-10	1E10	1E-30	1E-10	1E10	1E-30	1E-10	2	-2	2
59	1.8E-11	1E10	1E11	1E-30	1.6250822542149E-10	1E10	1E-30	1E10	0.158591732408603	1E-30	1.1734224894409E-11	0.221184928343074	1.61010027854348E-11	2.36988540751479E-11	2.55767849408002	5.01315823688099E-12	4.81157891271985E-11	1E5	1E10	1E-30	1E-10	1E10	1E-30	1E-10	1E10	1E-30	1E-10	1E10	1E-30	1E-10	1E10	1E-30	1E-10	1E10	1E-30	1E-10	1E10	1E-30	1E-10	1E10	1E-30	1E-10	1E10	1E-30	1E-10	1E10	1E-30	1E-10	1E10	1E-30	1E-10	1E10	1E-30	1E-10	2	-5	5
60	1.8E-11	1E10	1E11	1E-30	1.6250822542149E-10	1E10	1E-30	1E10	0.158591732408603	1E-30	1.1734224894409E-11	0.221184928343074	1.61010027854348E-11	2.36988540751479E-11	2.55767849408002	5.01315823688099E-12	4.81157891271985E-11	1E5	1E10	1E-30	1E-10	1E10	1E-30	1E-10	1E10	1E-30	1E-10	1E10	1E-30	1E-10	1E10	1E-30	1E-10	1E10	1E-30	1E-10	1E10	1E-30	1E-10	1E10	1E-30	1E-10	1E10	1E-30	1E-10	1E10	1E-30	1E-10	1E10	1E-30	1E-10	1E10	1E-30	1E-10	2	-1	1
61	1.8E-11	1E10	1E11	1E-30	1.6250822542149E-10	1E10	1E-30	1E10	0.158591732408603	1E-30	1.1734224894409E-11	0.221184928343074	1.61010027854348E-11	2.36988540751479E-11	2.55767849408002	5.01315823688099E-12	4.81157891271985E-11	1E5	1E10	1E-30	1E-10	1E10	1E-30	1E-10	1E10	1E-30	1E-10	1E10	1E-30	1E-10	1E10	1E-30	1E-10	1E10	1E-30	1E-10	1E10	1E-30	1E-10	1E10	1E-30	1E-10	1E10	1E-30	1E-10	1E10	1E-30	1E-10	1E10	1E-30	1E-10	1E10	1E-30	1E-10	2	-2	2
62	1.8E-11	1E10	1E11	1E-30	1.6250822542149E-10	1E10	1E-30	1E10	0.158591732408603	1E-30	1.1734224894409E-11	0.221184928343074	1.61010027854348E-11	2.36988540751479E-11	2.55767849408002	5.01315823688099E-12	4.81157891271985E-11	1E5	1E10	1E-30	1E-10	1E10	1E-30	1E-10	1E10	1E-30	1E-10	1E10	1E-30	1E-10	1E10	1E-30	1E-10	1E10	1E-30	1E-10	1E10	1E-30	1E-10	1E10	1E-30	1E-10	1E10	1E-30	1E-10	1E10	1E-30	1E-10	1E10	1E-30	1E-10	1E10	1E-30	1E-10	2	-5	5
63	2.2E-11	1E10	1E11	1E-30	2.00329386099754E-10	1E10	1E-30	1E10	0.148065632423284	1E-30	1.54241882524815E-11	0.290739099009491	1.13780198126954E-11	3.02284268559661E-11	4.55650856794854	1E10	1E-30	1E-10	1E10	1E-30	1E-10	1E10	1E-30	1E-10	1E10	1E-30	1E-10	1E10	1E-30	1E-10	1E10	1E-30	1E-10	1E10	1E-30	1E-10	1E10	1E-30	1E-10	1E10	1E-30	1E-10	1E10	1E-30	1E-10	1E10	1E-30	1E-10	1E10	1E-30	1E-10	1E10	1E-30	1E-10	2	-1	1
64	2.2E-11	1E10	1E11	1E-30	2.00329386099754E-10	1E10	1E-30	1E10	0.148065632423284	1E-30	1.54241882524815E-11	0.290739099009491	1.13780198126954E-11	3.02284268559661E-11	4.55650856794854	1E10	1E-30	1E-10	1E10	1E-30	1E-10	1E10	1E-30	1E-10	1E10	1E-30	1E-10	1E10	1E-30	1E-10	1E10	1E-30	1E-10	1E10	1E-30	1E-10	1E10	1E-30	1E-10	1E10	1E-30	1E-10	1E10	1E-30	1E-10	1E10	1E-30	1E-10	1E10	1E-30	1E-10	1E10	1E-30	1E-10	2	-2	2
65	2.2E-11	1E10	1E11	1E-30	2.00329386099754E-10	1E10	1E-30	1E10	0.148065632423284	1E-30	1.54241882524815E-11	0.290739099009491	1.13780198126954E-11	3.02284268559661E-11	4.55650856794854	1E10	1E-30	1E-10	1E10	1E-30	1E-10	1E10	1E-30	1E-10	1E10	1E-30	1E-10	1E10	1E-30	1E-10	1E10	1E-30	1E-10	1E10	1E-30	1E-10	1E10	1E-30	1E-10	1E10	1E-30	1E-10	1E10	1E-30	1E-10	1E10	1E-30	1E-10	1E10	1E-30	1E-10	1E10	1E-30	1E-10	2	-5	5
66	2.2E-11	1E10	1E11	1E-30	2.00329386099754E-10	1E10	1E-30	1E10	0.148065632423284	1E-30	1.54241882524815E-11	0.290739099009491	1.13780198126954E-11	3.02284268559661E-11	4.55650856794854	1E10	1E-30	1E-10	1E10	1E-30	1E-10	1E10	1E-30	1E-10	1E10	1E-30	1E-10	1E10	1E-30	1E-10	1E10	1E-30	1E-10	1E10	1E-30	1E-10	1E10	1E-30	1E-10	1E10	1E-30	1E-10	1E10	1E-30	1E-10	1E10	1E-30	1E-10	1E10	1E-30	1E-10	1E10	1E-30	1E-10	2	-1	1
67	2.2E-11	1E10	1E11	1E-30	2.00329386099754E-10	1E10	1E-30	1E10	0.148065632423284	1E-30	1.54241882524815E-11	0.290739099009491	1.13780198126954E-11	3.02284268559661E-11	4.55650856794854	1E10	1E-30	1E-10	1E10	1E-30	1E-10	1E10	1E-30	1E-10	1E10	1E-30	1E-10	1E10	1E-30	1E-10	1E10	1E-30	1E-10	1E10	1E-30	1E-10	1E10	1E-30	1E-10	1E10	1E-30	1E-10	1E10	1E-30	1E-10	1E10	1E-30	1E-10	1E10	1E-30	1E-10	1E10	1E-30	1E-10	2	-2	2
68	2.2E-11	1E10	1E11	1E-30	2.00329386099754E-10	1E10	1E-30	1E10	0.148065632423284	1E-30	1.54241882524815E-11	0.290739099009491	1.13780198126954E-11	3.02284268559661E-11	4.55650856794854	1E10	1E-30	1E-10	1E10	1E-30	1E-10	1E10	1E-30	1E-10	1E10	1E-30	1E-10	1E10	1E-30	1E-10	1E10	1E-30	1E-10	1E10	1E-30	1E-10	1E10	1E-30	1E-10	1E10	1E-30	1E-10	1E10	1E-30	1E-10	1E10	1E-30	1E-10	1E10	1E-30	1E-10	1E10	1E-30	1E-10	2	-5	5
69	2.2E-11	1E10	1E11	1E-30	2.00329386099754E-10	1E10	1E-30	1E10	0.148065632423284	1E-30	1.54241882524815E-11	0.290739099009491	1.13780198126954E-11	3.02284268559661E-11	4.55650856794854	1E10	1E-30	1E-10	1E10	1E-30	1E-10	1E10	1E-30	1E-10	1E10	1E-30	1E-10	1E10	1E-30	1E-10	1E10	1E-30	1E-10	1E10	1E-30	1E-10	1E10	1E-30	1E-10	1E10	1E-30	1E-10	1E10	1E-30	1E-10	1E10	1E-30	1E-10	1E10	1E-30	1E-10	1E10	1E-30	1E-10	2	-1	1
70	2.2E-11	1E10	1E11	1E-30	2.00329386099754E-10	1E10	1E-30	1E10	0.148065632423284	1E-30	1.54241882524815E-11	0.290739099009491	1.13780198126954E-11	3.02284268559661E-11	4.55650856794854	1E10	1E-30	1E-10	1E10	1E-30	1E-10	1E10	1E-30	1E-10	1E10	1E-30	1E-10	1E10	1E-30	1E-10	1E10	1E-30	1E-10	1E10	1E-30	1E-10	1E10	1E-30	1E-10	1E10	1E-30	1E-10	1E10	1E-30	1E-10	1E10	1E-30	1E-10	1E10	1E-30	1E-10	1E10	1E-30	1E-10	2	-2	2
71	2.2E-11	1E10	1E11	1E-30	2.00329386099754E-10	1E10	1E-30	1E10	0.148065632423284	1E-30	1.54241882524815E-11	0.290739099009491	1.13780198126954E-11	3.02284268559661E-11	4.55650856794854	1E10	1E-30	1E-10	1E10	1E-30	1E-10	1E10	1E-30	1E-10	1E10	1E-30	1E-10	1E10	1E-30	1E-10	1E10	1E-30	1E-10	1E10	1E-30	1E-10	1E10	1E-30	1E-10	1E10	1E-30	1E-10	1E10	1E-30	1E-10	1E10	1E-30	1E-10	1E10	1E-30	1E-10	1E10	1E-30	1E-10	2	-5	5
72	2.7E-11	1E10	1E11	1E-30	1.4407216563788E-10	1E10	1E-30	1E10	0.148909721118967	1E-30	1.20684043947077E-11	0.227484063521787	8.90068486165352E-12	3.90982075147552E-11	4.41850603264584	3.63488162974199E-12	5.39397281493351E-11	1E5	1E10	1E-30	1E-10	1E10	1E-30	1E-10	1E10	1E-30	1E-10	1E10	1E-30	1E-10	1E10	1E-30	1E-10	1E10	1E-30	1E-10	1E10	1E-30	1E-10	1E10	1E-30	1E-10	1E10	1E-30	1E-10	1E10	1E-30	1E-10	1E10	1E-30	1E-10	1E10	1E-30	1E-10	2	-1	1
73	2.7E-11	1E10	1E11	1E-30	1.4407216563788E-10	1E10	1E-30	1E10	0.148909721118967	1E-30	1.20684043947077E-11	0.227484063521787	8.90068486165352E-12	3.90982075147552E-11	4.41850603264584	3.63488162974199E-12	5.39397281493351E-11	1E5	1E10	1E-30	1E-10	1E10	1E-30	1E-10	1E10	1E-30	1E-10	1E10	1E-30	1E-10	1E10	1E-30	1E-10	1E10	1E-30	1E-10	1E10	1E-30	1E-10	1E10	1E-30	1E-10	1E10	1E-30	1E-10	1E10	1E-30	1E-10	1E10	1E-30	1E-10	1E10	1E-30	1E-10	2	-2	2
74	2.7E-11	1E10	1E11	1E-30	1.4407216563788E-10	1E10	1E-30	1E10	0.148909721118967	1E-30	1.20684043947077E-11	0.227484063521787	8.90068486165352E-12	3.90982075147552E-11	4.41850603264584	3.63488162974199E-12	5.39397281493351E-11	1E5	1E10	1E-30	1E-10	1E10	1E-30	1E-10	1E10	1E-30	1E-10	1E10	1E-30	1E-10	1E10	1E-30	1E-10	1E10	1E-30	1E-10	1E10	1E-30	1E-10	1E10	1E-30	1E-10	1E10	1E-30	1E-10	1E10	1E-30	1E-10	1E10	1E-30	1E-10	1E10	1E-30	1E-10	2	-5	5
75	2.7E-11	1E10	1E11	1E-30	1.4407216563788E-10	1E10	1E-30	1E10	0.148909721118967	1E-30	1.20684043947077E-11	0.227484063521787	8.90068486165352E-12	3.90982075147552E-11	4.41850603264584	3.63488162974199E-12	5.39397281493351E-11	1E5	1E10	1E-30	1E-10	1E10	1E-30	1E-10	1E10	1E-30	1E-10	1E10	1E-30	1E-10	1E10	1E-30	1E-10	1E10	1E-30	1E-10	1E10	1E-30	1E-10	1E10	1E-30	1E-10	1E10	1E-30	1E-10	1E10	1E-30	1E-10	1E10	1E-30	1E-10	1E10	1E-30	1E-10	2	-1	1
76	2.7E-11	1E10	1E11	1E-30	1.4407216563788E-10	1E10	1E-30	1E10	0.148909721118967	1E-30	1.20684043947077E-11	0.227484063521787	8.90068486165352E-12	3.90982075147552E-11	4.41850603264584	3.63488162974199E-12	5.39397281493351E-11	1E5	1E10	1E-30	1E-10	1E10	1E-30	1E-10	1E10	1E-30	1E-10	1E10	1E-30	1E-10	1E10	1E-30	1E-10	1E10	1E-30	1E-10	1E10	1E-30	1E-10	1E10	1E-30	1E-10	1E10	1E-30	1E-10	1E10	1E-30	1E-10	1E10	1E-30	1E-10	1E10	1E-30	1E-10	2	-2	2
77	2.7E-11	1E10	1E11	1E-30	1.4407216563788E-10	1E10	1E-30	1E10	0.148909721118967	1E-30	1.20684043947077E-11	0.227484063521787	8.90068486165352E-12	3.90982075147552E-11	4.41850603264584	3.63488162974199E-12	5.39397281493351E-11	1E5	1E10	1E-30	1E-10	1E10	1E-30	1E-10	1E10	1E-30	1E-10	1E10	1E-30	1E-10	1E10	1E-30	1E-10	1E10	1E-30	1E-10	1E10	1E-30	1E-10	1E10	1E-30	1E-10	1E10	1E-30	1E-10	1E10	1E-30	1E-10	1E10	1E-30	1E-10	1E10	1E-30	1E-10	2	-5	5
78	2.7E-11	1E10	1E11	1E-30	1.4407216563788E-10	1E10	1E-30	1E10	0.148909721118967	1E-30	1.20684043947077E-11	0.227484063521787	8.90068486165352E-12	3.90982075147552E-11	4.41850603264584	3.63488162974199E-12	5.39397281493351E-11	1E5	1E10	1E-30	1E-10	1E10	1E-30	1E-10	1E10	1E-30	1E-10	1E10	1E-30	1E-10	1E10	1E-30	1E-10	1E10	1E-30	1E-10	1E10	1E-30	1E-10	1E10	1E-30	1E-10	1E10	1E-30	1E-10	1E10	1E-30	1E-10	1E10	1E-30	1E-10	1E10	1E-30	1E-10	2	-1	1
79	2.7E-11	1E10	1E11	1E-30	1.4407216563788E-10	1E10	1E-30	1E10	0.148909721118967	1E-30	1.20684043947077E-11	0.227484063521787	8.90068486165352E-12	3.90982075147552E-11	4.41850603264584	3.63488162974199E-12	5.39397281493351E-11	1E5	1E10	1E-30	1E-10	1E10	1E-30	1E-10	1E10	1E-30	1E-10	1E10	1E-30	1E-10	1E10	1E-30	1E-10	1E10	1E-30	1E-10	1E10	1E-30	1E-10	1E10	1E-30	1E-10	1E10	1E-30	1E-10	1E10	1E-30	1E-10	1E10	1E-30	1E-10	1E10	1E-30	1E-10	2	-2	2
80	2.7E-11	1E10	1E11	1E-30	1.4407216563788E-10	1E10	1E-30	1E10	0.148909721118967	1E-30	1.20684043947077E-11	0.227484063521787	8.90068486165352E-12	3.90982075147552E-11	4.41850603264584	3.63488162974199E-12	5.39397281493351E-11	1E5	1E10	1E-30	1E-10	1E10	1E-30	1E-10	1E10	1E-30	1E-10	1E10	1E-30	1E-10	1E10	1E-30	1E-10	1E10	1E-30	1E-10	1E10	1E-30	1E-10	1E10	1E-30	1E-10	1E10	1E-30	1E-10	1E10	1E-30	1E-10	1E10	1E-30	1E-10	1E10	1E-30	1E-10	2	-5	5
81	3.3E-11	1E10	1E11	1E-30	8.57409433025515E-11	1E10	1E-30	1E10	0.146372678330003	1E-30	8.46391949211286E-12	0.111373376866825	9.35547991686432E-12	3.53595026751788E-11	3.62847441512071	6.74692129073953E-13	1.1838410145894E-10	1E5	1E10	1E-30	1E-10	1E10	1E-30	1E-10	1E10	1E-30	1E-10	1E10	1E-30	1E-10	1E10	1E-30	1E-10	1E10	1E-30	1E-10	1E10	1E-30	1E-10	1E10	1E-30	1E-10	1E10	1E-30	1E-10	1E10	1E-30	1E-10	1E10	1E-30	1E-10	1E10	1E-30	1E-10	2	-1	1
82	3.3E-11	1E10	1E11	1E-30	8.57409433025515E-11	1E10	1E-30	1E10	0.146372678330003	1E-30	8.46391949211286E-12	0.111373376866825	9.35547991686432E-12	3.53595026751788E-11	3.62847441512071	6.74692129073953E-13	1.1838410145894E-10	1E5	1E10	1E-30	1E-10	1E10	1E-30	1E-10	1E10	1E-30	1E-10	1E10	1E-30	1E-10	1E10	1E-30	1E-10	1E10	1E-30	1E-10	1E10	1E-30	1E-10	1E10	1E-30	1E-10	1E10	1E-30	1E-10	1E10	1E-30	1E-10	1E10	1E-30	1E-10	1E10	1E-30	1E-10	2	-2	2
83	3.3E-11	1E10	1E11	1E-30	8.57409433025515E-11	1E10	1E-30	1E10	0.146372678330003	1E-30	8.46391949211286E-12	0.111373376866825	9.35547991686432E-12	3.53595026751788E-11	3.62847441512071	6.74692129073953E-13	1.1838410145894E-10	1E5	1E10	1E-30	1E-10	1E10	1E-30	1E-10	1E10	1E-30	1E-10	1E10	1E-30	1E-10	1E10	1E-30	1E-10	1E10	1E-30	1E-10	1E10	1E-30	1E-10	1E10	1E-30	1E-10	1E10	1E-30	1E-10	1E10	1E-30	1E-10	1E10	1E-30	1E-10	1E10	1E-30	1E-10	2	-5	5
84	3.3E-11	1E10	1E11	1E-30	8.57409433025515E-11	1E10	1E-30	1E10	0.146372678330003	1E-30	8.46391949211286E-12	0.111373376866825	9.35547991686432E-12	3.53595026751788E-11	3.62847441512071	6.74692129073953E-13	1.1838410145894E-10	1E5	1E10	1E-30	1E-10	1E10	1E-30	1E-10	1E10	1E-30	1E-10	1E10	1E-30	1E-10	1E10	1E-30	1E-10	1E10	1E-30	1E-10	1E10	1E-30	1E-10	1E10	1E-30	1E-10	1E10	1E-30	1E-10	1E10	1E-30	1E-10	1E10	1E-30	1E-10	1E10	1E-30	1E-10	2	-1	1
85	3.3E-11	1E10	1E11	1E-30	8.57409433025515E-11	1E10	1E-30	1E10	0.146372678330003	1E-30	8.46391949211286E-12	0.111373376866825	9.35547991686432E-12	3.53595026751788E-11	3.62847441512071	6.74692129073953E-13	1.1838410145894E-10	1E5	1E10	1E-30	1E-10	1E10	1E-30	1E-10	1E10	1E-30	1E-10	1E10	1E-30	1E-10	1E10	1E-30	1E-10	1E10	1E-30	1E-10	1E10	1E-30	1E-10	1E10	1E-30	1E-10	1E10	1E-30	1E-10	1E10	1E-30	1E-10	1E10	1E-30	1E-10	1E10	1E-30	1E-10	2	-2	2
86	3.3E-11	1E10	1E11	1E-30	8.57409433025515E-11	1E10	1E-30	1E10	0.146372678330003	1E-30	8.46391949211286E-12	0.111373376866825	9.35547991686432E-12	3.53595026751788E-11	3.62847441512071	6.74692129073953E-13	1.1838410145894E-10	1E5	1E10	1E-30	1E-10	1E10	1E-30	1E-10	1E10	1E-30	1E-10	1E10	1E-30	1E-10	1E10	1E-30	1E-10	1E10	1E-30	1E-10	1E10	1E-30	1E-10	1E10	1E-30	1E-10	1E10	1E-30	1E-10	1E10	1E-30	1E-10	1E10	1E-30	1E-10	1E10	1E-30	1E-10	2	-5	5
87	3.3E-11	1E10	1E11	1E-30	8.57409433025515E-11	1E10	1E-30	1E10	0.146372678330003	1E-30	8.46391949211286E-12	0.111373376866825	9.35547991686432E-12	3.53595026751788E-11	3.62847441512071	6.74692129073953E-13	1.1838410145894E-10	1E5	1E10	1E-30	1E-10	1E10	1E-30	1E-10	1E10	1E-30	1E-10	1E10	1E-30	1E-10	1E10	1E-30	1E-10	1E10	1E-30	1E-10	1E10	1E-30	1E-10	1E10	1E-30	1E-10	1E10	1E-30	1E-10	1E10	1E-30	1E-10	1E10	1E-30	1E-10	1E10	1E-30	1E-10	2	-1	1
88	3.3E-11	1E10	1E11	1E-30	8.57409433025515E-11	1E10	1E-30	1E10	0.146372678330003	1E-30	8.46391949211286E-12	0.111373376866825	9.35547991686432E-12	3.53595026751788E-11	3.62847441512071	6.74692129073953E-13	1.1838410145894E-10	1E5	1E10	1E-30	1E-10	1E10	1E-30	1E-10	1E10	1E-30	1E-10	1E10	1E-30	1E-10	1E10	1E-30	1E-10	1E10	1E-30	1E-10	1E10	1E-30	1E-10	1E10	1E-30	1E-10	1E10	1E-30	1E-10	1E10	1E-30	1E-10	1E10	1E-30	1E-10	1E10	1E-30	1E-10	2	-2	2
89	3.3E-11	1E10	1E11	1E-30	8.57409433025515E-11	1E10	1E-30	1E10	0.146372678330003	1E-30	8.46391949211286E-12	0.111373376866825	9.35547991686432E-12	3.53595026751788E-11	3.62847441512071	6.74692129073953E-13	1.1838410145894E-10	1E5	1E10	1E-30	1E-10	1E10	1E-30	1E-10	1E10	1E-30	1E-10	1E10	1E-30	1E-10	1E10	1E-30	1E-10	1E10	1E-30	1E-10	1E10	1E-30	1E-10	1E10	1E-30	1E-10	1E10	1E-30	1E-10	1E10	1E-30	1E-10	1E10	1E-30	1E-10	1E10	1E-30	1E-10	2	-5	5
90	3.9E-11	1E10	1E11	1E-30	1.63726135104609E-10	1E10	1E-30	1E10	0.13027005135066	1E-30	1.61770438204791E-11	0.203286728092869	7.01413912748109E-10	2.28288818929316E-12	0.248797353084928	4.1179032373443E-11	1.60286181049226E-11	1.4659325854196	3.80546029645401E-12	5.03491137816268E-11	1E5	1E10	1E-30	1E-10	1E10	1E-30	1E-10	1E10	1E-30	1E-10	1E10	1E-30	1E-10	1E10	1E-30	1E-10	1E10	1E-30	1E-10	1E10	1E-30	1E-10	1E10	1E-30	1E-10	1E10	1E-30	1E-10	1E10	1E-30	1E-10	1E10	1E-30	1E-10	2	-1	1
91	3.9E-11	1E10	1E11	1E-30	1.63726135104609E-10	1E10	1E-30	1E10	0.13027005135066	1E-30	1.61770438204791E-11	0.203286728092869	7.01413912748109E-10	2.28288818929316E-12	0.248797353084928	4.1179032373443E-11	1.60286181049226E-11	1.4659325854196	3.80546029645401E-12	5.03491137816268E-11	1E5	1E10	1E-30	1E-10	1E10	1E-30	1E-10	1E10	1E-30	1E-10	1E10	1E-30	1E-10	1E10	1E-30	1E-10	1E10	1E-30	1E-10	1E10	1E-30	1E-10	1E10	1E-30	1E-10	1E10	1E-30	1E-10	1E10	1E-30	1E-10	1E10	1E-30	1E-10	2	-2	2
92	3.9E-11	1E10	1E11	1E-30	1.63726135104609E-10	1E10	1E-30	1E10	0.13027005135066	1E-30	1.61770438204791E-11	0.203286728092869	7.01413912748109E-10	2.28288818929316E-12	0.248797353084928	4.1179032373443E-11	1.60286181049226E-11	1.4659325854196	3.80546029645401E-12	5.03491137816268E-11	1E5	1E10	1E-30	1E-10	1E10	1E-30	1E-10	1E10	1E-30	1E-10	1E10	1E-30	1E-10	1E10	1E-30	1E-10	1E10	1E-30	1E-10	1E10	1E-30	1E-10	1E10	1E-30	1E-10	1E10	1E-30	1E-10	1E10	1E-30	1E-10	1E10	1E-30	1E-10	2	-5	5
93	3.9E-11	1E10	1E11	1E-30	1.63726135104609E-10	1E10	1E-30	1E10	0.13027005135066	1E-30	1.61770438204791E-11	0.203286728092869	7.01413912748109E-10	2.28288818929316E-12	0.248797353084928	4.1179032373443E-11	1.60286181049226E-11	1.4659325854196	3.80546029645401E-12	5.03491137816268E-11	1E5	1E10	1E-30	1E-10	1E10	1E-30	1E-10	1E10	1E-30	1E-10	1E10	1E-30	1E-10	1E10	1E-30	1E-10	1E10	1E-30	1E-10	1E10	1E-30	1E-10	1E10	1E-30	1E-10	1E10	1E-30	1E-10	1E10	1E-30	1E-10	1E10	1E-30	1E-10	2	-1	1
94	3.9E-11	1E10	1E11	1E-30	1.63726135104609E-10	1E10	1E-30	1E10	0.13027005135066	1E-30	1.61770438204791E-11	0.203286728092869	7.01413912748109E-10	2.28288818929316E-12	0.248797353084928	4.1179032373443E-11	1.60286181049226E-11	1.4659325854196	3.80546029645401E-12	5.03491137816268E-11	1E5	1E10	1E-30	1E-10	1E10	1E-30	1E-10	1E10	1E-30	1E-10	1E10	1E-30	1E-10	1E10	1E-30	1E-10	1E10	1E-30	1E-10	1E10	1E-30	1E-10	1E10	1E-30	1E-10	1E10	1E-30	1E-10	1E10	1E-30	1E-10	1E10	1E-30	1E-10	2	-2	2
95	3.9E-11	1E10	1E11	1E-30	1.63726135104609E-10	1E10	1E-30	1E10	0.13027005135066	1E-30	1.61770438204791E-11	0.203286728092869	7.01413912748109E-10	2.28288818929316E-12	0.248797353084928	4.1179032373443E-11	1.60286181049226E-11	1.4659325854196	3.80546029645401E-12	5.03491137816268E-11	1E5	1E10	1E-30	1E-10	1E10	1E-30	1E-10	1E10	1E-30	1E-10	1E10	1E-30	1E-10	1E10	1E-30	1E-10	1E10	1E-30	1E-10	1E10	1E-30	1E-10	1E10	1E-30	1E-10	1E10	1E-30	1E-10	1E10	1E-30	1E-10	1E10	1E-30	1E-10	2	-5	5
96	3.9E-11	1E10	1E11	1E-30	1.63726135104609E-10	1E10	1E-30	1E10	0.13027005135066	1E-30	1.61770438204791E-11	0.203286728092869	7.01413912748109E-10	2.28288818929316E-12	0.248797353084928	4.1179032373443E-11	1.60286181049226E-11	1.4659325854196	3.80546029645401E-12	5.03491137816268E-11	1E5	1E10	1E-30	1E-10	1E10	1E-30	1E-10	1E10	1E-30	1E-10	1E10	1E-30	1E-10	1E10	1E-30	1E-10	1E10	1E-30	1E-10	1E10	1E-30	1E-10	1E10	1E-30	1E-10	1E10	1E-30	1E-10	1E10	1E-30	1E-10	1E10	1E-30	1E-10	2	-1	1
97	3.9E-11	1E10	1E11	1E-30	1.63726135104609E-10	1E10	1E-30	1E10	0.13027005135066	1E-30	1.61770438204791E-11	0.203286728092869	7.01413912748109E-10	2.28288818929316E-12	0.248797353084928	4.1179032373443E-11	1.60286181049226E-11	1.4659325854196	3.80546029645401E-12	5.03491137816268E-11	1E5	1E10	1E-30	1E-10	1E10	1E-30	1E-10	1E10	1E-30	1E-10	1E10	1E-30	1E-10	1E10	1E-30	1E-10	1E10	1E-30	1E-10	1E10	1E-30	1E-10	1E10	1E-30	1E-10	1E10	1E-30	1E-10	1E10	1E-30	1E-10	1E10	1E-30	1E-10	2	-2	2
98	3.9E-11	1E10	1E11	1E-30	1.63726135104609E-10	1E10	1E-30	1E10	0.13027005135066	1E-30	1.61770438204791E-11	0.203286728092869	7.01413912748109E-10	2.28288818929316E-12	0.248797353084928	4.1179032373443E-11	1.60286181049226E-11	1.4659325854196	3.80546029645401E-12	5.03491137816268E-11	1E5	1E10	1E-30	1E-10	1E10	1E-30	1E-10	1E10	1E-30	1E-10	1E10	1E-30	1E-10	1E10	1E-30	1E-10	1E10	1E-30	1E-10	1E10	1E-30	1E-10	1E10	1E-30	1E-10	1E10	1E-30	1E-10	1E10	1E-30	1E-10	1E10	1E-30	1E-10	2	-5	5
99	4.7E-11	1E10	1E11	1E-30	1.66115018212035E-10	1E10	1E-30	1E10	0.125639901697349	1E-30	1.31134713186964E-11	0.164788740631508	5.80715635311417E-10	3.31509133297763E-12	0.261731872605627	9.56821364765212E-11	9.24034410716377E-12	1.09897868077642	1.69318535842418E-11	1.93529748378756E-11	2.52997149082084	4.90142685242827E-12	3.1774337205022E-11	1E5	1E10	1E-30	1E-10	1E10	1E-30	1E-10	1E10	1E-30	1E-10	1E10	1E-30	1E-10	1E10	1E-30	1E-10	1E10	1E-30	1E-10	1E10	1E-30	1E-10	1E10	1E-30	1E-10	1E10	1E-30	1E-10	1E10	1E-30	1E-10	2	-1	1
100	4.7E-11	1E10	1E11	1E-30	1.66115018212035E-10	1E10	1E-30	1E10	0.125639901697349	1E-30	1.31134713186964E-11	0.164788740631508	5.80715635311417E-10	3.31509133297763E-12	0.261731872605627	9.56821364765212E-11	9.24034410716377E-12	1.09897868077642	1.69318535842418E-11	1.93529748378756E-11	2.52997149082084	4.90142685242827E-12	3.1774337205022E-11	1E5	1E10	1E-30	1E-10	1E10	1E-30	1E-10	1E10	1E-30	1E-10	1E10	1E-30	1E-10	1E10	1E-30	1E-10	1E10	1E-30	1E-10	1E10	1E-30	1E-10	1E10	1E-30	1E-10	1E10	1E-30	1E-10	1E10	1E-30	1E-10	2	-2	2
101	4.7E-11	1E10	1E11	1E-30	1.66115018212035E-10	1E10	1E-30	1E10	0.125639901697349	1E-30	1.31134713186964E-11	0.164788740631508	5.80715635311417E-10	3.31509133297763E-12	0.261731872605627	9.56821364765212E-11	9.24034410716377E-12	1.09897868077642	1.69318535842418E-11	1.93529748378756E-11	2.52997149082084	4.90142685242827E-12	3.1774337205022E-11	1E5	1E10	1E-30	1E-10	1E10	1E-30	1E-10	1E10	1E-30	1E-10	1E10	1E-30	1E-10	1E10	1E-30	1E-10	1E10	1E-30	1E-10	1E10	1E-30	1E-10	1E10	1E-30	1E-10	1E10	1E-30	1E-10	1E10	1E-30	1E-10	2	-5	5
102	4.7E-11	1E10	1E11	1E-30	1.66115018212035E-10	1E10	1E-30	1E10	0.125639901697349	1E-30	1.31134713186964E-11	0.164788740631508	5.80715635311417E-10	3.31509133297763E-12	0.261731872605627	9.56821364765212E-11	9.24034410716377E-12	1.09897868077642	1.69318535842418E-11	1.93529748378756E-11	2.52997149082084	4.90142685242827E-12	3.1774337205022E-11	1E5	1E10	1E-30	1E-10	1E10	1E-30	1E-10	1E10	1E-30	1E-10	1E10	1E-30	1E-10	1E10	1E-30	1E-10	1E10	1E-30	1E-10	1E10	1E-30	1E-10	1E10	1E-30	1E-10	1E10	1E-30	1E-10	1E10	1E-30	1E-10	2	-1	1
103	4.7E-11	1E10	1E11	1E-30	1.66115018212035E-10	1E10	1E-30	1E10	0.125639901697349	1E-30	1.31134713186964E-11	0.164788740631508	5.80715635311417E-10	3.31509133297763E-12	0.261731872605627	9.56821364765212E-11	9.24034410716377E-12	1.09897868077642	1.69318535842418E-11	1.93529748378756E-11	2.52997149082084	4.90142685242827E-12	3.1774337205022E-11	1E5	1E10	1E-30	1E-10	1E10	1E-30	1E-10	1E10	1E-30	1E-10	1E10	1E-30	1E-10	1E10	1E-30	1E-10	1E10	1E-30	1E-10	1E10	1E-30	1E-10	1E10	1E-30	1E-10	1E10	1E-30	1E-10	1E10	1E-30	1E-10	2	-2	2
104	4.7E-11	1E10	1E11	1E-30	1.66115018212035E-10	1E10	1E-30	1E10	0.125639901697349	1E-30	1.31134713186964E-11	0.164788740631508	5.80715635311417E-10	3.31509133297763E-12	0.261731872605627	9.56821364765212E-11	9.24034410716377E-12	1.09897868077642	1.69318535842418E-11	1.93529748378756E-11	2.52997149082084	4.90142685242827E-12	3.1774337205022E-11	1E5	1E10	1E-30	1E-10	1E10	1E-30	1E-10	1E10	1E-30	1E-10	1E10	1E-30	1E-10	1E10	1E-30	1E-10	1E10	1E-30	1E-10	1E10	1E-30	1E-10	1E10	1E-30	1E-10	1E10	1E-30	1E-10	1E10	1E-30	1E-10	2	-5	5
105	4.7E-11	1E10	1E11	1E-30	1.66115018212035E-10	1E10	1E-30	1E10	0.125639901697349	1E-30	1.31134713186964E-11	0.164788740631508	5.80715635311417E-10	3.31509133297763E-12	0.261731872605627	9.56821364765212E-11	9.24034410716377E-12	1.09897868077642	1.69318535842418E-11	1.93529748378756E-11	2.52997149082084	4.90142685242827E-12	3.1774337205022E-11	1E5	1E10	1E-30	1E-10	1E10	1E-30	1E-10	1E10	1E-30	1E-10	1E10	1E-30	1E-10	1E10	1E-30	1E-10	1E10	1E-30	1E-10	1E10	1E-30	1E-10	1E10	1E-30	1E-10	1E10	1E-30	1E-10	1E10	1E-30	1E-10	2	-1	1
106	4.7E-11	1E10	1E11	1E-30	1.66115018212035E-10	1E10	1E-30	1E10	0.125639901697349	1E-30	1.31134713186964E-11	0.164788740631508	5.80715635311417E-10	3.31509133297763E-12	0.261731872605627	9.56821364765212E-11	9.24034410716377E-12	1.09897868077642	1.69318535842418E-11	1.93529748378756E-11	2.52997149082084	4.90142685242827E-12	3.1774337205022E-11	1E5	1E10	1E-30	1E-10	1E10	1E-30	1E-10	1E10	1E-30	1E-10	1E10	1E-30	1E-10	1E10	1E-30	1E-10	1E10	1E-30	1E-10	1E10	1E-30	1E-10	1E10	1E-30	1E-10	1E10	1E-30	1E-10	1E10	1E-30	1E-10	2	-2	2
107	4.7E-11	1E10	1E11	1E-30	1.66115018212035E-10	1E10	1E-30	1E10	0.125639901697349	1E-30	1.31134713186964E-11	0.164788740631508	5.80715635311417E-10	3.31509133297763E-12	0.261731872605627	9.56821364765212E-11	9.24034410716377E-12	1.09897868077642	1.69318535842418E-11	1.93529748378756E-11	2.52997149082084	4.90142685242827E-12	3.1774337205022E-11	1E5	1E10	1E-30	1E-10	1E10	1E-30	1E-10	1E10	1E-30	1E-10	1E10	1E-30	1E-10	1E10	1E-30	1E-10	1E10	1E-30	1E-10	1E10	1E-30	1E-10	1E10	1E-30	1E-10	1E10	1E-30	1E-10	1E10	1E-30	1E-10	2	-5	5
108	5.6E-11	1E10	1E11	1E-30	1.29583279960095E-10	1E10	1E-30	1E10	0.120730072979047	1E-30	1.12214837283916E-11	0.14101332337397	4.76922881300955E-10	4.85300633442179E-12	0.349439481746681	7.8203567382436E-11	1.34959188129235E-11	1.31088191338653	1.88762898372863E-11	1.73594355246207E-11	2.26936051650724	3.64204862586649E-12	5.63706815953114E-11	1E5	1E10	1E-30	1E-10	1E10	1E-30	1E-10	1E10	1E-30	1E-10	1E10	1E-30	1E-10	1E10	1E-30	1E-10	1E10	1E-30	1E-10	1E10	1E-30	1E-10	1E10	1E-30	1E-10	1E10	1E-30	1E-10	1E10	1E-30	1E-10	2	-1	1
109	5.6E-11	1E10	1E11	1E-30	1.29583279960095E-10	1E10	1E-30	1E10	0.120730072979047	1E-30	1.12214837283916E-11	0.14101332337397	4.76922881300955E-10	4.85300633442179E-12	0.349439481746681	7.8203567382436E-11	1.34959188129235E-11	1.31088191338653	1.88762898372863E-11	1.73594355246207E-11	2.26936051650724	3.64204862586649E-12	5.63706815953114E-11	1E5	1E10	1E-30	1E-10	1E10	1E-30	1E-10	1E10	1E-30	1E-10	1E10	1E-30	1E-10	1E10	1E-30	1E-10	1E10	1E-30	1E-10	1E10	1E-30	1E-10	1E10	1E-30	1E-10	1E10	1E-30	1E-10	1E10	1E-30	1E-10	2	-2	2
110	5.6E-11	1E10	1E11	1E-30	1.29583279960095E-10	1E10	1E-30	1E10	0.120730072979047	1E-30	1.12214837283916E-11	0.14101332337397	4.76922881300955E-10	4.85300633442179E-12	0.349439481746681	7.8203567382436E-11	1.34959188129235E-11	1.31088191338653	1.88762898372863E-11	1.73594355246207E-11	2.26936051650724	3.64204862586649E-12	5.63706815953114E-11	1E5	1E10	1E-30	1E-10	1E10	1E-30	1E-10	1E10	1E-30	1E-10	1E10	1E-30	1E-10	1E10	1E-30	1E-10	1E10	1E-30	1E-10	1E10	1E-30	1E-10	1E10	1E-30	1E-10	1E10	1E-30	1E-10	1E10	1E-30	1E-10	2	-5	5
111	5.6E-11	1E10	1E11	1E-30	1.29583279960095E-10	1E10	1E-30	1E10	0.120730072979047	1E-30	1.12214837283916E-11	0.14101332337397	4.76922881300955E-10	4.85300633442179E-12	0.349439481746681	7.8203567382436E-11	1.34959188129235E-11	1.31088191338653	1.88762898372863E-11	1.73594355246207E-11	2.26936051650724	3.64204862586649E-12	5.63706815953114E-11	1E5	1E10	1E-30	1E-10	1E10	1E-30	1E-10	1E10	1E-30	1E-10	1E10	1E-30	1E-10	1E10	1E-30	1E-10	1E10	1E-30	1E-10	1E10	1E-30	1E-10	1E10	1E-30	1E-10	1E10	1E-30	1E-10	1E10	1E-30	1E-10	2	-1	1
112	5.6E-11	1E10	1E11	1E-30	1.29583279960095E-10	1E10	1E-30	1E10	0.120730072979047	1E-30	1.12214837283916E-11	0.14101332337397	4.76922881300955E-10	4.85300633442179E-12	0.349439481746681	7.8203567382436E-11	1.34959188129235E-11	1.31088191338653	1.88762898372863E-11	1.73594355246207E-11	2.26936051650724	3.64204862586649E-12	5.63706815953114E-11	1E5	1E10	1E-30	1E-10	1E10	1E-30	1E-10	1E10	1E-30	1E-10	1E10	1E-30	1E-10	1E10	1E-30	1E-10	1E10	1E-30	1E-10	1E10	1E-30	1E-10	1E10	1E-30	1E-10	1E10	1E-30	1E-10	1E10	1E-30	1E-10	2	-2	2
113	5.6E-11	1E10	1E11	1E-30	1.29583279960095E-10	1E10	1E-30	1E10	0.120730072979047	1E-30	1.12214837283916E-11	0.14101332337397	4.76922881300955E-10	4.85300633442179E-12	0.349439481746681	7.8203567382436E-11	1.34959188129235E-11	1.31088191338653	1.88762898372863E-11	1.73594355246207E-11	2.26936051650724	3.64204862586649E-12	5.63706815953114E-11	1E5	1E10	1E-30	1E-10	1E10	1E-30	1E-10	1E10	1E-30	1E-10	1E10	1E-30	1E-10	1E10	1E-30	1E-10	1E10	1E-30	1E-10	1E10	1E-30	1E-10	1E10	1E-30	1E-10	1E10	1E-30	1E-10	1E10	1E-30	1E-10	2	-5	5
114	5.6E-11	1E10	1E11	1E-30	1.29583279960095E-10	1E10	1E-30	1E10	0.120730072979047	1E-30	1.12214837283916E-11	0.14101332337397	4.76922881300955E-10	4.85300633442179E-12	0.349439481746681	7.8203567382436E-11	1.34959188129235E-11	1.31088191338653	1.88762898372863E-11	1.73594355246207E-11	2.26936051650724	3.64204862586649E-12	5.63706815953114E-11	1E5	1E10	1E-30	1E-10	1E10	1E-30	1E-10	1E10	1E-30	1E-10	1E10	1E-30	1E-10	1E10	1E-30	1E-10	1E10	1E-30	1E-10	1E10	1E-30	1E-10	1E10	1E-30	1E-10	1E10	1E-30	1E-10	1E10	1E-30	1E-10	2	-1	1
115	5.6E-11	1E10	1E11	1E-30	1.29583279960095E-10	1E10	1E-30	1E10	0.120730072979047	1E-30	1.12214837283916E-11	0.14101332337397	4.76922881300955E-10	4.85300633442179E-12	0.349439481746681	7.8203567382436E-11	1.34959188129235E-11	1.31088191338653	1.88762898372863E-11	1.73594355246207E-11	2.26936051650724	3.64204862586649E-12	5.63706815953114E-11	1E5	1E10	1E-30	1E-10	1E10	1E-30	1E-10	1E10	1E-30	1E-10	1E10	1E-30	1E-10	1E10	1E-30	1E-10	1E10	1E-30	1E-10	1E10	1E-30	1E-10	1E10	1E-30	1E-10	1E10	1E-30	1E-10	1E10	1E-30	1E-10	2	-2	2
116	5.6E-11	1E10	1E11	1E-30	1.29583279960095E-10	1E10	1E-30	1E10	0.120730072979047	1E-30	1.12214837283916E-11	0.14101332337397	4.76922881300955E-10	4.85300633442179E-12	0.349439481746681	7.8203567382436E-11	1.34959188129235E-11	1.31088191338653	1.88762898372863E-11	1.73594355246207E-11	2.26936051650724	3.64204862586649E-12	5.63706815953114E-11	1E5	1E10	1E-30	1E-10	1E10	1E-30	1E-10	1E10	1E-30	1E-10	1E10	1E-30	1E-10	1E10	1E-30	1E-10	1E10	1E-30	1E-10	1E10	1E-30	1E-10	1E10	1E-30	1E-10	1E10	1E-30	1E-10	1E10	1E-30	1E-10	2	-5	5
117	6.8E-11	1E10	1E11	1E-30	1.95455110236616E-10	1E10	1E-30	1E10	0.122123076323908	1E-30	1.71962259000759E-11	0.216094147828597	1.33899489170437E-09	2.18127334690294E-12	0.156689975074061	1.28426758764929E-10	9.41791454871754E-12	0.800137471873299	1.46782361282245E-11	2.26842881855591E-11	2.71716659105079	7.35654455963274E-12	2.85578268452625E-11	1E5	1E10	1E-30	1E-10	1E10	1E-30	1E-10	1E10	1E-30	1E-10	1E10	1E-30	1E-10	1E10	1E-30	1E-10	1E10	1E-30	1E-10	1E10	1E-30	1E-10	1E10	1E-30	1E-10	1E10	1E-30	1E-10	1E10	1E-30	1E-10	2	-1	1
118	6.8E-11	1E10	1E11	1E-30	1.95455110236616E-10	1E10	1E-30	1E10	0.122123076323908	1E-30	1.71962259000759E-11	0.216094147828597	1.33899489170437E-09	2.18127334690294E-12	0.156689975074061	1.28426758764929E-10	9.41791454871754E-12	0.800137471873299	1.46782361282245E-11	2.26842881855591E-11	2.71716659105079	7.35654455963274E-12	2.85578268452625E-11	1E5	1E10	1E-30	1E-10	1E10	1E-30	1E-10	1E10	1E-30	1E-10	1E10	1E-30	1E-10	1E10	1E-30	1E-10	1E10	1E-30	1E-10	1E10	1E-30	1E-10	1E10	1E-30	1E-10	1E10	1E-30	1E-10	1E10	1E-30	1E-10	2	-2	2
119	6.8E-11	1E10	1E11	1E-30	1.95455110236616E-10	1E10	1E-30	1E10	0.122123076323908	1E-30	1.71962259000759E-11	0.216094147828597	1.33899489170437E-09	2.18127334690294E-12	0.156689975074061	1.28426758764929E-10	9.41791454871754E-12	0.800137471873299	1.46782361282245E-11	2.26842881855591E-11	2.71716659105079	7.35654455963274E-12	2.85578268452625E-11	1E5	1E10	1E-30	1E-10	1E10	1E-30	1E-10	1E10	1E-30	1E-10	1E10	1E-30	1E-10	1E10	1E-30	1E-10	1E10	1E-30	1E-10	1E10	1E-30	1E-10	1E10	1E-30	1E-10	1E10	1E-30	1E-10	1E10	1E-30	1E-10	2	-5	5
120	6.8E-11	1E10	1E11	1E-30	1.95455110236616E-10	1E10	1E-30	1E10	0.122123076323908	1E-30	1.71962259000759E-11	0.216094147828597	1.33899489170437E-09	2.18127334690294E-12	0.156689975074061	1.28426758764929E-10	9.41791454871754E-12	0.800137471873299	1.46782361282245E-11	2.26842881855591E-11	2.71716659105079	7.35654455963274E-12	2.85578268452625E-11	1E5	1E10	1E-30	1E-10	1E10	1E-30	1E-10	1E10	1E-30	1E-10	1E10	1E-30	1E-10	1E10	1E-30	1E-10	1E10	1E-30	1E-10	1E10	1E-30	1E-10	1E10	1E-30	1E-10	1E10	1E-30	1E-10	1E10	1E-30	1E-10	2	-1	1
121	6.8E-11	1E10	1E11	1E-30	1.95455110236616E-10	1E10	1E-30	1E10	0.122123076323908	1E-30	1.71962259000759E-11	0.216094147828597	1.33899489170437E-09	2.18127334690294E-12	0.156689975074061	1.28426758764929E-10	9.41791454871754E-12	0.800137471873299	1.46782361282245E-11	2.26842881855591E-11	2.71716659105079	7.35654455963274E-12	2.85578268452625E-11	1E5	1E10	1E-30	1E-10	1E10	1E-30	1E-10	1E10	1E-30	1E-10	1E10	1E-30	1E-10	1E10	1E-30	1E-10	1E10	1E-30	1E-10	1E10	1E-30	1E-10	1E10	1E-30	1E-10	1E10	1E-30	1E-10	1E10	1E-30	1E-10	2	-2	2
122	6.8E-11	1E10	1E11	1E-30	1.95455110236616E-10	1E10	1E-30	1E10	0.122123076323908	1E-30	1.71962259000759E-11	0.216094147828597	1.33899489170437E-09	2.18127334690294E-12	0.156689975074061	1.28426758764929E-10	9.41791454871754E-12	0.800137471873299	1.46782361282245E-11	2.26842881855591E-11	2.71716659105079	7.35654455963274E-12	2.85578268452625E-11	1E5	1E10	1E-30	1E-10	1E10	1E-30	1E-10	1E10	1E-30	1E-10	1E10	1E-30	1E-10	1E10	1E-30	1E-10	1E10	1E-30	1E-10	1E10	1E-30	1E-10	1E10	1E-30	1E-10	1E10	1E-30	1E-10	1E10	1E-30	1E-10	2	-5	5
123	6.8E-11	1E10	1E11	1E-30	1.95455110236616E-10	1E10	1E-30	1E10	0.122123076323908	1E-30	1.71962259000759E-11	0.216094147828597	1.33899489170437E-09	2.18127334690294E-12	0.156689975074061	1.28426758764929E-10	9.41791454871754E-12	0.800137471873299	1.46782361282245E-11	2.26842881855591E-11	2.71716659105079	7.35654455963274E-12	2.85578268452625E-11	1E5	1E10	1E-30	1E-10	1E10	1E-30	1E-10	1E10	1E-30	1E-10	1E10	1E-30	1E-10	1E10	1E-30	1E-10	1E10	1E-30	1E-10	1E10	1E-30	1E-10	1E10	1E-30	1E-10	1E10	1E-30	1E-10	1E10	1E-30	1E-10	2	-1	1
124	6.8E-11	1E10	1E11	1E-30	1.95455110236616E-10	1E10	1E-30	1E10	0.122123076323908	1E-30	1.71962259000759E-11	0.216094147828597	1.33899489170437E-09	2.18127334690294E-12	0.156689975074061	1.28426758764929E-10	9.41791454871754E-12	0.800137471873299	1.46782361282245E-11	2.26842881855591E-11	2.71716659105079	7.35654455963274E-12	2.85578268452625E-11	1E5	1E10	1E-30	1E-10	1E10	1E-30	1E-10	1E10	1E-30	1E-10	1E10	1E-30	1E-10	1E10	1E-30	1E-10	1E10	1E-30	1E-10	1E10	1E-30	1E-10	1E10	1E-30	1E-10	1E10	1E-30	1E-10	1E10	1E-30	1E-10	2	-2	2
125	6.8E-11	1E10	1E11	1E-30	1.95455110236616E-10	1E10	1E-30	1E10	0.122123076323908	1E-30	1.71962259000759E-11	0.216094147828597	1.33899489170437E-09	2.18127334690294E-12	0.156689975074061	1.28426758764929E-10	9.41791454871754E-12	0.800137471873299	1.46782361282245E-11	2.26842881855591E-11	2.71716659105079	7.35654455963274E-12	2.85578268452625E-11	1E5	1E10	1E-30	1E-10	1E10	1E-30	1E-10	1E10	1E-30	1E-10	1E10	1E-30	1E-10	1E10	1E-30	1E-10	1E10	1E-30	1E-10	1E10	1E-30	1E-10	1E10	1E-30	1E-10	1E10	1E-30	1E-10	1E10	1E-30	1E-10	2	-5	5
126	8.2E-11	1E10	1E11	1E-30	1.8534190213656E-10	1E10	1E-30	1E10	0.114061235119478	1E-30	1.08298519044021E-11	6.80459663646704E-02	1.47179718431595E-09	2.49827961986784E-12	0.100918820008917	1.98104476411043E-10	7.00996708175911E-12	0.668229805070506	8.44182097542273E-12	3.94423595759393E-11	4.72447981771721	1.97895599843581E-11	1.57022861707308E-11	1E5	1E10	1E-30	1E-10	1E10	1E-30	1E-10	1E10	1E-30	1E-10	1E10	1E-30	1E-10	1E10	1E-30	1E-10	1E10	1E-30	1E-10	1E10	1E-30	1E-10	1E10	1E-30	1E-10	1E10	1E-30	1E-10	1E10	1E-30	1E-10	2	-1	1
127	8.2E-11	1E10	1E11	1E-30	1.8534190213656E-10	1E10	1E-30	1E10	0.114061235119478	1E-30	1.08298519044021E-11	6.80459663646704E-02	1.47179718431595E-09	2.49827961986784E-12	0.100918820008917	1.98104476411043E-10	7.00996708175911E-12	0.668229805070506	8.44182097542273E-12	3.94423595759393E-11	4.72447981771721	1.97895599843581E-11	1.57022861707308E-11	1E5	1E10	1E-30	1E-10	1E10	1E-30	1E-10	1E10	1E-30	1E-10	1E10	1E-30	1E-10	1E10	1E-30	1E-10	1E10	1E-30	1E-10	1E10	1E-30	1E-10	1E10	1E-30	1E-10	1E10	1E-30	1E-10	1E10	1E-30	1E-10	2	-2	2
128	8.2E-11	1E10	1E11	1E-30	1.8534190213656E-10	1E10	1E-30	1E10	0.114061235119478	1E-30	1.08298519044021E-11	6.80459663646704E-02	1.47179718431595E-09	2.49827961986784E-12	0.100918820008917	1.98104476411043E-10	7.00996708175911E-12	0.668229805070506	8.44182097542273E-12	3.94423595759393E-11	4.72447981771721	1.97895599843581E-11	1.57022861707308E-11	1E5	1E10	1E-30	1E-10	1E10	1E-30	1E-10	1E10	1E-30	1E-10	1E10	1E-30	1E-10	1E10	1E-30	1E-10	1E10	1E-30	1E-10	1E10	1E-30	1E-10	1E10	1E-30	1E-10	1E10	1E-30	1E-10	1E10	1E-30	1E-10	2	-5	5
129	8.2E-11	1E10	1E11	1E-30	1.8534190213656E-10	1E10	1E-30	1E10	0.114061235119478	1E-30	1.08298519044021E-11	6.80459663646704E-02	1.47179718431595E-09	2.49827961986784E-12	0.100918820008917	1.98104476411043E-10	7.00996708175911E-12	0.668229805070506	8.44182097542273E-12	3.94423595759393E-11	4.72447981771721	1.97895599843581E-11	1.57022861707308E-11	1E5	1E10	1E-30	1E-10	1E10	1E-30	1E-10	1E10	1E-30	1E-10	1E10	1E-30	1E-10	1E10	1E-30	1E-10	1E10	1E-30	1E-10	1E10	1E-30	1E-10	1E10	1E-30	1E-10	1E10	1E-30	1E-10	1E10	1E-30	1E-10	2	-1	1
130	8.2E-11	1E10	1E11	1E-30	1.8534190213656E-10	1E10	1E-30	1E10	0.114061235119478	1E-30	1.08298519044021E-11	6.80459663646704E-02	1.47179718431595E-09	2.49827961986784E-12	0.100918820008917	1.98104476411043E-10	7.00996708175911E-12	0.668229805070506	8.44182097542273E-12	3.94423595759393E-11	4.72447981771721	1.97895599843581E-11	1.57022861707308E-11	1E5	1E10	1E-30	1E-10	1E10	1E-30	1E-10	1E10	1E-30	1E-10	1E10	1E-30	1E-10	1E10	1E-30	1E-10	1E10	1E-30	1E-10	1E10	1E-30	1E-10	1E10	1E-30	1E-10	1E10	1E-30	1E-10	1E10	1E-30	1E-10	2	-2	2
131	8.2E-11	1E10	1E11	1E-30	1.8534190213656E-10	1E10	1E-30	1E10	0.114061235119478	1E-30	1.08298519044021E-11	6.80459663646704E-02	1.47179718431595E-09	2.49827961986784E-12	0.100918820008917	1.98104476411043E-10	7.00996708175911E-12	0.668229805070506	8.44182097542273E-12	3.94423595759393E-11	4.72447981771721	1.97895599843581E-11	1.57022861707308E-11	1E5	1E10	1E-30	1E-10	1E10	1E-30	1E-10	1E10	1E-30	1E-10	1E10	1E-30	1E-10	1E10	1E-30	1E-10	1E10	1E-30	1E-10	1E10	1E-30	1E-10	1E10	1E-30	1E-10	1E10	1E-30	1E-10	1E10	1E-30	1E-10	2	-5	5
132	8.2E-11	1E10	1E11	1E-30	1.8534190213656E-10	1E10	1E-30	1E10	0.114061235119478	1E-30	1.08298519044021E-11	6.80459663646704E-02	1.47179718431595E-09	2.49827961986784E-12	0.100918820008917	1.98104476411043E-10	7.00996708175911E-12	0.668229805070506	8.44182097542273E-12	3.94423595759393E-11	4.72447981771721	1.97895599843581E-11	1.57022861707308E-11	1E5	1E10	1E-30	1E-10	1E10	1E-30	1E-10	1E10	1E-30	1E-10	1E10	1E-30	1E-10	1E10	1E-30	1E-10	1E10	1E-30	1E-10	1E10	1E-30	1E-10	1E10	1E-30	1E-10	1E10	1E-30	1E-10	1E10	1E-30	1E-10	2	-1	1
133	8.2E-11	1E10	1E11	1E-30	1.8534190213656E-10	1E10	1E-30	1E10	0.114061235119478	1E-30	1.08298519044021E-11	6.80459663646704E-02	1.47179718431595E-09	2.49827961986784E-12	0.100918820008917	1.98104476411043E-10	7.00996708175911E-12	0.668229805070506	8.44182097542273E-12	3.94423595759393E-11	4.72447981771721	1.97895599843581E-11	1.57022861707308E-11	1E5	1E10	1E-30	1E-10	1E10	1E-30	1E-10	1E10	1E-30	1E-10	1E10	1E-30	1E-10	1E10	1E-30	1E-10	1E10	1E-30	1E-10	1E10	1E-30	1E-10	1E10	1E-30	1E-10	1E10	1E-30	1E-10	1E10	1E-30	1E-10	2	-2	2
134	8.2E-11	1E10	1E11	1E-30	1.8534190213656E-10	1E10	1E-30	1E10	0.114061235119478	1E-30	1.08298519044021E-11	6.80459663646704E-02	1.47179718431595E-09	2.49827961986784E-12	0.100918820008917	1.98104476411043E-10	7.00996708175911E-12	0.668229805070506	8.44182097542273E-12	3.94423595759393E-11	4.72447981771721	1.97895599843581E-11	1.57022861707308E-11	1E5	1E10	1E-30	1E-10	1E10	1E-30	1E-10	1E10	1E-30	1E-10	1E10	1E-30	1E-10	1E10	1E-30	1E-10	1E10	1E-30	1E-10	1E10	1E-30	1E-10	1E10	1E-30	1E-10	1E10	1E-30	1E-10	1E10	1E-30	1E-10	2	-5	5
135	1E-10	1E10	1E11	1E-30	1.82298503925413E-10	1E10	1E-30	1E10	0.111296055553232	1E-30	1.41570864593486E-11	8.00564378704651E-02	8.18087256459844E-10	5.65834449982741E-12	0.28120335898072	1.92983429487171E-10	1.09380271568292E-11	0.843917731100356	1.28789634433701E-11	3.08809966644605E-11	2.89007574720485	7.88382904149169E-12	3.35476287061056E-11	1E5	1E10	1E-30	1E-10	1E10	1E-30	1E-10	1E10	1E-30	1E-10	1E10	1E-30	1E-10	1E10	1E-30	1E-10	1E10	1E-30	1E-10	1E10	1E-30	1E-10	1E10	1E-30	1E-10	1E10	1E-30	1E-10	1E10	1E-30	1E-10	2	-1	1
136	1E-10	1E10	1E11	1E-30	1.82298503925413E-10	1E10	1E-30	1E10	0.111296055553232	1E-30	1.41570864593486E-11	8.00564378704651E-02	8.18087256459844E-10	5.65834449982741E-12	0.28120335898072	1.92983429487171E-10	1.09380271568292E-11	0.843917731100356	1.28789634433701E-11	3.08809966644605E-11	2.89007574720485	7.88382904149169E-12	3.35476287061056E-11	1E5	1E10	1E-30	1E-10	1E10	1E-30	1E-10	1E10	1E-30	1E-10	1E10	1E-30	1E-10	1E10	1E-30	1E-10	1E10	1E-30	1E-10	1E10	1E-30	1E-10	1E10	1E-30	1E-10	1E10	1E-30	1E-10	1E10	1E-30	1E-10	2	-2	2
137	1E-10	1E10	1E11	1E-30	1.82298503925413E-10	1E10	1E-30	1E10	0.111296055553232	1E-30	1.41570864593486E-11	8.00564378704651E-02	8.18087256459844E-10	5.65834449982741E-12	0.28120335898072	1.92983429487171E-10	1.09380271568292E-11	0.843917731100356	1.28789634433701E-11	3.08809966644605E-11	2.89007574720485	7.88382904149169E-12	3.35476287061056E-11	1E5	1E10	1E-30	1E-10	1E10	1E-30	1E-10	1E10	1E-30	1E-10	1E10	1E-30	1E-10	1E10	1E-30	1E-10	1E10	1E-30	1E-10	1E10	1E-30	1E-10	1E10	1E-30	1E-10	1E10	1E-30	1E-10	1E10	1E-30	1E-10	2	-5	5
138	1E-10	1E10	1E11	1E-30	1.82298503925413E-10	1E10	1E-30	1E10	0.111296055553232	1E-30	1.41570864593486E-11	8.00564378704651E-02	8.18087256459844E-10	5.65834449982741E-12	0.28120335898072	1.92983429487171E-10	1.09380271568292E-11	0.843917731100356	1.28789634433701E-11	3.08809966644605E-11	2.89007574720485	7.88382904149169E-12	3.35476287061056E-11	1E5	1E10	1E-30	1E-10	1E10	1E-30	1E-10	1E10	1E-30	1E-10	1E10	1E-30	1E-10	1E10	1E-30	1E-10	1E10	1E-30	1E-10	1E10	1E-30	1E-10	1E10	1E-30	1E-10	1E10	1E-30	1E-10	1E10	1E-30	1E-10	2	-1	1
139	1E-10	1E10	1E11	1E-30	1.82298503925413E-10	1E10	1E-30	1E10	0.111296055553232	1E-30	1.41570864593486E-11	8.00564378704651E-02	8.18087256459844E-10	5.65834449982741E-12	0.28120335898072	1.92983429487171E-10	1.09380271568292E-11	0.843917731100356	1.28789634433701E-11	3.08809966644605E-11	2.89007574720485	7.88382904149169E-12	3.35476287061056E-11	1E5	1E10	1E-30	1E-10	1E10	1E-30	1E-10	1E10	1E-30	1E-10	1E10	1E-30	1E-10	1E10	1E-30	1E-10	1E10	1E-30	1E-10	1E10	1E-30	1E-10	1E10	1E-30	1E-10	1E10	1E-30	1E-10	1E10	1E-30	1E-10	2	-2	2
140	1E-10	1E10	1E11	1E-30	1.82298503925413E-10	1E10	1E-30	1E10	0.111296055553232	1E-30	1.41570864593486E-11	8.00564378704651E-02	8.18087256459844E-10	5.65834449982741E-12	0.28120335898072	1.92983429487171E-10	1.09380271568292E-11	0.843917731100356	1.28789634433701E-11	3.08809966644605E-11	2.89007574720485	7.88382904149169E-12	3.35476287061056E-11	1E5	1E10	1E-30	1E-10	1E10	1E-30	1E-10	1E10	1E-30	1E-10	1E10	1E-30	1E-10	1E10	1E-30	1E-10	1E10	1E-30	1E-10	1E10	1E-30	1E-10	1E10	1E-30	1E-10	1E10	1E-30	1E-10	1E10	1E-30	1E-10	2	-5	5
141	1E-10	1E10	1E11	1E-30	1.82298503925413E-10	1E10	1E-30	1E10	0.111296055553232	1E-30	1.41570864593486E-11	8.00564378704651E-02	8.18087256459844E-10	5.65834449982741E-12	0.28120335898072	1.92983429487171E-10	1.09380271568292E-11	0.843917731100356	1.28789634433701E-11	3.08809966644605E-11	2.89007574720485	7.88382904149169E-12	3.35476287061056E-11	1E5	1E10	1E-30	1E-10	1E10	1E-30	1E-10	1E10	1E-30	1E-10	1E10	1E-30	1E-10	1E10	1E-30	1E-10	1E10	1E-30	1E-10	1E10	1E-30	1E-10	1E10	1E-30	1E-10	1E10	1E-30	1E-10	1E10	1E-30	1E-10	2	-1	1
142	1E-10	1E10	1E11	1E-30	1.82298503925413E-10	1E10	1E-30	1E10	0.111296055553232	1E-30	1.41570864593486E-11	8.00564378704651E-02	8.18087256459844E-10	5.65834449982741E-12	0.28120335898072	1.92983429487171E-10	1.09380271568292E-11	0.843917731100356	1.28789634433701E-11	3.08809966644605E-11	2.89007574720485	7.88382904149169E-12	3.35476287061056E-11	1E5	1E10	1E-30	1E-10	1E10	1E-30	1E-10	1E10	1E-30	1E-10	1E10	1E-30	1E-10	1E10	1E-30	1E-10	1E10	1E-30	1E-10	1E10	1E-30	1E-10	1E10	1E-30	1E-10	1E10	1E-30	1E-10	1E10	1E-30	1E-10	2	-2	2
143	1E-10	1E10	1E11	1E-30	1.82298503925413E-10	1E10	1E-30	1E10	0.111296055553232	1E-30	1.41570864593486E-11	8.00564378704651E-02	8.18087256459844E-10	5.65834449982741E-12	0.28120335898072	1.92983429487171E-10	1.09380271568292E-11	0.843917731100356	1.28789634433701E-11	3.08809966644605E-11	2.89007574720485	7.88382904149169E-12	3.35476287061056E-11	1E5	1E10	1E-30	1E-10	1E10	1E-30	1E-10	1E10	1E-30	1E-10	1E10	1E-30	1E-10	1E10	1E-30	1E-10	1E10	1E-30	1E-10	1E10	1E-30	1E-10	1E10	1E-30	1E-10	1E10	1E-30	1E-10	1E10	1E-30	1E-10	2	-5	5
144	1.2E-10	1E10	1E11	1E-30	1.86650860159398E-10	1E10	1E-30	1E10	0.09	1.16320247885083E-09	4.97932131480727E-12	0.273122317267435	1.90056240419972E-10	1.45157184816849E-11	0.911292763921491	1.11520359099015E-11	3.33115863655081E-11	2.71595850109498	1E10	1E-30	1E-10	1E10	1E-30	1E-10	1E10	1E-30	1E-10	1E10	1E-30	1E-10	1E10	1E-30	1E-10	1E10	1E-30	1E-10	1E10	1E-30	1E-10	1E10	1E-30	1E-10	1E10	1E-30	1E-10	1E10	1E-30	1E-10	1E10	1E-30	1E-10	1E10	1E-30	1E-10	2	-1	1
145	1.2E-10	1E10	1E11	1E-30	1.86650860159398E-10	1E10	1E-30	1E10	0.09	1.16320247885083E-09	4.97932131480727E-12	0.273122317267435	1.90056240419972E-10	1.45157184816849E-11	0.911292763921491	1.11520359099015E-11	3.33115863655081E-11	2.71595850109498	1E10	1E-30	1E-10	1E10	1E-30	1E-10	1E10	1E-30	1E-10	1E10	1E-30	1E-10	1E10	1E-30	1E-10	1E10	1E-30	1E-10	1E10	1E-30	1E-10	1E10	1E-30	1E-10	1E10	1E-30	1E-10	1E10	1E-30	1E-10	1E10	1E-30	1E-10	1E10	1E-30	1E-10	2	-2	2
146	1.2E-10	1E10	1E11	1E-30	1.86650860159398E-10	1E10	1E-30	1E10	0.09	1.16320247885083E-09	4.97932131480727E-12	0.273122317267435	1.90056240419972E-10	1.45157184816849E-11	0.911292763921491	1.11520359099015E-11	3.33115863655081E-11	2.71595850109498	1E10	1E-30	1E-10	1E10	1E-30	1E-10	1E10	1E-30	1E-10	1E10	1E-30	1E-10	1E10	1E-30	1E-10	1E10	1E-30	1E-10	1E10	1E-30	1E-10	1E10	1E-30	1E-10	1E10	1E-30	1E-10	1E10	1E-30	1E-10	1E10	1E-30	1E-10	1E10	1E-30	1E-10	2	-5	5
147	1.5E-10	1E10	1E11	1E-30	1.97218267819771E-10	1E10	1E-30	1E10	9.12107650466543E-02	1E-30	2.50098437217823E-11	0.773044500587523	1.16324912300209E-09	6.03090837232087E-12	0.197877117333251	3.4330188345518E-10	8.69040695807585E-12	0.490118238052579	2.31538967949355E-11	1.34975491156504E-11	4.15338607845632	1E10	1E-30	1E-10	1E10	1E-30	1E-10	1E10	1E-30	1E-10	1E10	1E-30	1E-10	1E10	1E-30	1E-10	1E10	1E-30	1E-10	1E10	1E-30	1E-10	1E10	1E-30	1E-10	1E10	1E-30	1E-10	1E10	1E-30	1E-10	1E10	1E-30	1E-10	2	-1	1
148	1.5E-10	1E10	1E11	1E-30	1.97218267819771E-10	1E10	1E-30	1E10	9.12107650466543E-02	1E-30	2.50098437217823E-11	0.773044500587523	1.16324912300209E-09	6.03090837232087E-12	0.197877117333251	3.4330188345518E-10	8.69040695807585E-12	0.490118238052579	2.31538967949355E-11	1.34975491156504E-11	4.15338607845632	1E10	1E-30	1E-10	1E10	1E-30	1E-10	1E10	1E-30	1E-10	1E10	1E-30	1E-10	1E10	1E-30	1E-10	1E10	1E-30	1E-10	1E10	1E-30	1E-10	1E10	1E-30	1E-10	1E10	1E-30	1E-10	1E10	1E-30	1E-10	1E10	1E-30	1E-10	2	-2	2
149	1.5E-10	1E10	1E11	1E-30	1.97218267819771E-10	1E10	1E-30	1E10	9.12107650466543E-02	1E-30	2.50098437217823E-11	0.773044500587523	1.16324912300209E-09	6.03090837232087E-12	0.197877117333251	3.4330188345518E-10	8.69040695807585E-12	0.490118238052579	2.31538967949355E-11	1.34975491156504E-11	4.15338607845632	1E10	1E-30	1E-10	1E10	1E-30	1E-10	1E10	1E-30	1E-10	1E10	1E-30	1E-10	1E10	1E-30	1E-10	1E10	1E-30	1E-10	1E10	1E-30	1E-10	1E10	1E-30	1E-10	1E10	1E-30	1E-10	1E10	1E-30	1E-10	1E10	1E-30	1E-10	2	-5	5
150	1.5E-10	1E10	1E11	1E-30	1.97218267819771E-10	1E10	1E-30	1E10	9.12107650466543E-02	1E-30	2.50098437217823E-11	0.773044500587523	1.16324912300209E-09	6.03090837232087E-12	0.197877117333251	3.4330188345518E-10	8.69040695807585E-12	0.490118238052579	2.31538967949355E-11	1.34975491156504E-11	4.15338607845632	1E10	1E-30	1E-10	1E10	1E-30	1E-10	1E10	1E-30	1E-10	1E10	1E-30	1E-10	1E10	1E-30	1E-10	1E10	1E-30	1E-10	1E10	1E-30	1E-10	1E10	1E-30	1E-10	1E10	1E-30	1E-10	1E10	1E-30	1E-10	1E10	1E-30	1E-10	2	-1	1
151	1.5E-10	1E10	1E11	1E-30	1.97218267819771E-10	1E10	1E-30	1E10	9.12107650466543E-02	1E-30	2.50098437217823E-11	0.773044500587523	1.16324912300209E-09	6.03090837232087E-12	0.197877117333251	3.4330188345518E-10	8.69040695807585E-12	0.490118238052579	2.31538967949355E-11	1.34975491156504E-11	4.15338607845632	1E10	1E-30	1E-10	1E10	1E-30	1E-10	1E10	1E-30	1E-10	1E10	1E-30	1E-10	1E10	1E-30	1E-10	1E10	1E-30	1E-10	1E10	1E-30	1E-10	1E10	1E-30	1E-10	1E10	1E-30	1E-10	1E10	1E-30	1E-10	1E10	1E-30	1E-10	2	-2	2
152	1.5E-10	1E10	1E11	1E-30	1.97218267819771E-10	1E10	1E-30	1E10	9.12107650466543E-02	1E-30	2.50098437217823E-11	0.773044500587523	1.16324912300209E-09	6.03090837232087E-12	0.197877117333251	3.4330188345518E-10	8.69040695807585E-12	0.490118238052579	2.31538967949355E-11	1.34975491156504E-11	4.15338607845632	1E10	1E-30	1E-10	1E10	1E-30	1E-10	1E10	1E-30	1E-10	1E10	1E-30	1E-10	1E10	1E-30	1E-10	1E10	1E-30	1E-10	1E10	1E-30	1E-10	1E10	1E-30	1E-10	1E10	1E-30	1E-10	1E10	1E-30	1E-10	1E10	1E-30	1E-10	2	-5	5
153	1.8E-10	1E10	1E11	1E-30	1.60116471759348E-10	1E10	1E-30	1E10	7.98982381225522E-02	1E-30	3.26400708687006E-11	1.28998126239426	1.48441988017754E-09	5.95635714423762E-12	0.214365891070627	3.2679533859392E-10	1.24473626223565E-11	0.496732309440761	1.49906232273073E-11	1.90440847869199E-11	17.6378169101018	1E10	1E-30	1E-10	1E10	1E-30	1E-10	1E10	1E-30	1E-10	1E10	1E-30	1E-10	1E10	1E-30	1E-10	1E10	1E-30	1E-10	1E10	1E-30	1E-10	1E10	1E-30	1E-10	1E10	1E-30	1E-10	1E10	1E-30	1E-10	1E10	1E-30	1E-10	2	-1	1
154	1.8E-10	1E10	1E11	1E-30	1.60116471759348E-10	1E10	1E-30	1E10	7.98982381225522E-02	1E-30	3.26400708687006E-11	1.28998126239426	1.48441988017754E-09	5.95635714423762E-12	0.214365891070627	3.2679533859392E-10	1.24473626223565E-11	0.496732309440761	1.49906232273073E-11	1.90440847869199E-11	17.6378169101018	1E10	1E-30	1E-10	1E10	1E-30	1E-10	1E10	1E-30	1E-10	1E10	1E-30	1E-10	1E10	1E-30	1E-10	1E10	1E-30	1E-10	1E10	1E-30	1E-10	1E10	1E-30	1E-10	1E10	1E-30	1E-10	1E10	1E-30	1E-10	1E10	1E-30	1E-10	2	-2	2
155	1.8E-10	1E10	1E11	1E-30	1.60116471759348E-10	1E10	1E-30	1E10	7.98982381225522E-02	1E-30	3.26400708687006E-11	1.28998126239426	1.48441988017754E-09	5.95635714423762E-12	0.214365891070627	3.2679533859392E-10	1.24473626223565E-11	0.496732309440761	1.49906232273073E-11	1.90440847869199E-11	17.6378169101018	1E10	1E-30	1E-10	1E10	1E-30	1E-10	1E10	1E-30	1E-10	1E10	1E-30	1E-10	1E10	1E-30	1E-10	1E10	1E-30	1E-10	1E10	1E-30	1E-10	1E10	1E-30	1E-10	1E10	1E-30	1E-10	1E10	1E-30	1E-10	1E10	1E-30	1E-10	2	-5	5
156	1.8E-10	1E10	1E11	1E-30	1.60116471759348E-10	1E10	1E-30	1E10	7.98982381225522E-02	1E-30	3.26400708687006E-11	1.28998126239426	1.48441988017754E-09	5.95635714423762E-12	0.214365891070627	3.2679533859392E-10	1.24473626223565E-11	0.496732309440761	1.49906232273073E-11	1.90440847869199E-11	17.6378169101018	1E10	1E-30	1E-10	1E10	1E-30	1E-10	1E10	1E-30	1E-10	1E10	1E-30	1E-10	1E10	1E-30	1E-10	1E10	1E-30	1E-10	1E10	1E-30	1E-10	1E10	1E-30	1E-10	1E10	1E-30	1E-10	1E10	1E-30	1E-10	1E10	1E-30	1E-10	2	-1	1
157	1.8E-10	1E10	1E11	1E-30	1.60116471759348E-10	1E10	1E-30	1E10	7.98982381225522E-02	1E-30	3.26400708687006E-11	1.28998126239426	1.48441988017754E-09	5.95635714423762E-12	0.214365891070627	3.2679533859392E-10	1.24473626223565E-11	0.496732309440761	1.49906232273073E-11	1.90440847869199E-11	17.6378169101018	1E10	1E-30	1E-10	1E10	1E-30	1E-10	1E10	1E-30	1E-10	1E10	1E-30	1E-10	1E10	1E-30	1E-10	1E10	1E-30	1E-10	1E10	1E-30	1E-10	1E10	1E-30	1E-10	1E10	1E-30	1E-10	1E10	1E-30	1E-10	1E10	1E-30	1E-10	2	-2	2
158	1.8E-10	1E10	1E11	1E-30	1.60116471759348E-10	1E10	1E-30	1E10	7.98982381225522E-02	1E-30	3.26400708687006E-11	1.28998126239426	1.48441988017754E-09	5.95635714423762E-12	0.214365891070627	3.2679533859392E-10	1.24473626223565E-11	0.496732309440761	1.49906232273073E-11	1.90440847869199E-11	17.6378169101018	1E10	1E-30	1E-10	1E10	1E-30	1E-10	1E10	1E-30	1E-10	1E10	1E-30	1E-10	1E10	1E-30	1E-10	1E10	1E-30	1E-10	1E10	1E-30	1E-10	1E10	1E-30	1E-10	1E10	1E-30	1E-10	1E10	1E-30	1E-10	1E10	1E-30	1E-10	2	-5	5
159	2.2E-10	1E10	1E11	1E-30	1.80815558986838E-10	1E10	1E-30	1E10	7.28914017203481E-02	1E-30	3.29977766679989E-11	0.697035090947071	2.41994534065903E-09	4.7285543364298E-12	0.224040731230709	4.53477951906024E-10	1.18244817528818E-11	0.495623965798561	1.44124217023519E-10	2.06046859399855E-12	0.357774409249231	1E10	1E-30	1E-10	1E10	1E-30	1E-10	1E10	1E-30	1E-10	1E10	1E-30	1E-10	1E10	1E-30	1E-10	1E10	1E-30	1E-10	1E10	1E-30	1E-10	1E10	1E-30	1E-10	1E10	1E-30	1E-10	1E10	1E-30	1E-10	1E10	1E-30	1E-10	2	-1	1
160	2.2E-10	1E10	1E11	1E-30	1.80815558986838E-10	1E10	1E-30	1E10	7.28914017203481E-02	1E-30	3.29977766679989E-11	0.697035090947071	2.41994534065903E-09	4.7285543364298E-12	0.224040731230709	4.53477951906024E-10	1.18244817528818E-11	0.495623965798561	1.44124217023519E-10	2.06046859399855E-12	0.357774409249231	1E10	1E-30	1E-10	1E10	1E-30	1E-10	1E10	1E-30	1E-10	1E10	1E-30	1E-10	1E10	1E-30	1E-10	1E10	1E-30	1E-10	1E10	1E-30	1E-10	1E10	1E-30	1E-10	1E10	1E-30	1E-10	1E10	1E-30	1E-10	1E10	1E-30	1E-10	2	-2	2
161	2.2E-10	1E10	1E11	1E-30	1.80815558986838E-10	1E10	1E-30	1E10	7.28914017203481E-02	1E-30	3.29977766679989E-11	0.697035090947071	2.41994534065903E-09	4.7285543364298E-12	0.224040731230709	4.53477951906024E-10	1.18244817528818E-11	0.495623965798561	1.44124217023519E-10	2.06046859399855E-12	0.357774409249231	1E10	1E-30	1E-10	1E10	1E-30	1E-10	1E10	1E-30	1E-10	1E10	1E-30	1E-10	1E10	1E-30	1E-10	1E10	1E-30	1E-10	1E10	1E-30	1E-10	1E10	1E-30	1E-10	1E10	1E-30	1E-10	1E10	1E-30	1E-10	1E10	1E-30	1E-10	2	-5	5
162	2.2E-10	1E10	1E11	1E-30	1.80815558986838E-10	1E10	1E-30	1E10	7.28914017203481E-02	1E-30	3.29977766679989E-11	0.697035090947071	2.41994534065903E-09	4.7285543364298E-12	0.224040731230709	4.53477951906024E-10	1.18244817528818E-11	0.495623965798561	1.44124217023519E-10	2.06046859399855E-12	0.357774409249231	1E10	1E-30	1E-10	1E10	1E-30	1E-10	1E10	1E-30	1E-10	1E10	1E-30	1E-10	1E10	1E-30	1E-10	1E10	1E-30	1E-10	1E10	1E-30	1E-10	1E10	1E-30	1E-10	1E10	1E-30	1E-10	1E10	1E-30	1E-10	1E10	1E-30	1E-10	2	-1	1
163	2.2E-10	1E10	1E11	1E-30	1.80815558986838E-10	1E10	1E-30	1E10	7.28914017203481E-02	1E-30	3.29977766679989E-11	0.697035090947071	2.41994534065903E-09	4.7285543364298E-12	0.224040731230709	4.53477951906024E-10	1.18244817528818E-11	0.495623965798561	1.44124217023519E-10	2.06046859399855E-12	0.357774409249231	1E10	1E-30	1E-10	1E10	1E-30	1E-10	1E10	1E-30	1E-10	1E10	1E-30	1E-10	1E10	1E-30	1E-10	1E10	1E-30	1E-10	1E10	1E-30	1E-10	1E10	1E-30	1E-10	1E10	1E-30	1E-10	1E10	1E-30	1E-10	1E10	1E-30	1E-10	2	-2	2
164	2.2E-10	1E10	1E11	1E-30	1.80815558986838E-10	1E10	1E-30	1E10	7.28914017203481E-02	1E-30	3.29977766679989E-11	0.697035090947071	2.41994534065903E-09	4.7285543364298E-12	0.224040731230709	4.53477951906024E-10	1.18244817528818E-11	0.495623965798561	1.44124217023519E-10	2.06046859399855E-12	0.357774409249231	1E10	1E-30	1E-10	1E10	1E-30	1E-10	1E10	1E-30	1E-10	1E10	1E-30	1E-10	1E10	1E-30	1E-10	1E10	1E-30	1E-10	1E10	1E-30	1E-10	1E10	1E-30	1E-10	1E10	1E-30	1E-10	1E10	1E-30	1E-10	1E10	1E-30	1E-10	2	-5	5
165	2.7E-10	1E10	1E11	1E-30	2.23608170173175E-10	1E10	1E-30	1E10	9.66484198419224E-02	1.79160440857303E-10	2.46362105814525E-11	0.451270460163279	4.15645675356679E-12	3.45189643995122E-11	3.70062114007367	1E10	1E-30	1E-10	1E10	1E-30	1E-10	1E10	1E-30	1E-10	1E10	1E-30	1E-10	1E10	1E-30	1E-10	1E10	1E-30	1E-10	1E10	1E-30	1E-10	1E10	1E-30	1E-10	1E10	1E-30	1E-10	1E10	1E-30	1E-10	1E10	1E-30	1E-10	1E10	1E-30	1E-10	1E10	1E-30	1E-10	2	-1	1
166	2.7E-10	1E10	1E11	1E-30	2.23608170173175E-10	1E10	1E-30	1E10	9.66484198419224E-02	1.79160440857303E-10	2.46362105814525E-11	0.451270460163279	4.15645675356679E-12	3.45189643995122E-11	3.70062114007367	1E10	1E-30	1E-10	1E10	1E-30	1E-10	1E10	1E-30	1E-10	1E10	1E-30	1E-10	1E10	1E-30	1E-10	1E10	1E-30	1E-10	1E10	1E-30	1E-10	1E10	1E-30	1E-10	1E10	1E-30	1E-10	1E10	1E-30	1E-10	1E10	1E-30	1E-10	1E10	1E-30	1E-10	1E10	1E-30	1E-10	2	-2	2
167	2.7E-10	1E10	1E11	1E-30	2.23608170173175E-10	1E10	1E-30	1E10	9.66484198419224E-02	1.79160440857303E-10	2.46362105814525E-11	0.451270460163279	4.15645675356679E-12	3.45189643995122E-11	3.70062114007367	1E10	1E-30	1E-10	1E10	1E-30	1E-10	1E10	1E-30	1E-10	1E10	1E-30	1E-10	1E10	1E-30	1E-10	1E10	1E-30	1E-10	1E10	1E-30	1E-10	1E10	1E-30	1E-10	1E10	1E-30	1E-10	1E10	1E-30	1E-10	1E10	1E-30	1E-10	1E10	1E-30	1E-10	1E10	1E-30	1E-10	2	-5	5
168	3.3E-10	1E10	1E11	1E-30	2.25595906890909E-10	1E10	1E-30	1E10	8.01654991865266E-02	1E-30	3.96980280965527E-11	0.525764376682569	7.11074559622291E-10	8.76458283882596E-12	0.245848636871112	1E10	1E-30	1E-10	1E10	1E-30	1E-10	1E10	1E-30	1E-10	1E10	1E-30	1E-10	1E10	1E-30	1E-10	1E10	1E-30	1E-10	1E10	1E-30	1E-10	1E10	1E-30	1E-10	1E10	1E-30	1E-10	1E10	1E-30	1E-10	1E10	1E-30	1E-10	1E10	1E-30	1E-10	1E10	1E-30	1E-10	2	-1	1
169	3.3E-10	1E10	1E11	1E-30	2.25595906890909E-10	1E10	1E-30	1E10	8.01654991865266E-02	1E-30	3.96980280965527E-11	0.525764376682569	7.11074559622291E-10	8.76458283882596E-12	0.245848636871112	1E10	1E-30	1E-10	1E10	1E-30	1E-10	1E10	1E-30	1E-10	1E10	1E-30	1E-10	1E10	1E-30	1E-10	1E10	1E-30	1E-10	1E10	1E-30	1E-10	1E10	1E-30	1E-10	1E10	1E-30	1E-10	1E10	1E-30	1E-10	1E10	1E-30	1E-10	1E10	1E-30	1E-10	1E10	1E-30	1E-10	2	-2	2
170	3.3E-10	1E10	1E11	1E-30	2.25595906890909E-10	1E10	1E-30	1E10	8.01654991865266E-02	1E-30	3.96980280965527E-11	0.525764376682569	7.11074559622291E-10	8.76458283882596E-12	0.245848636871112	1E10	1E-30	1E-10	1E10	1E-30	1E-10	1E10	1E-30	1E-10	1E10	1E-30	1E-10	1E10	1E-30	1E-10	1E10	1E-30	1E-10	1E10	1E-30	1E-10	1E10	1E-30	1E-10	1E10	1E-30	1E-10	1E10	1E-30	1E-10	1E10	1E-30	1E-10	1E10	1E-30	1E-10	1E10	1E-30	1E-10	2	-5	5
171	3.9E-10	1E10	1E11	1E-30	2.14731747464021E-10	1E10	1E-30	1E10	7.98532920278053E-02	1E-30	1.96567411387042E-11	0.31472634734341	3.63297559400611E-10	2.19813409201642E-11	0.354290058703015	1.12714013605317E-11	1.81643833999959E-11	1.26962264783939	1E10	1E-30	1E-10	1E10	1E-30	1E-10	1E10	1E-30	1E-10	1E10	1E-30	1E-10	1E10	1E-30	1E-10	1E10	1E-30	1E-10	1E10	1E-30	1E-10	1E10	1E-30	1E-10	1E10	1E-30	1E-10	1E10	1E-30	1E-10	1E10	1E-30	1E-10	1E10	1E-30	1E-10	2	-1	1
172	3.9E-10	1E10	1E11	1E-30	2.14731747464021E-10	1E10	1E-30	1E10	7.98532920278053E-02	1E-30	1.96567411387042E-11	0.31472634734341	3.63297559400611E-10	2.19813409201642E-11	0.354290058703015	1.12714013605317E-11	1.81643833999959E-11	1.26962264783939	1E10	1E-30	1E-10	1E10	1E-30	1E-10	1E10	1E-30	1E-10	1E10	1E-30	1E-10	1E10	1E-30	1E-10	1E10	1E-30	1E-10	1E10	1E-30	1E-10	1E10	1E-30	1E-10	1E10	1E-30	1E-10	1E10	1E-30	1E-10	1E10	1E-30	1E-10	1E10	1E-30	1E-10	2	-2	2
173	3.9E-10	1E10	1E11	1E-30	2.14731747464021E-10	1E10	1E-30	1E10	7.98532920278053E-02	1E-30	1.96567411387042E-11	0.31472634734341	3.63297559400611E-10	2.19813409201642E-11	0.354290058703015	1.12714013605317E-11	1.81643833999959E-11	1.26962264783939	1E10	1E-30	1E-10	1E10	1E-30	1E-10	1E10	1E-30	1E-10	1E10	1E-30	1E-10	1E10	1E-30	1E-10	1E10	1E-30	1E-10	1E10	1E-30	1E-10	1E10	1E-30	1E-10	1E10	1E-30	1E-10	1E10	1E-30	1E-10	1E10	1E-30	1E-10	1E10	1E-30	1E-10	2	-5	5
174	4.7E-10	1E10	1E11	1E-30	2.13156681400998E-10	1E10	1E-30	1E10	7.34232867492865E-02	1E-30	3.64751369669708E-11	0.760271641777281	5.16745774984335E-09	4.38175032890193E-12	7.25868038672523E-02	6.97826453558388E-10	1.43635677360094E-11	0.324103907003205	9.56252138157018E-11	2.00189150023431E-12	0.408612739943022	1E10	1E-30	1E-10	1E10	1E-30	1E-10	1E10	1E-30	1E-10	1E10	1E-30	1E-10	1E10	1E-30	1E-10	1E10	1E-30	1E-10	1E10	1E-30	1E-10	1E10	1E-30	1E-10	1E10	1E-30	1E-10	1E10	1E-30	1E-10	1E10	1E-30	1E-10	2	-1	1
175	4.7E-10	1E10	1E11	1E-30	2.13156681400998E-10	1E10	1E-30	1E10	7.34232867492865E-02	1E-30	3.64751369669708E-11	0.760271641777281	5.16745774984335E-09	4.38175032890193E-12	7.25868038672523E-02	6.97826453558388E-10	1.43635677360094E-11	0.324103907003205	9.56252138157018E-11	2.00189150023431E-12	0.408612739943022	1E10	1E-30	1E-10	1E10	1E-30	1E-10	1E10	1E-30	1E-10	1E10	1E-30	1E-10	1E10	1E-30	1E-10	1E10	1E-30	1E-10	1E10	1E-30	1E-10	1E10	1E-30	1E-10	1E10	1E-30	1E-10	1E10	1E-30	1E-10	1E10	1E-30	1E-10	2	-2	2
176	4.7E-10	1E10	1E11	1E-30	2.13156681400998E-10	1E10	1E-30	1E10	7.34232867492865E-02	1E-30	3.64751369669708E-11	0.760271641777281	5.16745774984335E-09	4.38175032890193E-12	7.25868038672523E-02	6.97826453558388E-10	1.43635677360094E-11	0.324103907003205	9.56252138157018E-11	2.00189150023431E-12	0.408612739943022	1E10	1E-30	1E-10	1E10	1E-30	1E-10	1E10	1E-30	1E-10	1E10	1E-30	1E-10	1E10	1E-30	1E-10	1E10	1E-30	1E-10	1E10	1E-30	1E-10	1E10	1E-30	1E-10	1E10	1E-30	1E-10	1E10	1E-30	1E-10	1E10	1E-30	1E-10	2	-5	5
177	5.6E-10	1E10	1E11	1E-30	2.04896078085482E-10	1E10	1E-30	1E10	6.74465411716584E-02	6.93157316669834E-09	3.97475741308675E-12	8.48346419896628E-02	8.60275437670676E-10	1.49347813059578E-11	0.293363516351329	1.23247884893728E-10	2.3143434113199E-11	0.342348799315904	2.34809428398719E-11	1.03846665476061E-11	1.12612010863023	1E10	1E-30	1E-10	1E10	1E-30	1E-10	1E10	1E-30	1E-10	1E10	1E-30	1E-10	1E10	1E-30	1E-10	1E10	1E-30	1E-10	1E10	1E-30	1E-10	1E10	1E-30	1E-10	1E10	1E-30	1E-10	1E10	1E-30	1E-10	1E10	1E-30	1E-10	2	-1	1
178	5.6E-10	1E10	1E11	1E-30	2.04896078085482E-10	1E10	1E-30	1E10	6.74465411716584E-02	6.93157316669834E-09	3.97475741308675E-12	8.48346419896628E-02	8.60275437670676E-10	1.49347813059578E-11	0.293363516351329	1.23247884893728E-10	2.3143434113199E-11	0.342348799315904	2.34809428398719E-11	1.03846665476061E-11	1.12612010863023	1E10	1E-30	1E-10	1E10	1E-30	1E-10	1E10	1E-30	1E-10	1E10	1E-30	1E-10	1E10	1E-30	1E-10	1E10	1E-30	1E-10	1E10	1E-30	1E-10	1E10	1E-30	1E-10	1E10	1E-30	1E-10	1E10	1E-30	1E-10	1E10	1E-30	1E-10	2	-2	2
179	5.6E-10	1E10	1E11	1E-30	2.04896078085482E-10	1E10	1E-30	1E10	6.74465411716584E-02	6.93157316669834E-09	3.97475741308675E-12	8.48346419896628E-02	8.60275437670676E-10	1.49347813059578E-11	0.293363516351329	1.23247884893728E-10	2.3143434113199E-11	0.342348799315904	2.34809428398719E-11	1.03846665476061E-11	1.12612010863023	1E10	1E-30	1E-10	1E10	1E-30	1E-10	1E10	1E-30	1E-10	1E10	1E-30	1E-10	1E10	1E-30	1E-10	1E10	1E-30	1E-10	1E10	1E-30	1E-10	1E10	1E-30	1E-10	1E10	1E-30	1E-10	1E10	1E-30	1E-10	1E10	1E-30	1E-10	2	-5	5
180	6.8E-10	1E10	1E11	1E-30	1.99107758120885E-10	1E10	1E-30	1E10	6.12285336593329E-02	1.10100951246238E-08	3.21578647389019E-12	7.26482153821135E-02	1.69899517335614E-09	1.02929245600457E-11	0.241458314761827	8.9742445996418E-11	3.43002241628324E-11	0.361443493053959	3.77968207420404E-11	6.75287197868733E-12	2.0288571342277	1E10	1E-30	1E-10	1E10	1E-30	1E-10	1E10	1E-30	1E-10	1E10	1E-30	1E-10	1E10	1E-30	1E-10	1E10	1E-30	1E-10	1E10	1E-30	1E-10	1E10	1E-30	1E-10	1E10	1E-30	1E-10	1E10	1E-30	1E-10	1E10	1E-30	1E-10	2	-1	1
181	6.8E-10	1E10	1E11	1E-30	1.99107758120885E-10	1E10	1E-30	1E10	6.12285336593329E-02	1.10100951246238E-08	3.21578647389019E-12	7.26482153821135E-02	1.69899517335614E-09	1.02929245600457E-11	0.241458314761827	8.9742445996418E-11	3.43002241628324E-11	0.361443493053959	3.77968207420404E-11	6.75287197868733E-12	2.0288571342277	1E10	1E-30	1E-10	1E10	1E-30	1E-10	1E10	1E-30	1E-10	1E10	1E-30	1E-10	1E10	1E-30	1E-10	1E10	1E-30	1E-10	1E10	1E-30	1E-10	1E10	1E-30	1E-10	1E10	1E-30	1E-10	1E10	1E-30	1E-10	1E10	1E-30	1E-10	2	-2	2
182	6.8E-10	1E10	1E11	1E-30	1.99107758120885E-10	1E10	1E-30	1E10	6.12285336593329E-02	1.10100951246238E-08	3.21578647389019E-12	7.26482153821135E-02	1.69899517335614E-09	1.02929245600457E-11	0.241458314761827	8.9742445996418E-11	3.43002241628324E-11	0.361443493053959	3.77968207420404E-11	6.75287197868733E-12	2.0288571342277	1E10	1E-30	1E-10	1E10	1E-30	1E-10	1E10	1E-30	1E-10	1E10	1E-30	1E-10	1E10	1E-30	1E-10	1E10	1E-30	1E-10	1E10	1E-30	1E-10	1E10	1E-30	1E-10	1E10	1E-30	1E-10	1E10	1E-30	1E-10	1E10	1E-30	1E-10	2	-5	5
183	8.2E-10	1E10	1E11	1E-30	1.75630051246976E-10	1E10	1E-30	1E10	4.89427826441238E-02	1E-30	4.42881240492184E-11	0.409647578708845	1.08705935397778E-08	4.0970961593372E-12	6.53131357875323E-02	1.9134912688513E-09	1.15214072207936E-11	0.225064010382451	3.84732451419077E-11	7.42814644599905E-12	2.94996139757596	1E10	1E-30	1E-10	1E10	1E-30	1E-10	1E10	1E-30	1E-10	1E10	1E-30	1E-10	1E10	1E-30	1E-10	1E10	1E-30	1E-10	1E10	1E-30	1E-10	1E10	1E-30	1E-10	1E10	1E-30	1E-10	1E10	1E-30	1E-10	1E10	1E-30	1E-10	2	-1	1
184	8.2E-10	1E10	1E11	1E-30	1.75630051246976E-10	1E10	1E-30	1E10	4.89427826441238E-02	1E-30	4.42881240492184E-11	0.409647578708845	1.08705935397778E-08	4.0970961593372E-12	6.53131357875323E-02	1.9134912688513E-09	1.15214072207936E-11	0.225064010382451	3.84732451419077E-11	7.42814644599905E-12	2.94996139757596	1E10	1E-30	1E-10	1E10	1E-30	1E-10	1E10	1E-30	1E-10	1E10	1E-30	1E-10	1E10	1E-30	1E-10	1E10	1E-30	1E-10	1E10	1E-30	1E-10	1E10	1E-30	1E-10	1E10	1E-30	1E-10	1E10	1E-30	1E-10	1E10	1E-30	1E-10	2	-2	2
185	8.2E-10	1E10	1E11	1E-30	1.75630051246976E-10	1E10	1E-30	1E10	4.89427826441238E-02	1E-30	4.42881240492184E-11	0.409647578708845	1.08705935397778E-08	4.0970961593372E-12	6.53131357875323E-02	1.9134912688513E-09	1.15214072207936E-11	0.225064010382451	3.84732451419077E-11	7.42814644599905E-12	2.94996139757596	1E10	1E-30	1E-10	1E10	1E-30	1E-10	1E10	1E-30	1E-10	1E10	1E-30	1E-10	1E10	1E-30	1E-10	1E10	1E-30	1E-10	1E10	1E-30	1E-10	1E10	1E-30	1E-10	1E10	1E-30	1E-10	1E10	1E-30	1E-10	1E10	1E-30	1E-10	2	-5	5
END DSCRDATA
