BEGIN DSCRDATA
% INDEX	K01	L01	M01	K02	L02	M02	K03	L03	M03	K04	L04	M04	K05	L05	M05	K06	L06	M06	K07	L07	M07	K08	L08	M08	K09	L09	M09	K10	L10	M10	K11	L11	M11	K12	L12	M12	K13	L13	M13	K14	L14	M14	K15	L15	M15	K16	L16	M16	K17	L17	M17	K18	L18	M18
0	0	0	0	0	0	0	0	0	0	0	0	0	0	0	0	0	0	0	0	0	0	0	0	0	0	0	0	0	0	0	0	0	0	0	0	0	0	0	0	0	0	0	0	0	0	0	0	0	0	0	0	0	0	0
1	1E-12	1E10	1E11	1E-30	3.93278895267992E-10	1E10	1E-30	1E10	0.271189611709771	1E-30	1.84595372592013E-10	0.564826419088329	9.41033072099102E-13	1.37463851478593E-10	1E5	1E10	1E-30	1E-10	1E10	1E-30	1E-10	1E10	1E-30	1E-10	1E10	1E-30	1E-10	1E10	1E-30	1E-10	1E10	1E-30	1E-10	1E10	1E-30	1E-10	1E10	1E-30	1E-10	1E10	1E-30	1E-10	1E10	1E-30	1E-10	1E10	1E-30	1E-10	1E10	1E-30	1E-10	1E10	1E-30	1E-10
2	1E-12	1E10	1E11	1E-30	3.93278895267992E-10	1E10	1E-30	1E10	0.271189611709771	1E-30	1.84595372592013E-10	0.564826419088329	9.41033072099102E-13	1.37463851478593E-10	1E5	1E10	1E-30	1E-10	1E10	1E-30	1E-10	1E10	1E-30	1E-10	1E10	1E-30	1E-10	1E10	1E-30	1E-10	1E10	1E-30	1E-10	1E10	1E-30	1E-10	1E10	1E-30	1E-10	1E10	1E-30	1E-10	1E10	1E-30	1E-10	1E10	1E-30	1E-10	1E10	1E-30	1E-10	1E10	1E-30	1E-10
3	2E-12	1E10	1E11	1E-30	4.25290648197193E-10	1E10	1E-30	1E10	0.156498172296744	1E-30	1.68018428736459E-10	0.308197631825855	5.01032600874873E-12	6.41101707019759E-11	28.0207055680013	1E10	1E-30	1E-10	1E10	1E-30	1E-10	1E10	1E-30	1E-10	1E10	1E-30	1E-10	1E10	1E-30	1E-10	1E10	1E-30	1E-10	1E10	1E-30	1E-10	1E10	1E-30	1E-10	1E10	1E-30	1E-10	1E10	1E-30	1E-10	1E10	1E-30	1E-10	1E10	1E-30	1E-10	1E10	1E-30	1E-10
4	2E-12	1E10	1E11	1E-30	4.25290648197193E-10	1E10	1E-30	1E10	0.156498172296744	1E-30	1.68018428736459E-10	0.308197631825855	5.01032600874873E-12	6.41101707019759E-11	28.0207055680013	1E10	1E-30	1E-10	1E10	1E-30	1E-10	1E10	1E-30	1E-10	1E10	1E-30	1E-10	1E10	1E-30	1E-10	1E10	1E-30	1E-10	1E10	1E-30	1E-10	1E10	1E-30	1E-10	1E10	1E-30	1E-10	1E10	1E-30	1E-10	1E10	1E-30	1E-10	1E10	1E-30	1E-10	1E10	1E-30	1E-10
5	3E-12	1E10	1E11	1E-30	4.43188033026965E-10	1E10	1E-30	1E10	0.145129046041234	1E-30	1.38872471512904E-10	0.329142122397985	4.80661742856124E-12	6.9990916928615E-11	31.6397461150349	1E10	1E-30	1E-10	1E10	1E-30	1E-10	1E10	1E-30	1E-10	1E10	1E-30	1E-10	1E10	1E-30	1E-10	1E10	1E-30	1E-10	1E10	1E-30	1E-10	1E10	1E-30	1E-10	1E10	1E-30	1E-10	1E10	1E-30	1E-10	1E10	1E-30	1E-10	1E10	1E-30	1E-10	1E10	1E-30	1E-10
6	3E-12	1E10	1E11	1E-30	4.43188033026965E-10	1E10	1E-30	1E10	0.145129046041234	1E-30	1.38872471512904E-10	0.329142122397985	4.80661742856124E-12	6.9990916928615E-11	31.6397461150349	1E10	1E-30	1E-10	1E10	1E-30	1E-10	1E10	1E-30	1E-10	1E10	1E-30	1E-10	1E10	1E-30	1E-10	1E10	1E-30	1E-10	1E10	1E-30	1E-10	1E10	1E-30	1E-10	1E10	1E-30	1E-10	1E10	1E-30	1E-10	1E10	1E-30	1E-10	1E10	1E-30	1E-10	1E10	1E-30	1E-10
7	4E-12	1E10	1E11	1E-30	3.92456381428421E-10	1E10	1E-30	1E10	0.143111664113346	1E-30	1.13726819331605E-10	0.256646455958239	8.50350146206275E-12	4.97875580581106E-11	22.812606342059	7.5787536554851E-12	4.43732078266794E-11	131.272847639717	1E10	1E-30	1E-10	1E10	1E-30	1E-10	1E10	1E-30	1E-10	1E10	1E-30	1E-10	1E10	1E-30	1E-10	1E10	1E-30	1E-10	1E10	1E-30	1E-10	1E10	1E-30	1E-10	1E10	1E-30	1E-10	1E10	1E-30	1E-10	1E10	1E-30	1E-10	1E10	1E-30	1E-10
8	4E-12	1E10	1E11	1E-30	3.92456381428421E-10	1E10	1E-30	1E10	0.143111664113346	1E-30	1.13726819331605E-10	0.256646455958239	8.50350146206275E-12	4.97875580581106E-11	22.812606342059	7.5787536554851E-12	4.43732078266794E-11	131.272847639717	1E10	1E-30	1E-10	1E10	1E-30	1E-10	1E10	1E-30	1E-10	1E10	1E-30	1E-10	1E10	1E-30	1E-10	1E10	1E-30	1E-10	1E10	1E-30	1E-10	1E10	1E-30	1E-10	1E10	1E-30	1E-10	1E10	1E-30	1E-10	1E10	1E-30	1E-10	1E10	1E-30	1E-10
9	5E-12	1E10	1E11	1E-30	2.41327600548825E-10	1E10	1E-30	1E10	0.125	1E-30	5.72167786389973E-11	0.182387798508751	1.38484044626376E-11	4.42658291697871E-11	24.7311636586055	1.94034672341349E-12	1.64787046642867E-10	97.2374058728849	1E10	1E-30	1E-10	1E10	1E-30	1E-10	1E10	1E-30	1E-10	1E10	1E-30	1E-10	1E10	1E-30	1E-10	1E10	1E-30	1E-10	1E10	1E-30	1E-10	1E10	1E-30	1E-10	1E10	1E-30	1E-10	1E10	1E-30	1E-10	1E10	1E-30	1E-10	1E10	1E-30	1E-10
10	5E-12	1E10	1E11	1E-30	2.41327600548825E-10	1E10	1E-30	1E10	0.125	1E-30	5.72167786389973E-11	0.182387798508751	1.38484044626376E-11	4.42658291697871E-11	24.7311636586055	1.94034672341349E-12	1.64787046642867E-10	97.2374058728849	1E10	1E-30	1E-10	1E10	1E-30	1E-10	1E10	1E-30	1E-10	1E10	1E-30	1E-10	1E10	1E-30	1E-10	1E10	1E-30	1E-10	1E10	1E-30	1E-10	1E10	1E-30	1E-10	1E10	1E-30	1E-10	1E10	1E-30	1E-10	1E10	1E-30	1E-10	1E10	1E-30	1E-10
11	6E-12	1E10	1E11	1E-30	3.39679732434482E-10	1E10	1E-30	1E10	0.11	1E-30	8.14718919810041E-11	0.230552047636998	2.29200020160278E-09	4.21373205590215E-13	0.18818448308864	2.26276845222724E-11	2.4956161879978E-11	7.73871018759532	2.91998546084854E-12	1.10327814576621E-10	67.6600036154824	1E10	1E-30	1E-10	1E10	1E-30	1E-10	1E10	1E-30	1E-10	1E10	1E-30	1E-10	1E10	1E-30	1E-10	1E10	1E-30	1E-10	1E10	1E-30	1E-10	1E10	1E-30	1E-10	1E10	1E-30	1E-10	1E10	1E-30	1E-10	1E10	1E-30	1E-10
12	6E-12	1E10	1E11	1E-30	3.39679732434482E-10	1E10	1E-30	1E10	0.11	1E-30	8.14718919810041E-11	0.230552047636998	2.29200020160278E-09	4.21373205590215E-13	0.18818448308864	2.26276845222724E-11	2.4956161879978E-11	7.73871018759532	2.91998546084854E-12	1.10327814576621E-10	67.6600036154824	1E10	1E-30	1E-10	1E10	1E-30	1E-10	1E10	1E-30	1E-10	1E10	1E-30	1E-10	1E10	1E-30	1E-10	1E10	1E-30	1E-10	1E10	1E-30	1E-10	1E10	1E-30	1E-10	1E10	1E-30	1E-10	1E10	1E-30	1E-10	1E10	1E-30	1E-10
13	7E-12	1E10	1E11	1E-30	3.75028737874522E-10	1E10	1E-30	1E10	0.107493532341933	1E-30	9.00357580338815E-11	0.208357852604436	3.10145531460221E-12	1.10063632491149E-10	55.5535301441378	1E10	1E-30	1E-10	1E10	1E-30	1E-10	1E10	1E-30	1E-10	1E10	1E-30	1E-10	1E10	1E-30	1E-10	1E10	1E-30	1E-10	1E10	1E-30	1E-10	1E10	1E-30	1E-10	1E10	1E-30	1E-10	1E10	1E-30	1E-10	1E10	1E-30	1E-10	1E10	1E-30	1E-10	1E10	1E-30	1E-10
14	7E-12	1E10	1E11	1E-30	3.75028737874522E-10	1E10	1E-30	1E10	0.107493532341933	1E-30	9.00357580338815E-11	0.208357852604436	3.10145531460221E-12	1.10063632491149E-10	55.5535301441378	1E10	1E-30	1E-10	1E10	1E-30	1E-10	1E10	1E-30	1E-10	1E10	1E-30	1E-10	1E10	1E-30	1E-10	1E10	1E-30	1E-10	1E10	1E-30	1E-10	1E10	1E-30	1E-10	1E10	1E-30	1E-10	1E10	1E-30	1E-10	1E10	1E-30	1E-10	1E10	1E-30	1E-10	1E10	1E-30	1E-10
15	8E-12	1E10	1E11	1E-30	2.83380447315368E-10	1E10	1E-30	1E10	0.10789528399349	1E-30	6.02912269570166E-11	0.18191296566229	3.98010931278116E-11	2.31555131802714E-11	12.1296268656408	6.69607952146116E-12	6.18367460594433E-11	22.2209357186105	2.57751019605324E-12	1.0422113707023E-10	117.447062559819	1E10	1E-30	1E-10	1E10	1E-30	1E-10	1E10	1E-30	1E-10	1E10	1E-30	1E-10	1E10	1E-30	1E-10	1E10	1E-30	1E-10	1E10	1E-30	1E-10	1E10	1E-30	1E-10	1E10	1E-30	1E-10	1E10	1E-30	1E-10	1E10	1E-30	1E-10
16	8E-12	1E10	1E11	1E-30	2.83380447315368E-10	1E10	1E-30	1E10	0.10789528399349	1E-30	6.02912269570166E-11	0.18191296566229	3.98010931278116E-11	2.31555131802714E-11	12.1296268656408	6.69607952146116E-12	6.18367460594433E-11	22.2209357186105	2.57751019605324E-12	1.0422113707023E-10	117.447062559819	1E10	1E-30	1E-10	1E10	1E-30	1E-10	1E10	1E-30	1E-10	1E10	1E-30	1E-10	1E10	1E-30	1E-10	1E10	1E-30	1E-10	1E10	1E-30	1E-10	1E10	1E-30	1E-10	1E10	1E-30	1E-10	1E10	1E-30	1E-10	1E10	1E-30	1E-10
17	9E-12	1E10	1E11	1E-30	3.56093116206897E-10	1E10	1E-30	1E10	0.101635426080075	1E-30	7.4083164914689E-11	0.187582321319866	4.73624440602689E-11	2.21391563592571E-11	9.56408156514476	8.52236329299431E-12	5.44905506314074E-11	18.8604687003444	8.92400990095542E-12	3.60015497804971E-11	23.7439233252121	1E10	1E-30	1E-10	1E10	1E-30	1E-10	1E10	1E-30	1E-10	1E10	1E-30	1E-10	1E10	1E-30	1E-10	1E10	1E-30	1E-10	1E10	1E-30	1E-10	1E10	1E-30	1E-10	1E10	1E-30	1E-10	1E10	1E-30	1E-10	1E10	1E-30	1E-10
18	9E-12	1E10	1E11	1E-30	3.56093116206897E-10	1E10	1E-30	1E10	0.101635426080075	1E-30	7.4083164914689E-11	0.187582321319866	4.73624440602689E-11	2.21391563592571E-11	9.56408156514476	8.52236329299431E-12	5.44905506314074E-11	18.8604687003444	8.92400990095542E-12	3.60015497804971E-11	23.7439233252121	1E10	1E-30	1E-10	1E10	1E-30	1E-10	1E10	1E-30	1E-10	1E10	1E-30	1E-10	1E10	1E-30	1E-10	1E10	1E-30	1E-10	1E10	1E-30	1E-10	1E10	1E-30	1E-10	1E10	1E-30	1E-10	1E10	1E-30	1E-10	1E10	1E-30	1E-10
19	1E-11	1E10	1E11	1E-30	1.38284128975377E-10	1E10	1E-30	1E10	0.32713739403249	1E-30	4.34465397341088E-11	1.43762545124106	7.63555678168033E-12	8.81124118119578E-11	19.4952805794463	8.62427209896177E-12	5.7936203870831E-11	10.3029498232399	7.04910936495202E-13	3.07067234794759E-10	1E5	1E10	1E-30	1E-10	1E10	1E-30	1E-10	1E10	1E-30	1E-10	1E10	1E-30	1E-10	1E10	1E-30	1E-10	1E10	1E-30	1E-10	1E10	1E-30	1E-10	1E10	1E-30	1E-10	1E10	1E-30	1E-10	1E10	1E-30	1E-10	1E10	1E-30	1E-10
20	1E-11	1E10	1E11	1E-30	1.38284128975377E-10	1E10	1E-30	1E10	0.32713739403249	1E-30	4.34465397341088E-11	1.43762545124106	7.63555678168033E-12	8.81124118119578E-11	19.4952805794463	8.62427209896177E-12	5.7936203870831E-11	10.3029498232399	7.04910936495202E-13	3.07067234794759E-10	1E5	1E10	1E-30	1E-10	1E10	1E-30	1E-10	1E10	1E-30	1E-10	1E10	1E-30	1E-10	1E10	1E-30	1E-10	1E10	1E-30	1E-10	1E10	1E-30	1E-10	1E10	1E-30	1E-10	1E10	1E-30	1E-10	1E10	1E-30	1E-10	1E10	1E-30	1E-10
21	1.2E-11	1E10	1E11	1E-30	3E-11	1E10	1E-30	1E10	0.36	7.41522840377759E-13	4.61869015000534E-10	351.370852213777	1.58152094347428E-11	7.40729105978909E-11	10.6130128504323	1E10	1E-30	1E-10	1E10	1E-30	1E-10	1E10	1E-30	1E-10	1E10	1E-30	1E-10	1E10	1E-30	1E-10	1E10	1E-30	1E-10	1E10	1E-30	1E-10	1E10	1E-30	1E-10	1E10	1E-30	1E-10	1E10	1E-30	1E-10	1E10	1E-30	1E-10	1E10	1E-30	1E-10	1E10	1E-30	1E-10
22	1.2E-11	1E10	1E11	1E-30	3E-11	1E10	1E-30	1E10	0.36	7.41522840377759E-13	4.61869015000534E-10	351.370852213777	1.58152094347428E-11	7.40729105978909E-11	10.6130128504323	1E10	1E-30	1E-10	1E10	1E-30	1E-10	1E10	1E-30	1E-10	1E10	1E-30	1E-10	1E10	1E-30	1E-10	1E10	1E-30	1E-10	1E10	1E-30	1E-10	1E10	1E-30	1E-10	1E10	1E-30	1E-10	1E10	1E-30	1E-10	1E10	1E-30	1E-10	1E10	1E-30	1E-10	1E10	1E-30	1E-10
23	1.5E-11	1E10	1E11	1E-30	4.49779311987336E-11	1E10	1E-30	1E10	0.17	1E-30	3.49418227203907E-11	0.268276502762433	9.94812145169289E-11	1.78649191163939E-11	1.8675167184319	5.76597709179909E-12	6.78588203339597E-11	12.1345256919261	4.93441732238106E-13	3.99764490547259E-10	1E5	1E10	1E-30	1E-10	1E10	1E-30	1E-10	1E10	1E-30	1E-10	1E10	1E-30	1E-10	1E10	1E-30	1E-10	1E10	1E-30	1E-10	1E10	1E-30	1E-10	1E10	1E-30	1E-10	1E10	1E-30	1E-10	1E10	1E-30	1E-10	1E10	1E-30	1E-10
24	1.5E-11	1E10	1E11	1E-30	5.24807460249773E-12	1E10	1E-30	1E10	0.245735762709238	1E-30	1.47834180951104E-10	43.671875408596	1E-30	5.03286519525198E-12	6.51841182039918E-02	1.81678697402243E-10	9.86904760711577E-12	0.976089089464129	3.90025980466895E-12	1.00497970627807E-10	17.7777198063375	9.64574970114753E-13	2.69082435201947E-10	1E5	1E10	1E-30	1E-10	1E10	1E-30	1E-10	1E10	1E-30	1E-10	1E10	1E-30	1E-10	1E10	1E-30	1E-10	1E10	1E-30	1E-10	1E10	1E-30	1E-10	1E10	1E-30	1E-10	1E10	1E-30	1E-10	1E10	1E-30	1E-10
25	1.8E-11	1E10	1E11	1E-30	7E-12	1E10	1E-30	1E10	0.25	1E-30	2.90070820003992E-11	0.136692653571796	5E-13	4.32E-10	1E10	1.19889289809994E-11	3.30126130724554E-11	3.96728901195026	3.47106421865446E-11	2.32702774070845E-11	3.05679436365275	8.28887508925811E-11	2.17311211422311E-11	1.9972703081961	1E10	1E-30	1E-10	1E10	1E-30	1E-10	1E10	1E-30	1E-10	1E10	1E-30	1E-10	1E10	1E-30	1E-10	1E10	1E-30	1E-10	1E10	1E-30	1E-10	1E10	1E-30	1E-10	1E10	1E-30	1E-10	1E10	1E-30	1E-10
26	1.8E-11	1E10	1E11	1E-30	7E-12	1E10	1E-30	1E10	0.25	1E-30	2.90070820003992E-11	0.136692653571796	5E-13	4.32E-10	1E10	1.19889289809994E-11	3.30126130724554E-11	3.96728901195026	3.47106421865446E-11	2.32702774070845E-11	3.05679436365275	8.28887508925811E-11	2.17311211422311E-11	1.9972703081961	1E10	1E-30	1E-10	1E10	1E-30	1E-10	1E10	1E-30	1E-10	1E10	1E-30	1E-10	1E10	1E-30	1E-10	1E10	1E-30	1E-10	1E10	1E-30	1E-10	1E10	1E-30	1E-10	1E10	1E-30	1E-10	1E10	1E-30	1E-10
27	2.2E-11	1E10	1E11	1E-30	2.52138956691929E-10	1E10	1E-30	1E10	0.207057639690433	1E-30	2.23151479499233E-11	0.406908537423549	4.01225118539944E-10	6.39970351768057E-12	0.725908885742859	2.69891753896834E-11	2.53397711443096E-11	2.85930565746769	1.34244053554204E-11	2.99505399615003E-11	4.7086355651047	1.29049535575921E-12	1.92434814514614E-10	1E5	1E10	1E-30	1E-10	1E10	1E-30	1E-10	1E10	1E-30	1E-10	1E10	1E-30	1E-10	1E10	1E-30	1E-10	1E10	1E-30	1E-10	1E10	1E-30	1E-10	1E10	1E-30	1E-10	1E10	1E-30	1E-10	1E10	1E-30	1E-10
28	2.2E-11	1E10	1E11	1E-30	2.52138956691929E-10	1E10	1E-30	1E10	0.207057639690433	1E-30	2.23151479499233E-11	0.406908537423549	4.01225118539944E-10	6.39970351768057E-12	0.725908885742859	2.69891753896834E-11	2.53397711443096E-11	2.85930565746769	1.34244053554204E-11	2.99505399615003E-11	4.7086355651047	1.29049535575921E-12	1.92434814514614E-10	1E5	1E10	1E-30	1E-10	1E10	1E-30	1E-10	1E10	1E-30	1E-10	1E10	1E-30	1E-10	1E10	1E-30	1E-10	1E10	1E-30	1E-10	1E10	1E-30	1E-10	1E10	1E-30	1E-10	1E10	1E-30	1E-10	1E10	1E-30	1E-10
29	2.7E-11	1E10	1E11	1E-30	5E-12	1E10	1E-30	1E10	0.2	1E-30	1.03512561526161E-11	0.111495189546805	3E-13	4.3E-10	1E10	9.22151104117827E-12	3.80189677566713E-11	3.33944422474594	3.29565201889612E-11	3.07438962188354E-11	3.18982053430436	1.76903287940395E-10	1.76284707122512E-11	1.71680537311584	1E10	1E-30	1E-10	1E10	1E-30	1E-10	1E10	1E-30	1E-10	1E10	1E-30	1E-10	1E10	1E-30	1E-10	1E10	1E-30	1E-10	1E10	1E-30	1E-10	1E10	1E-30	1E-10	1E10	1E-30	1E-10	1E10	1E-30	1E-10
30	2.7E-11	1E10	1E11	1E-30	5E-12	1E10	1E-30	1E10	0.2	1E-30	1.03512561526161E-11	0.111495189546805	3E-13	4.3E-10	1E10	9.22151104117827E-12	3.80189677566713E-11	3.33944422474594	3.29565201889612E-11	3.07438962188354E-11	3.18982053430436	1.76903287940395E-10	1.76284707122512E-11	1.71680537311584	1E10	1E-30	1E-10	1E10	1E-30	1E-10	1E10	1E-30	1E-10	1E10	1E-30	1E-10	1E10	1E-30	1E-10	1E10	1E-30	1E-10	1E10	1E-30	1E-10	1E10	1E-30	1E-10	1E10	1E-30	1E-10	1E10	1E-30	1E-10
31	3.3E-11	1E10	1E11	1E-30	1.97425780224365E-10	1E10	1E-30	1E10	0.188838811769125	1E-30	2.08693904201447E-11	0.293995989355967	1.81709010763309E-10	2.01832384681157E-11	2.22407707669578	8.98103146517188E-11	1.2252915736198E-11	1.58834195867039	9.58713376900719E-12	4.42798838203926E-11	6.68843585927235	9.5052989030473E-13	2.55313813968523E-10	1411088548.92184	1E10	1E-30	1E-10	1E10	1E-30	1E-10	1E10	1E-30	1E-10	1E10	1E-30	1E-10	1E10	1E-30	1E-10	1E10	1E-30	1E-10	1E10	1E-30	1E-10	1E10	1E-30	1E-10	1E10	1E-30	1E-10	1E10	1E-30	1E-10
32	3.3E-11	1E10	1E11	1E-30	1.97425780224365E-10	1E10	1E-30	1E10	0.188838811769125	1E-30	2.08693904201447E-11	0.293995989355967	1.81709010763309E-10	2.01832384681157E-11	2.22407707669578	8.98103146517188E-11	1.2252915736198E-11	1.58834195867039	9.58713376900719E-12	4.42798838203926E-11	6.68843585927235	9.5052989030473E-13	2.55313813968523E-10	1411088548.92184	1E10	1E-30	1E-10	1E10	1E-30	1E-10	1E10	1E-30	1E-10	1E10	1E-30	1E-10	1E10	1E-30	1E-10	1E10	1E-30	1E-10	1E10	1E-30	1E-10	1E10	1E-30	1E-10	1E10	1E-30	1E-10	1E10	1E-30	1E-10
33	3.9E-11	1E10	1E11	1E-30	1E-12	1E10	1E-30	1E10	0.18	8.14375092116377E-13	3.55E-10	1E10	4.32853989015976E-12	9.14363465848233E-11	17.1587437475311	3.46393086864935E-11	3.61115408428163E-11	3.55537149544477	2.61592907038356E-10	1.79902968442672E-11	1.45250308228822	1E10	1E-30	1E-10	1E10	1E-30	1E-10	1E10	1E-30	1E-10	1E10	1E-30	1E-10	1E10	1E-30	1E-10	1E10	1E-30	1E-10	1E10	1E-30	1E-10	1E10	1E-30	1E-10	1E10	1E-30	1E-10	1E10	1E-30	1E-10	1E10	1E-30	1E-10
34	3.9E-11	1E10	1E11	1E-30	1E-12	1E10	1E-30	1E10	0.18	8.14375092116377E-13	3.55E-10	1E10	4.32853989015976E-12	9.14363465848233E-11	17.1587437475311	3.46393086864935E-11	3.61115408428163E-11	3.55537149544477	2.61592907038356E-10	1.79902968442672E-11	1.45250308228822	1E10	1E-30	1E-10	1E10	1E-30	1E-10	1E10	1E-30	1E-10	1E10	1E-30	1E-10	1E10	1E-30	1E-10	1E10	1E-30	1E-10	1E10	1E-30	1E-10	1E10	1E-30	1E-10	1E10	1E-30	1E-10	1E10	1E-30	1E-10	1E10	1E-30	1E-10
35	4.7E-11	1E10	1E11	1E-30	6.76599539972257E-11	1E10	1E-30	1E10	0.1510710494153	1E-30	2.9062882768076E-11	2.47689107409731	3.18231076281389E-10	1.89337865528364E-11	1.57743829667242	5.05700882381941E-11	3.41229224848269E-11	2.35718487205875	1.18014730003713E-11	3.87162341374275E-11	4.80675914242514	6.00495417451372E-13	3.13711467267869E-10	1E5	1E10	1E-30	1E-10	1E10	1E-30	1E-10	1E10	1E-30	1E-10	1E10	1E-30	1E-10	1E10	1E-30	1E-10	1E10	1E-30	1E-10	1E10	1E-30	1E-10	1E10	1E-30	1E-10	1E10	1E-30	1E-10	1E10	1E-30	1E-10
36	4.7E-11	1E10	1E11	1E-30	6.76599539972257E-11	1E10	1E-30	1E10	0.1510710494153	1E-30	2.9062882768076E-11	2.47689107409731	3.18231076281389E-10	1.89337865528364E-11	1.57743829667242	5.05700882381941E-11	3.41229224848269E-11	2.35718487205875	1.18014730003713E-11	3.87162341374275E-11	4.80675914242514	6.00495417451372E-13	3.13711467267869E-10	1E5	1E10	1E-30	1E-10	1E10	1E-30	1E-10	1E10	1E-30	1E-10	1E10	1E-30	1E-10	1E10	1E-30	1E-10	1E10	1E-30	1E-10	1E10	1E-30	1E-10	1E10	1E-30	1E-10	1E10	1E-30	1E-10	1E10	1E-30	1E-10
37	5.6E-11	1E10	1E11	1E-30	1E-12	1E10	1E-30	1E10	0.19	1E-30	6.82096262811006E-11	5.32333675322099	6.97352059019663E-13	5.29818967741424E-10	449.458522347793	9.78351096837394E-11	1.22126431161935E-11	1.2513593504133	6.52344287022578E-10	9.2396533499043E-12	0.578655911235254	1E10	1E-30	1E-10	1E10	1E-30	1E-10	1E10	1E-30	1E-10	1E10	1E-30	1E-10	1E10	1E-30	1E-10	1E10	1E-30	1E-10	1E10	1E-30	1E-10	1E10	1E-30	1E-10	1E10	1E-30	1E-10	1E10	1E-30	1E-10	1E10	1E-30	1E-10
38	5.6E-11	1E10	1E11	1E-30	1E-12	1E10	1E-30	1E10	0.19	1E-30	6.82096262811006E-11	5.32333675322099	6.97352059019663E-13	5.29818967741424E-10	449.458522347793	9.78351096837394E-11	1.22126431161935E-11	1.2513593504133	6.52344287022578E-10	9.2396533499043E-12	0.578655911235254	1E10	1E-30	1E-10	1E10	1E-30	1E-10	1E10	1E-30	1E-10	1E10	1E-30	1E-10	1E10	1E-30	1E-10	1E10	1E-30	1E-10	1E10	1E-30	1E-10	1E10	1E-30	1E-10	1E10	1E-30	1E-10	1E10	1E-30	1E-10	1E10	1E-30	1E-10
39	6.8E-11	1E10	1E11	1E-30	7.38023368484963E-11	1E10	1E-30	1E10	0.140987706592744	1E-30	2.20967474370278E-11	0.250937422068169	4.99491025397612E-10	1.52674003349113E-11	0.902575975414071	1.53166521725166E-10	1.33242553995059E-11	0.862680100228235	1.31987029628183E-10	7.73956558797899E-12	1.08614286785939	1.2884056428335E-11	3.12066460817926E-11	3.09554782261385	4.1342104068429E-13	4.25775408218568E-10	151356.124843621	1E10	1E-30	1E-10	1E10	1E-30	1E-10	1E10	1E-30	1E-10	1E10	1E-30	1E-10	1E10	1E-30	1E-10	1E10	1E-30	1E-10	1E10	1E-30	1E-10	1E10	1E-30	1E-10	1E10	1E-30	1E-10
40	6.8E-11	1E10	1E11	1E-30	7.38023368484963E-11	1E10	1E-30	1E10	0.140987706592744	1E-30	2.20967474370278E-11	0.250937422068169	4.99491025397612E-10	1.52674003349113E-11	0.902575975414071	1.53166521725166E-10	1.33242553995059E-11	0.862680100228235	1.31987029628183E-10	7.73956558797899E-12	1.08614286785939	1.2884056428335E-11	3.12066460817926E-11	3.09554782261385	4.1342104068429E-13	4.25775408218568E-10	151356.124843621	1E10	1E-30	1E-10	1E10	1E-30	1E-10	1E10	1E-30	1E-10	1E10	1E-30	1E-10	1E10	1E-30	1E-10	1E10	1E-30	1E-10	1E10	1E-30	1E-10	1E10	1E-30	1E-10	1E10	1E-30	1E-10
41	8.2E-11	1E10	1E11	1E-30	1.8E-11	1E10	1E-30	1E10	0.14	1E-30	8.62791941469624E-11	3.04935842800963	7.57307733887548E-13	3.71642490556711E-10	1E10	4.90779036003563E-12	7.67585134386647E-11	12.4453562949358	5.16138333286611E-10	5.00781264598171E-12	0.440510207736766	6.77496106650003E-10	1.39009910391838E-11	0.801580056191515	1E10	1E-30	1E-10	1E10	1E-30	1E-10	1E10	1E-30	1E-10	1E10	1E-30	1E-10	1E10	1E-30	1E-10	1E10	1E-30	1E-10	1E10	1E-30	1E-10	1E10	1E-30	1E-10	1E10	1E-30	1E-10	1E10	1E-30	1E-10
42	8.2E-11	1E10	1E11	1E-30	1.8E-11	1E10	1E-30	1E10	0.14	1E-30	8.62791941469624E-11	3.04935842800963	7.57307733887548E-13	3.71642490556711E-10	1E10	4.90779036003563E-12	7.67585134386647E-11	12.4453562949358	5.16138333286611E-10	5.00781264598171E-12	0.440510207736766	6.77496106650003E-10	1.39009910391838E-11	0.801580056191515	1E10	1E-30	1E-10	1E10	1E-30	1E-10	1E10	1E-30	1E-10	1E10	1E-30	1E-10	1E10	1E-30	1E-10	1E10	1E-30	1E-10	1E10	1E-30	1E-10	1E10	1E-30	1E-10	1E10	1E-30	1E-10	1E10	1E-30	1E-10
43	1E-10	1E10	1E11	1E-30	7.24968992102208E-11	1E10	1E-30	1E10	0.12	1E-30	8.78764420640307E-12	3.34443471974675E-02	9.42094970844681E-10	8.77843620276436E-12	0.315721210270927	9.53273856081999E-11	2.92528245888874E-11	1.59155125938389	8.94446871239672E-13	2.65146282395168E-10	1E5	9.24633708274683E-13	2.28471845578342E-10	60.3467561457762	1E10	1E-30	1E-10	1E10	1E-30	1E-10	1E10	1E-30	1E-10	1E10	1E-30	1E-10	1E10	1E-30	1E-10	1E10	1E-30	1E-10	1E10	1E-30	1E-10	1E10	1E-30	1E-10	1E10	1E-30	1E-10	1E10	1E-30	1E-10
44	1E-10	1E10	1E11	1E-30	7.24968992102208E-11	1E10	1E-30	1E10	0.12	1E-30	8.78764420640307E-12	3.34443471974675E-02	9.42094970844681E-10	8.77843620276436E-12	0.315721210270927	9.53273856081999E-11	2.92528245888874E-11	1.59155125938389	8.94446871239672E-13	2.65146282395168E-10	1E5	9.24633708274683E-13	2.28471845578342E-10	60.3467561457762	1E10	1E-30	1E-10	1E10	1E-30	1E-10	1E10	1E-30	1E-10	1E10	1E-30	1E-10	1E10	1E-30	1E-10	1E10	1E-30	1E-10	1E10	1E-30	1E-10	1E10	1E-30	1E-10	1E10	1E-30	1E-10	1E10	1E-30	1E-10
45	1.2E-10	1E10	1E11	1E-30	1E-12	1E10	1E-30	1E10	0.12	1E-30	1.12479205630904E-10	6.05766593299997	6.68901783669251E-13	4.16137177254036E-10	1E10	1.0016903533407E-11	3.95117984597646E-11	6.08348710086455	1.48052100686858E-10	2.8503193469219E-11	1.41757293045758	1.3080521135633E-09	8.60662138523298E-12	0.336365440903595	1E10	1E-30	1E-10	1E10	1E-30	1E-10	1E10	1E-30	1E-10	1E10	1E-30	1E-10	1E10	1E-30	1E-10	1E10	1E-30	1E-10	1E10	1E-30	1E-10	1E10	1E-30	1E-10	1E10	1E-30	1E-10	1E10	1E-30	1E-10
46	1.2E-10	1E10	1E11	1E-30	1E-12	1E10	1E-30	1E10	0.12	1E-30	1.12479205630904E-10	6.05766593299997	6.68901783669251E-13	4.16137177254036E-10	1E10	1.0016903533407E-11	3.95117984597646E-11	6.08348710086455	1.48052100686858E-10	2.8503193469219E-11	1.41757293045758	1.3080521135633E-09	8.60662138523298E-12	0.336365440903595	1E10	1E-30	1E-10	1E10	1E-30	1E-10	1E10	1E-30	1E-10	1E10	1E-30	1E-10	1E10	1E-30	1E-10	1E10	1E-30	1E-10	1E10	1E-30	1E-10	1E10	1E-30	1E-10	1E10	1E-30	1E-10	1E10	1E-30	1E-10
47	1.5E-10	1E10	1E11	1E-30	3.37790140908693E-10	1E10	1E-30	1E10	9.51332684678457E-02	1E-30	8.52311317108697E-11	1.91184815062737	1.88641459992323E-09	7.9135594678119E-12	0.364686044684592	3.05768810201867E-10	1.88897556337416E-11	0.991243069044186	3.22289014046253E-11	1.24753923197392E-11	2.46913385432763	2.0095193155446E-12	1.23579919086367E-10	1E5	1E10	1E-30	1E-10	1E10	1E-30	1E-10	1E10	1E-30	1E-10	1E10	1E-30	1E-10	1E10	1E-30	1E-10	1E10	1E-30	1E-10	1E10	1E-30	1E-10	1E10	1E-30	1E-10	1E10	1E-30	1E-10	1E10	1E-30	1E-10
48	1.5E-10	1E10	1E11	1E-30	3.37790140908693E-10	1E10	1E-30	1E10	9.51332684678457E-02	1E-30	8.52311317108697E-11	1.91184815062737	1.88641459992323E-09	7.9135594678119E-12	0.364686044684592	3.05768810201867E-10	1.88897556337416E-11	0.991243069044186	3.22289014046253E-11	1.24753923197392E-11	2.46913385432763	2.0095193155446E-12	1.23579919086367E-10	1E5	1E10	1E-30	1E-10	1E10	1E-30	1E-10	1E10	1E-30	1E-10	1E10	1E-30	1E-10	1E10	1E-30	1E-10	1E10	1E-30	1E-10	1E10	1E-30	1E-10	1E10	1E-30	1E-10	1E10	1E-30	1E-10	1E10	1E-30	1E-10
49	1.8E-10	1E10	1E11	1E-30	5E-11	1E10	1E-30	1E10	0.08	1E-30	1.23345004883803E-10	4.64999713439943	8.18472914358461E-13	3.29E-10	1E10	3.17591640513282E-11	1.24620998513445E-11	2.3386102561195	2.69604759653913E-10	2.89979767977056E-11	1.31847138290236	1.22652274165421E-09	1.56159704121833E-11	0.619314352426577	1E10	1E-30	1E-10	1E10	1E-30	1E-10	1E10	1E-30	1E-10	1E10	1E-30	1E-10	1E10	1E-30	1E-10	1E10	1E-30	1E-10	1E10	1E-30	1E-10	1E10	1E-30	1E-10	1E10	1E-30	1E-10	1E10	1E-30	1E-10
50	1.8E-10	1E10	1E11	1E-30	5E-11	1E10	1E-30	1E10	0.08	1E-30	1.23345004883803E-10	4.64999713439943	8.18472914358461E-13	3.29E-10	1E10	3.17591640513282E-11	1.24620998513445E-11	2.3386102561195	2.69604759653913E-10	2.89979767977056E-11	1.31847138290236	1.22652274165421E-09	1.56159704121833E-11	0.619314352426577	1E10	1E-30	1E-10	1E10	1E-30	1E-10	1E10	1E-30	1E-10	1E10	1E-30	1E-10	1E10	1E-30	1E-10	1E10	1E-30	1E-10	1E10	1E-30	1E-10	1E10	1E-30	1E-10	1E10	1E-30	1E-10	1E10	1E-30	1E-10
51	2.2E-10	1E10	1E11	1E-30	2.59892876493706E-10	1E10	1E-30	1E10	9.53687352286137E-02	1.60787484876007E-09	1.25641108032186E-11	0.289816298759958	2.00297186186292E-10	3.58508742434788E-11	1.08212521913344	1.70195660806668E-10	1.32461655341821E-11	0.694157198794048	2.01758248287181E-11	2.44094131201177E-11	1.39656386373055	6.58737918183447E-13	2.83567443137959E-10	1E5	1E10	1E-30	1E-10	1E10	1E-30	1E-10	1E10	1E-30	1E-10	1E10	1E-30	1E-10	1E10	1E-30	1E-10	1E10	1E-30	1E-10	1E10	1E-30	1E-10	1E10	1E-30	1E-10	1E10	1E-30	1E-10	1E10	1E-30	1E-10
52	2.2E-10	1E10	1E11	1E-30	2.59892876493706E-10	1E10	1E-30	1E10	9.53687352286137E-02	1.60787484876007E-09	1.25641108032186E-11	0.289816298759958	2.00297186186292E-10	3.58508742434788E-11	1.08212521913344	1.70195660806668E-10	1.32461655341821E-11	0.694157198794048	2.01758248287181E-11	2.44094131201177E-11	1.39656386373055	6.58737918183447E-13	2.83567443137959E-10	1E5	1E10	1E-30	1E-10	1E10	1E-30	1E-10	1E10	1E-30	1E-10	1E10	1E-30	1E-10	1E10	1E-30	1E-10	1E10	1E-30	1E-10	1E10	1E-30	1E-10	1E10	1E-30	1E-10	1E10	1E-30	1E-10	1E10	1E-30	1E-10
53	2.7E-10	1E10	1E11	1E-30	2E-12	1E10	1E-30	1E10	0.09	1E-30	1.05059050232146E-10	4.95079110603645	6.54976879822157E-13	4.29E-10	1E10	1.61002720654303E-11	2.45825581079896E-11	4.61310880178799	8.14514330201781E-10	3.51794680975443E-12	0.244248224356697	2.92135843599121E-10	3.60904270459449E-11	0.912630661528348	3.06658154567259E-09	8.60069593485296E-12	0.310570561332907	1E10	1E-30	1E-10	1E10	1E-30	1E-10	1E10	1E-30	1E-10	1E10	1E-30	1E-10	1E10	1E-30	1E-10	1E10	1E-30	1E-10	1E10	1E-30	1E-10	1E10	1E-30	1E-10	1E10	1E-30	1E-10
54	2.7E-10	1E10	1E11	1E-30	2E-12	1E10	1E-30	1E10	0.09	1E-30	1.05059050232146E-10	4.95079110603645	6.54976879822157E-13	4.29E-10	1E10	1.61002720654303E-11	2.45825581079896E-11	4.61310880178799	8.14514330201781E-10	3.51794680975443E-12	0.244248224356697	2.92135843599121E-10	3.60904270459449E-11	0.912630661528348	3.06658154567259E-09	8.60069593485296E-12	0.310570561332907	1E10	1E-30	1E-10	1E10	1E-30	1E-10	1E10	1E-30	1E-10	1E10	1E-30	1E-10	1E10	1E-30	1E-10	1E10	1E-30	1E-10	1E10	1E-30	1E-10	1E10	1E-30	1E-10	1E10	1E-30	1E-10
55	3.3E-10	1E10	1E11	1E-30	1.2614127649275E-10	1E10	1E-30	1E10	8.20085529161721E-02	1E-30	9.00865120986428E-11	1.74194303652275	4.34302837098324E-09	8.34890430953425E-12	0.250587414254042	5.72249704319014E-10	2.58560989194337E-11	0.866392422584893	5.46877119827689E-13	3.45287084153226E-10	1E5	1E10	1E-30	1E-10	1E10	1E-30	1E-10	1E10	1E-30	1E-10	1E10	1E-30	1E-10	1E10	1E-30	1E-10	1E10	1E-30	1E-10	1E10	1E-30	1E-10	1E10	1E-30	1E-10	1E10	1E-30	1E-10	1E10	1E-30	1E-10	1E10	1E-30	1E-10
56	3.3E-10	1E10	1E11	1E-30	1.2614127649275E-10	1E10	1E-30	1E10	8.20085529161721E-02	1E-30	9.00865120986428E-11	1.74194303652275	4.34302837098324E-09	8.34890430953425E-12	0.250587414254042	5.72249704319014E-10	2.58560989194337E-11	0.866392422584893	5.46877119827689E-13	3.45287084153226E-10	1E5	1E10	1E-30	1E-10	1E10	1E-30	1E-10	1E10	1E-30	1E-10	1E10	1E-30	1E-10	1E10	1E-30	1E-10	1E10	1E-30	1E-10	1E10	1E-30	1E-10	1E10	1E-30	1E-10	1E10	1E-30	1E-10	1E10	1E-30	1E-10	1E10	1E-30	1E-10
57	3.9E-10	1E10	1E11	1E-30	2E-11	1E10	1E-30	1E10	0.06	1E-30	5.49264293428771E-11	0.760326932328804	9.78460936424872E-13	3.85007390976071E-10	320.281042296785	7.59414157623934E-10	7.12714707358773E-12	0.261969936783016	6.21631722323193E-10	2.82972741569545E-11	0.742937536224873	2.68607693123847E-09	1.92453465680663E-11	0.570573068059184	1E10	1E-30	1E-10	1E10	1E-30	1E-10	1E10	1E-30	1E-10	1E10	1E-30	1E-10	1E10	1E-30	1E-10	1E10	1E-30	1E-10	1E10	1E-30	1E-10	1E10	1E-30	1E-10	1E10	1E-30	1E-10	1E10	1E-30	1E-10
58	3.9E-10	1E10	1E11	1E-30	2E-11	1E10	1E-30	1E10	0.06	1E-30	5.49264293428771E-11	0.760326932328804	9.78460936424872E-13	3.85007390976071E-10	320.281042296785	7.59414157623934E-10	7.12714707358773E-12	0.261969936783016	6.21631722323193E-10	2.82972741569545E-11	0.742937536224873	2.68607693123847E-09	1.92453465680663E-11	0.570573068059184	1E10	1E-30	1E-10	1E10	1E-30	1E-10	1E10	1E-30	1E-10	1E10	1E-30	1E-10	1E10	1E-30	1E-10	1E10	1E-30	1E-10	1E10	1E-30	1E-10	1E10	1E-30	1E-10	1E10	1E-30	1E-10	1E10	1E-30	1E-10
59	4.7E-10	1E10	1E11	1E-30	2.03008502156209E-10	1E10	1E-30	1E10	0.055	1E-30	6.05864518375049E-11	1.87270356121027	2.49669104807083E-09	2.56352650940403E-11	0.5985514711004	7.45657909052952E-10	2.86921261283313E-11	0.782737469912392	3.89832011838261E-10	1.57326910280377E-11	0.355791073336522	1.27927747286368E-12	1.70778424028228E-10	1E5	1E10	1E-30	1E-10	1E10	1E-30	1E-10	1E10	1E-30	1E-10	1E10	1E-30	1E-10	1E10	1E-30	1E-10	1E10	1E-30	1E-10	1E10	1E-30	1E-10	1E10	1E-30	1E-10	1E10	1E-30	1E-10	1E10	1E-30	1E-10
60	4.7E-10	1E10	1E11	1E-30	2.03008502156209E-10	1E10	1E-30	1E10	0.055	1E-30	6.05864518375049E-11	1.87270356121027	2.49669104807083E-09	2.56352650940403E-11	0.5985514711004	7.45657909052952E-10	2.86921261283313E-11	0.782737469912392	3.89832011838261E-10	1.57326910280377E-11	0.355791073336522	1.27927747286368E-12	1.70778424028228E-10	1E5	1E10	1E-30	1E-10	1E10	1E-30	1E-10	1E10	1E-30	1E-10	1E10	1E-30	1E-10	1E10	1E-30	1E-10	1E10	1E-30	1E-10	1E10	1E-30	1E-10	1E10	1E-30	1E-10	1E10	1E-30	1E-10	1E10	1E-30	1E-10
61	5.6E-10	1E10	1E11	1E-30	1E-11	1E10	1E-30	1E10	0.045	1E-30	5.40979282677022E-11	1.35962923216193	1.45939051287134E-12	1.92852927203206E-10	1E10	2.632415592448E-12	1.33182743616981E-10	98.9559251879394	4.84546976071246E-10	1.80886657153957E-11	0.415384348843896	8.98252459061518E-10	2.99708030623886E-11	0.756966035016571	3.0700654131283E-09	2.4109094659758E-11	0.717746835300324	1E10	1E-30	1E-10	1E10	1E-30	1E-10	1E10	1E-30	1E-10	1E10	1E-30	1E-10	1E10	1E-30	1E-10	1E10	1E-30	1E-10	1E10	1E-30	1E-10	1E10	1E-30	1E-10	1E10	1E-30	1E-10
62	5.6E-10	1E10	1E11	1E-30	1E-11	1E10	1E-30	1E10	0.045	1E-30	5.40979282677022E-11	1.35962923216193	1.45939051287134E-12	1.92852927203206E-10	1E10	2.632415592448E-12	1.33182743616981E-10	98.9559251879394	4.84546976071246E-10	1.80886657153957E-11	0.415384348843896	8.98252459061518E-10	2.99708030623886E-11	0.756966035016571	3.0700654131283E-09	2.4109094659758E-11	0.717746835300324	1E10	1E-30	1E-10	1E10	1E-30	1E-10	1E10	1E-30	1E-10	1E10	1E-30	1E-10	1E10	1E-30	1E-10	1E10	1E-30	1E-10	1E10	1E-30	1E-10	1E10	1E-30	1E-10	1E10	1E-30	1E-10
63	5.6E-10	1E10	1E11	1E-30	1E-11	1E10	1E-30	1E10	0.045	1E-30	5.40979282677022E-11	1.35962923216193	1.45939051287134E-12	1.92852927203206E-10	1E10	2.632415592448E-12	1.33182743616981E-10	98.9559251879394	4.84546976071246E-10	1.80886657153957E-11	0.415384348843896	8.98252459061518E-10	2.99708030623886E-11	0.756966035016571	3.0700654131283E-09	2.4109094659758E-11	0.717746835300324	1E10	1E-30	1E-10	1E10	1E-30	1E-10	1E10	1E-30	1E-10	1E10	1E-30	1E-10	1E10	1E-30	1E-10	1E10	1E-30	1E-10	1E10	1E-30	1E-10	1E10	1E-30	1E-10	1E10	1E-30	1E-10
64	6.8E-10	1E10	1E11	1E-30	1.35561646773108E-10	1E10	1E-30	1E10	0.05	1E-30	2.04281000005794E-11	0.92053753427014	1E-30	8.36027401829628E-11	0.586073974157459	6.32132057780595E-09	1.48774488211068E-11	0.390479734826804	1.60944747761218E-09	1.91732196094164E-11	0.531581922316994	7.44860041172421E-13	2.56622276650629E-10	1E5	1E10	1E-30	1E-10	1E10	1E-30	1E-10	1E10	1E-30	1E-10	1E10	1E-30	1E-10	1E10	1E-30	1E-10	1E10	1E-30	1E-10	1E10	1E-30	1E-10	1E10	1E-30	1E-10	1E10	1E-30	1E-10	1E10	1E-30	1E-10
65	6.8E-10	1E10	1E11	1E-30	1.35561646773108E-10	1E10	1E-30	1E10	0.05	1E-30	2.04281000005794E-11	0.92053753427014	1E-30	8.36027401829628E-11	0.586073974157459	6.32132057780595E-09	1.48774488211068E-11	0.390479734826804	1.60944747761218E-09	1.91732196094164E-11	0.531581922316994	7.44860041172421E-13	2.56622276650629E-10	1E5	1E10	1E-30	1E-10	1E10	1E-30	1E-10	1E10	1E-30	1E-10	1E10	1E-30	1E-10	1E10	1E-30	1E-10	1E10	1E-30	1E-10	1E10	1E-30	1E-10	1E10	1E-30	1E-10	1E10	1E-30	1E-10	1E10	1E-30	1E-10
66	6.8E-10	1E10	1E11	1E-30	1.35561646773108E-10	1E10	1E-30	1E10	0.05	1E-30	2.04281000005794E-11	0.92053753427014	1E-30	8.36027401829628E-11	0.586073974157459	6.32132057780595E-09	1.48774488211068E-11	0.390479734826804	1.60944747761218E-09	1.91732196094164E-11	0.531581922316994	7.44860041172421E-13	2.56622276650629E-10	1E5	1E10	1E-30	1E-10	1E10	1E-30	1E-10	1E10	1E-30	1E-10	1E10	1E-30	1E-10	1E10	1E-30	1E-10	1E10	1E-30	1E-10	1E10	1E-30	1E-10	1E10	1E-30	1E-10	1E10	1E-30	1E-10	1E10	1E-30	1E-10
67	8.2E-10	1E10	1E11	1E-30	1E-12	1E10	1E-30	1E10	0.035	1E-30	7.88802214598028E-11	0.660825398004407	9.22724055463367E-13	3.05018310375025E-10	1E10	5.85820442773554E-12	5.98463804510599E-11	12.7349396038683	1.66198650077898E-09	7.77600802201804E-12	0.220988941686486	1.55484026211532E-09	2.54550826375197E-11	0.606084636206296	4.93342253893769E-09	2.22848376715201E-11	0.520331512433629	1E10	1E-30	1E-10	1E10	1E-30	1E-10	1E10	1E-30	1E-10	1E10	1E-30	1E-10	1E10	1E-30	1E-10	1E10	1E-30	1E-10	1E10	1E-30	1E-10	1E10	1E-30	1E-10	1E10	1E-30	1E-10
68	8.2E-10	1E10	1E11	1E-30	1E-12	1E10	1E-30	1E10	0.035	1E-30	7.88802214598028E-11	0.660825398004407	9.22724055463367E-13	3.05018310375025E-10	1E10	5.85820442773554E-12	5.98463804510599E-11	12.7349396038683	1.66198650077898E-09	7.77600802201804E-12	0.220988941686486	1.55484026211532E-09	2.54550826375197E-11	0.606084636206296	4.93342253893769E-09	2.22848376715201E-11	0.520331512433629	1E10	1E-30	1E-10	1E10	1E-30	1E-10	1E10	1E-30	1E-10	1E10	1E-30	1E-10	1E10	1E-30	1E-10	1E10	1E-30	1E-10	1E10	1E-30	1E-10	1E10	1E-30	1E-10	1E10	1E-30	1E-10
69	8.2E-10	1E10	1E11	1E-30	1E-12	1E10	1E-30	1E10	0.035	1E-30	7.88802214598028E-11	0.660825398004407	9.22724055463367E-13	3.05018310375025E-10	1E10	5.85820442773554E-12	5.98463804510599E-11	12.7349396038683	1.66198650077898E-09	7.77600802201804E-12	0.220988941686486	1.55484026211532E-09	2.54550826375197E-11	0.606084636206296	4.93342253893769E-09	2.22848376715201E-11	0.520331512433629	1E10	1E-30	1E-10	1E10	1E-30	1E-10	1E10	1E-30	1E-10	1E10	1E-30	1E-10	1E10	1E-30	1E-10	1E10	1E-30	1E-10	1E10	1E-30	1E-10	1E10	1E-30	1E-10	1E10	1E-30	1E-10
70	9.95598084791325E-10	1E10	1E11	1E-30	2.66475620039544E-10	1E10	1E-30	1E10	2.04403200165934E-02	1E-30	7.39151022667997E-11	0.911528569806647	1E-30	6.17875749620848E-11	2.04704538704071E-02	6.37423466788627E-09	2.29230228078619E-11	0.638655952738379	2.12345835086436E-09	2.67166225109743E-11	0.654168020902454	6.92423335246579E-10	2.56629541210801E-11	0.281974837116415	6.15682995174202E-12	4.04529882253123E-11	1E5	1E10	1E-30	1E-10	1E10	1E-30	1E-10	1E10	1E-30	1E-10	1E10	1E-30	1E-10	1E10	1E-30	1E-10	1E10	1E-30	1E-10	1E10	1E-30	1E-10	1E10	1E-30	1E-10	1E10	1E-30	1E-10
71	9.95598084791325E-10	1E10	1E11	1E-30	2.66475620039544E-10	1E10	1E-30	1E10	2.04403200165934E-02	1E-30	7.39151022667997E-11	0.911528569806647	1E-30	6.17875749620848E-11	2.04704538704071E-02	6.37423466788627E-09	2.29230228078619E-11	0.638655952738379	2.12345835086436E-09	2.67166225109743E-11	0.654168020902454	6.92423335246579E-10	2.56629541210801E-11	0.281974837116415	6.15682995174202E-12	4.04529882253123E-11	1E5	1E10	1E-30	1E-10	1E10	1E-30	1E-10	1E10	1E-30	1E-10	1E10	1E-30	1E-10	1E10	1E-30	1E-10	1E10	1E-30	1E-10	1E10	1E-30	1E-10	1E10	1E-30	1E-10	1E10	1E-30	1E-10
72	9.95598084791325E-10	1E10	1E11	1E-30	2.66475620039544E-10	1E10	1E-30	1E10	2.04403200165934E-02	1E-30	7.39151022667997E-11	0.911528569806647	1E-30	6.17875749620848E-11	2.04704538704071E-02	6.37423466788627E-09	2.29230228078619E-11	0.638655952738379	2.12345835086436E-09	2.67166225109743E-11	0.654168020902454	6.92423335246579E-10	2.56629541210801E-11	0.281974837116415	6.15682995174202E-12	4.04529882253123E-11	1E5	1E10	1E-30	1E-10	1E10	1E-30	1E-10	1E10	1E-30	1E-10	1E10	1E-30	1E-10	1E10	1E-30	1E-10	1E10	1E-30	1E-10	1E10	1E-30	1E-10	1E10	1E-30	1E-10	1E10	1E-30	1E-10
73	1.20367691944952E-09	1E10	1E11	1E-30	4.17764162128034E-10	1E10	1E-30	1E10	0.01290850215474	1E-30	2.06888013203693E-11	1.14579710604832	1E-30	5.36998422346285E-11	0.394805243900337	1E-30	6.26504807922562E-11	2.48099384266444E-02	1E-30	2.82881585363716E-10	8.20536491584125E-03	1.30778492578468E-08	9.66469288657609E-12	0.18414788663282	2.12208767757787E-09	2.3571072698525E-11	0.477846345195352	1.37583358862464E-11	2.40664991726454E-11	1E5	1E10	1E-30	1E-10	1E10	1E-30	1E-10	1E10	1E-30	1E-10	1E10	1E-30	1E-10	1E10	1E-30	1E-10	1E10	1E-30	1E-10	1E10	1E-30	1E-10	1E10	1E-30	1E-10
74	1.20367691944952E-09	1E10	1E11	1E-30	4.17764162128034E-10	1E10	1E-30	1E10	0.01290850215474	1E-30	2.06888013203693E-11	1.14579710604832	1E-30	5.36998422346285E-11	0.394805243900337	1E-30	6.26504807922562E-11	2.48099384266444E-02	1E-30	2.82881585363716E-10	8.20536491584125E-03	1.30778492578468E-08	9.66469288657609E-12	0.18414788663282	2.12208767757787E-09	2.3571072698525E-11	0.477846345195352	1.37583358862464E-11	2.40664991726454E-11	1E5	1E10	1E-30	1E-10	1E10	1E-30	1E-10	1E10	1E-30	1E-10	1E10	1E-30	1E-10	1E10	1E-30	1E-10	1E10	1E-30	1E-10	1E10	1E-30	1E-10	1E10	1E-30	1E-10
75	1.20422290518587E-09	1E10	1E11	1E-30	3.11720660389317E-10	1E10	1E-30	1E10	1.02356937614241E-02	1E-30	5.60540305052217E-11	0.509167974006215	1E-30	6.2654790420497E-11	0.026010127527304	1E-30	1.54727541740886E-10	1.00859440648398E-02	1.29618468373174E-08	9.92740613845932E-12	0.15241881827461	1.94857436454748E-09	2.76912411320616E-11	0.482639235511716	3.30559001721781E-12	1.0016819312094E-10	1E5	6.28076074852571E-12	4.44498913037845E-11	9.94948134645495	1E10	1E-30	1E-10	1E10	1E-30	1E-10	1E10	1E-30	1E-10	1E10	1E-30	1E-10	1E10	1E-30	1E-10	1E10	1E-30	1E-10	1E10	1E-30	1E-10	1E10	1E-30	1E-10
76	1.50486193104804E-09	1E10	1E11	1E-30	3.27986131635273E-10	1E10	1E-30	1E10	1.94589438638953E-02	1E-30	5.09631485659788E-11	0.336720162145953	1E-30	8.61328023022021E-11	1.57353540970919E-02	1.06102421149094E-08	1.73847431151398E-11	0.27494229287396	2.41618153653871E-09	3.35288752266614E-11	0.445093734622996	1.62855919647044E-09	1.54153754478424E-11	0.191983820165293	1.08443040154497E-11	2.48911418121098E-11	0.467193931071656	3.12012281155774E-12	7.44965358513732E-11	1E5	1E10	1E-30	1E-10	1E10	1E-30	1E-10	1E10	1E-30	1E-10	1E10	1E-30	1E-10	1E10	1E-30	1E-10	1E10	1E-30	1E-10	1E10	1E-30	1E-10	1E10	1E-30	1E-10
77	1.50486193104804E-09	1E10	1E11	1E-30	3.27986131635273E-10	1E10	1E-30	1E10	1.94589438638953E-02	1E-30	5.09631485659788E-11	0.336720162145953	1E-30	8.61328023022021E-11	1.57353540970919E-02	1.06102421149094E-08	1.73847431151398E-11	0.27494229287396	2.41618153653871E-09	3.35288752266614E-11	0.445093734622996	1.62855919647044E-09	1.54153754478424E-11	0.191983820165293	1.08443040154497E-11	2.48911418121098E-11	0.467193931071656	3.12012281155774E-12	7.44965358513732E-11	1E5	1E10	1E-30	1E-10	1E10	1E-30	1E-10	1E10	1E-30	1E-10	1E10	1E-30	1E-10	1E10	1E-30	1E-10	1E10	1E-30	1E-10	1E10	1E-30	1E-10	1E10	1E-30	1E-10
78	1.50486193104804E-09	1E10	1E11	1E-30	3.27986131635273E-10	1E10	1E-30	1E10	1.94589438638953E-02	1E-30	5.09631485659788E-11	0.336720162145953	1E-30	8.61328023022021E-11	1.57353540970919E-02	1.06102421149094E-08	1.73847431151398E-11	0.27494229287396	2.41618153653871E-09	3.35288752266614E-11	0.445093734622996	1.62855919647044E-09	1.54153754478424E-11	0.191983820165293	1.08443040154497E-11	2.48911418121098E-11	0.467193931071656	3.12012281155774E-12	7.44965358513732E-11	1E5	1E10	1E-30	1E-10	1E10	1E-30	1E-10	1E10	1E-30	1E-10	1E10	1E-30	1E-10	1E10	1E-30	1E-10	1E10	1E-30	1E-10	1E10	1E-30	1E-10	1E10	1E-30	1E-10
79	1.80758272546474E-09	1E10	1E11	1E-30	1.98554773852694E-10	1E10	1E-30	1E10	2.05144553596546E-02	1E-30	5.18831756750567E-11	2.28881663204252E-02	1.64026058854367E-08	1.29010277000858E-11	0.180111687680688	3.02107692028495E-09	2.50420224684259E-11	0.36992864735611	8.33791619622677E-10	2.40479663152561E-11	0.223959848529261	8.65956722930165E-12	4.5490987685383E-11	0.881143954662253	9.60617330875805E-13	2.30642106156347E-10	1E5	1E10	1E-30	1E-10	1E10	1E-30	1E-10	1E10	1E-30	1E-10	1E10	1E-30	1E-10	1E10	1E-30	1E-10	1E10	1E-30	1E-10	1E10	1E-30	1E-10	1E10	1E-30	1E-10	1E10	1E-30	1E-10
80	2.19829421099855E-09	1E10	1E11	1E-30	3.19876179586267E-10	1E10	1E-30	1E10	1.61753705205941E-02	1E-30	4.86904672705766E-11	0.551419980454801	1E-30	7.25850359201506E-11	2.01854576609116E-02	1.7640287388696E-08	1.51073479371029E-11	0.194202012387643	3.10764512721082E-09	3.32570726322855E-11	0.416990532596651	1.79871821014299E-09	1.85035862273304E-11	0.205881211459622	7.69839399307283E-12	3.27317251955734E-11	1E5	3.82485904910189E-12	4.88237426713436E-11	43.8614961217153	1E10	1E-30	1E-10	1E10	1E-30	1E-10	1E10	1E-30	1E-10	1E10	1E-30	1E-10	1E10	1E-30	1E-10	1E10	1E-30	1E-10	1E10	1E-30	1E-10	1E10	1E-30	1E-10
81	2.77641299892457E-09	1E10	1E11	1E-30	3.104922864679E-10	1E10	1E-30	1E10	8.84732073461596E-03	1E-30	6.96977225714867E-11	0.395483536233844	1E-30	5.38772292581322E-11	1.69878913435046E-02	1E-30	1.1030610029738E-10	5.598846637996E-3	2.24889809471879E-08	1.49855602507493E-11	0.227351775961559	4.9293132099229E-09	3.05399396711905E-11	0.375753561206623	5.42747836658895E-09	9.13443860573736E-12	0.131409434218738	3.9475451184534E-12	8.5205984585179E-11	38.3604557195907	1E10	1E-30	1E-10	1E10	1E-30	1E-10	1E10	1E-30	1E-10	1E10	1E-30	1E-10	1E10	1E-30	1E-10	1E10	1E-30	1E-10	1E10	1E-30	1E-10	1E10	1E-30	1E-10
82	3.17311335095579E-09	1E10	1E11	1E-30	2.80412645464199E-10	1E10	1E-30	1E10	0.013	1E-30	6.84571454573975E-11	0.359276683973495	1E-30	5.87006780186075E-11	9.32230284186533E-03	1.87127957160442E-08	2.12376782714503E-11	0.244940511987486	4.91848224942184E-09	3.72992225304699E-11	0.40228230573877	4.76748145910886E-09	1.37085319792021E-11	0.1458538063965	3.75889818896011E-11	9.31620745612724E-12	1.97573900205452	4.0525373342927E-12	6.97657079705163E-11	1E5	1E10	1E-30	1E-10	1E10	1E-30	1E-10	1E10	1E-30	1E-10	1E10	1E-30	1E-10	1E10	1E-30	1E-10	1E10	1E-30	1E-10	1E10	1E-30	1E-10	1E10	1E-30	1E-10
83	3.29553860505956E-09	1E10	1E9	1E-30	1.74479760838221E-10	1E10	1E-30	1E10	0.106483696606724	4.46332463036936E-07	1E10	1332.16890792641	6.76871292189947E-07	1E10	65.246811492355	5.7710979297021E-07	1E10	13.0184504142574	4.33202415904713E-07	1E10	2.38521152300627	3.84295132303094E-07	1E10	0.5133345609767	2.16794390787325E-07	1E10	0.16587070701999	5.16948105159657E-08	1E10	7.44248288834327E-02	1E-30	6.27116415649696E-11	0.30134443653773	7.47381531035057E-08	4.78483858826953E-12	2.88835427193763E-02	4.36968627963914E-09	3.34504321264777E-11	0.141313749467895	5.64091762263809E-12	1.42360763587911E-10	12.7459566129137	2.66650384818993E-12	1.20150151763468E-10	18.1952749003303	1E10	1E-30	1E-10	1E10	1E-30	1E-10	1E10	1E-30	1E-10
84	3.83557423983721E-09	1E10	1E11	1E-30	3.17470568158495E-10	1E10	1E-30	1E10	7.59765126387253E-03	1E-30	1.023185591364E-10	0.36907772469706	1E-30	5.33824112883436E-11	1.33458684863925E-02	1E-30	1.38096167963766E-10	5.29109157657465E-03	2.12861262465932E-08	2.38791332704283E-11	0.302548575230672	8.42572989360351E-09	2.81593467748904E-11	0.390548541691806	1.69913550927864E-11	2.14516689016798E-11	5.92703236630671	1E10	1E-30	1E-10	1E10	1E-30	1E-10	1E10	1E-30	1E-10	1E10	1E-30	1E-10	1E10	1E-30	1E-10	1E10	1E-30	1E-10	1E10	1E-30	1E-10	1E10	1E-30	1E-10	1E10	1E-30	1E-10
85	4.67203470682294E-09	1E10	1E11	1E-30	4.25114575490099E-10	1E10	1E-30	1E10	9.0215462165596E-03	1E-30	3.63388922959798E-11	0.284575329874066	1E-30	6.79053637600713E-11	2.12137409676942E-02	1E-30	4.07473784860005E-11	2.49378750143035E-03	3.8134420225032E-08	1.26756857443988E-11	0.101367656586918	6.36540884609176E-09	3.14908090917315E-11	0.280998975726931	3.36959495327166E-09	1.73592645168369E-11	0.133138981532541	7.47265081252805E-12	3.27261441554453E-11	2.24746968286083	1E10	1E-30	1E-10	1E10	1E-30	1E-10	1E10	1E-30	1E-10	1E10	1E-30	1E-10	1E10	1E-30	1E-10	1E10	1E-30	1E-10	1E10	1E-30	1E-10	1E10	1E-30	1E-10
86	4.67203470682294E-09	1E10	1E11	1E-30	4.25114575490099E-10	1E10	1E-30	1E10	9.0215462165596E-03	1E-30	3.63388922959798E-11	0.284575329874066	1E-30	6.79053637600713E-11	2.12137409676942E-02	1E-30	4.07473784860005E-11	2.49378750143035E-03	3.8134420225032E-08	1.26756857443988E-11	0.101367656586918	6.36540884609176E-09	3.14908090917315E-11	0.280998975726931	3.36959495327166E-09	1.73592645168369E-11	0.133138981532541	7.47265081252805E-12	3.27261441554453E-11	2.24746968286083	1E10	1E-30	1E-10	1E10	1E-30	1E-10	1E10	1E-30	1E-10	1E10	1E-30	1E-10	1E10	1E-30	1E-10	1E10	1E-30	1E-10	1E10	1E-30	1E-10	1E10	1E-30	1E-10
87	5.59021742171364E-09	1E10	1E11	1E-30	3.54328000601346E-10	1E10	1E-30	1E10	8.39288634366791E-03	1E-30	5.44445869162925E-11	0.335587826344688	1E-30	5.85188344442703E-11	1.80084167733898E-02	1E-30	4.01407811628768E-11	1.78594242097711E-03	3.19015059980566E-08	1.97219392440509E-11	0.138170703486951	8.61037348736662E-09	3.1212901492357E-11	0.275321087320991	5.28175821869727E-09	1.51979371184373E-11	0.115778506374984	8.30472207836754E-12	4.7473586844508E-11	14.6245807997432	1E10	1E-30	1E-10	1E10	1E-30	1E-10	1E10	1E-30	1E-10	1E10	1E-30	1E-10	1E10	1E-30	1E-10	1E10	1E-30	1E-10	1E10	1E-30	1E-10	1E10	1E-30	1E-10
88	5.59021742171364E-09	1E10	1E11	1E-30	3.54328000601346E-10	1E10	1E-30	1E10	8.39288634366791E-03	1E-30	5.44445869162925E-11	0.335587826344688	1E-30	5.85188344442703E-11	1.80084167733898E-02	1E-30	4.01407811628768E-11	1.78594242097711E-03	3.19015059980566E-08	1.97219392440509E-11	0.138170703486951	8.61037348736662E-09	3.1212901492357E-11	0.275321087320991	5.28175821869727E-09	1.51979371184373E-11	0.115778506374984	8.30472207836754E-12	4.7473586844508E-11	14.6245807997432	1E10	1E-30	1E-10	1E10	1E-30	1E-10	1E10	1E-30	1E-10	1E10	1E-30	1E-10	1E10	1E-30	1E-10	1E10	1E-30	1E-10	1E10	1E-30	1E-10	1E10	1E-30	1E-10
89	6.58887903895204E-09	1E10	1E11	1E-30	3.66724376355466E-10	1E10	1E-30	1E10	7.62899156466851E-03	1E-30	5.27912651692174E-11	0.303500664917753	1E-30	8.19006773909078E-11	1.36319848675039E-02	3.1247458184082E-08	2.39764101933739E-11	0.154070541503228	1.1854416948505E-08	2.84290640717289E-11	0.259889018645464	4.99022777491029E-09	2.05602106304921E-11	0.123599615366337	7.37261470707148E-12	2.85221389227664E-11	3.95973403700801	1E10	1E-30	1E-10	1E10	1E-30	1E-10	1E10	1E-30	1E-10	1E10	1E-30	1E-10	1E10	1E-30	1E-10	1E10	1E-30	1E-10	1E10	1E-30	1E-10	1E10	1E-30	1E-10	1E10	1E-30	1E-10
90	6.58887903895204E-09	1E10	1E11	1E-30	3.66724376355466E-10	1E10	1E-30	1E10	7.62899156466851E-03	1E-30	5.27912651692174E-11	0.303500664917753	1E-30	8.19006773909078E-11	1.36319848675039E-02	3.1247458184082E-08	2.39764101933739E-11	0.154070541503228	1.1854416948505E-08	2.84290640717289E-11	0.259889018645464	4.99022777491029E-09	2.05602106304921E-11	0.123599615366337	7.37261470707148E-12	2.85221389227664E-11	3.95973403700801	1E10	1E-30	1E-10	1E10	1E-30	1E-10	1E10	1E-30	1E-10	1E10	1E-30	1E-10	1E10	1E-30	1E-10	1E10	1E-30	1E-10	1E10	1E-30	1E-10	1E10	1E-30	1E-10	1E10	1E-30	1E-10
91	8.2566301975995E-09	1E10	1E11	1E-30	2.74439991105368E-10	1E10	1E-30	1E10	6.53581672722449E-03	1E-30	7.66090452515033E-11	0.209778122610303	1E-30	7.04212431572026E-11	1.06153649526082E-02	1E-30	8.76274505319295E-11	2.10978299196605E-03	3.68933214444342E-08	2.84297122011761E-11	0.160540651765868	1.56636629750157E-08	2.98048824883201E-11	0.230398990668983	8.88256250331725E-08	2.5563071656458E-12	3.28856294046135E-02	1.56521988443014E-08	9.33522044590042E-12	8.41626993149595E-02	2.54045777373597E-12	8.46838154778702E-11	17.8448848137383	1E10	1E-30	1E-10	1E10	1E-30	1E-10	1E10	1E-30	1E-10	1E10	1E-30	1E-10	1E10	1E-30	1E-10	1E10	1E-30	1E-10	1E10	1E-30	1E-10
92	8.2566301975995E-09	1E10	1E11	1E-30	2.74439991105368E-10	1E10	1E-30	1E10	6.53581672722449E-03	1E-30	7.66090452515033E-11	0.209778122610303	1E-30	7.04212431572026E-11	1.06153649526082E-02	1E-30	8.76274505319295E-11	2.10978299196605E-03	3.68933214444342E-08	2.84297122011761E-11	0.160540651765868	1.56636629750157E-08	2.98048824883201E-11	0.230398990668983	8.88256250331725E-08	2.5563071656458E-12	3.28856294046135E-02	1.56521988443014E-08	9.33522044590042E-12	8.41626993149595E-02	2.54045777373597E-12	8.46838154778702E-11	17.8448848137383	1E10	1E-30	1E-10	1E10	1E-30	1E-10	1E10	1E-30	1E-10	1E10	1E-30	1E-10	1E10	1E-30	1E-10	1E10	1E-30	1E-10	1E10	1E-30	1E-10
93	9.87363792929885E-09	1E10	1E11	1E-30	2.93333058880846E-10	1E10	1E-30	1E10	6.09292578086578E-03	1E-30	8.6027913193328E-11	0.210007547384597	1E-30	7.41045796520892E-11	9.49612289350704E-03	4.11954062938385E-08	3.13315809346225E-11	0.179660458398662	1.7948605836853E-08	3.21463385973281E-11	0.22464616364523	8.4304600034464E-08	3.50735045746327E-12	3.47566893968618E-02	2.67511332783429E-08	7.13549012008539E-12	8.20253819501431E-02	8.68470460259949E-12	2.8280282200753E-11	1.96975187115878	1E10	1E-30	1E-10	1E10	1E-30	1E-10	1E10	1E-30	1E-10	1E10	1E-30	1E-10	1E10	1E-30	1E-10	1E10	1E-30	1E-10	1E10	1E-30	1E-10	1E10	1E-30	1E-10
94	9.87363792929885E-09	1E10	1E11	1E-30	2.93333058880846E-10	1E10	1E-30	1E10	6.09292578086578E-03	1E-30	8.6027913193328E-11	0.210007547384597	1E-30	7.41045796520892E-11	9.49612289350704E-03	4.11954062938385E-08	3.13315809346225E-11	0.179660458398662	1.7948605836853E-08	3.21463385973281E-11	0.22464616364523	8.4304600034464E-08	3.50735045746327E-12	3.47566893968618E-02	2.67511332783429E-08	7.13549012008539E-12	8.20253819501431E-02	8.68470460259949E-12	2.8280282200753E-11	1.96975187115878	1E10	1E-30	1E-10	1E10	1E-30	1E-10	1E10	1E-30	1E-10	1E10	1E-30	1E-10	1E10	1E-30	1E-10	1E10	1E-30	1E-10	1E10	1E-30	1E-10	1E10	1E-30	1E-10
95	1.02663538607482E-08	1E10	1E9	1E-30	2.13807999474881E-10	1E10	1E-30	1E10	5.94118260980376E-02	1.55103893021235E-06	1E10	1481.0204705814	1.73751933244034E-06	1E10	212.003481699707	1.67840367062817E-06	1E10	48.0484059378342	1.54711147744981E-06	1E10	10.2071435038892	1.21755411379579E-06	1E10	2.10948882869984	7.70088767313276E-07	1E10	0.481605858011485	4.39642385602087E-07	1E10	9.96885056677072E-02	1E-30	7.48847467722072E-11	0.171551072253882	4.96504450992104E-08	1.01137751742701E-11	4.32613477085789E-02	4.82217745722269E-08	6.95351103899462E-12	3.84899520380652E-02	5.77572578373905E-11	8.08157058656315E-11	1.51640463008564	2.56442609093627E-12	1.27092371774182E-10	17.7069030895913	1E10	1E-30	1E-10	1E10	1E-30	1E-10	1E10	1E-30	1E-10
96	4.6344233100845E-08	1E10	1E9	1E-30	1.81448591344073E-10	1E10	1E-30	1E10	1.90743137231334E-02	6.78223838953107E-06	1E10	469.67620962649	8.39958739298483E-06	1E10	55.1821430303429	6.92715799550947E-06	1E10	7.79468488231022	8.97366297058569E-06	1E10	0.763226065928814	7.31726843690367E-06	1E10	0.241673279014609	4.04414132835673E-06	1E10	0.065590743979829	7.12737516361731E-06	1E10	5.5825229989409E-03	1E-30	9.87768804365591E-11	0.124116178004918	1E-30	6.39929550735209E-12	4.33008794702561E-02	2.46580703187931E-07	2.1507667084707E-11	3.17386375428471E-02	6.02587019009467E-08	3.98873442270587E-11	5.58282498640159E-02	7.24619866615385E-12	8.27376751095856E-11	9.90028019882935	1.04022804639116E-11	3.38204364557666E-11	15.3000049983317	1E10	1E-30	1E-10	1E10	1E-30	1E-10
97	1.00655633050469E-07	1E10	5E8	1E-30	1.25E-10	1E10	1E-30	1E10	1.33119754935139E-02	1.29334119268034E-05	1E10	307.642994734553	1.89145993990658E-05	1E10	32.9645407979184	1.72777284858939E-05	1E10	4.87581288063142	1.74722627275705E-05	1E10	0.910900583247044	1.26377422151278E-05	1E10	0.179908879724442	8.97100826940896E-06	1E10	3.54820636236869E-02	1.57257318282664E-05	1E10	3.39735728381355E-03	1E-30	1.44786754742994E-10	7.96569552211059E-02	1E-30	1.09139066234847E-11	3.25954262583215E-02	5.85781849719113E-07	2.13540042423479E-11	2.42874603868022E-02	1.91148942784064E-07	3.1364736957872E-11	3.43480704165749E-02	9.10149913669062E-12	6.58719648286144E-11	7.21375374341702	2.98694323987257E-12	8.56600056669655E-11	26.6417756064701	1E10	1E-30	1E-10	1E10	1E-30	1E-10
98	1.40812255732103E-07	1E10	333333333.333333	1E-30	1.61076821695079E-10	1E10	1E-30	1E10	1.62069844779122E-02	1.67247059597718E-05	1E10	72.8595147529269	2.02248048060389E-05	1E10	5.65569882459251	1.7941997343976E-05	1E10	0.695802964101646	1.35504145483162E-05	1E10	8.78804321306498E-02	9.10581105360355E-06	1E10	1.40945748048407E-02	1E-30	1.92427138961476E-11	8.15718575241815E-02	1E-30	1.07427543552668E-10	0.063949457797269	8.7248743899664E-07	1.84868815229139E-11	1.04753542346503E-02	2.15807330099153E-07	3.24669340281788E-11	2.03409081012341E-02	7.26991806087426E-12	8.85808515705361E-11	10.0084742779795	3.90892120337581E-12	7.41321600544181E-11	20.3194778351099	1E10	1E-30	1E-10	1E10	1E-30	1E-10	1E10	1E-30	1E-10	1E10	1E-30	1E-10
99	2.12969787438154E-07	1E10	227272727.272727	1E-30	1.29231386029393E-10	1E10	1E-30	1E10	0.011	2.59057029514821E-05	1E10	153.590643139438	5.43335364694836E-05	1E10	14.3339128272057	3.08275436028113E-05	1E10	4.97009578836644	2.59476930773785E-05	1E10	0.613368373894665	2.37030423466939E-05	1E10	0.075338338695325	1.41903609568107E-05	1E10	1.60224398173514E-02	2.14221500498792E-05	1E10	1.85736425523722E-03	1E-30	1.65859024787253E-11	8.14652109119149E-02	1E-30	1.33583232743735E-10	0.060545667009393	1.22662002833192E-06	2.1488535788172E-11	1.18369160634856E-02	3.92663263719074E-07	3.33576128338322E-11	2.08496008104482E-02	1.0535329037048E-11	5.69069678708145E-11	8.32441017029747	1.97207784162497E-12	1.18930283581807E-10	26.9013963736769	1E10	1E-30	1E-10	1E10	1E-30	1E-10
100	3.08986350094879E-07	1E10	151515151.515152	1E-30	1.71491464616692E-10	1E10	1E-30	1E10	9.69372567081509E-03	3.8000478416101E-05	1E10	104.705881166262	5.48613534281326E-05	1E10	13.1816894564508	4.8344745787201E-05	1E10	2.34407269499336	4.18648033576831E-05	1E10	0.380164076568359	3.21187158069303E-05	1E10	5.23815176822656E-02	2.15711783247006E-05	1E10	9.17926593673051E-03	1E-30	2.3321042046357E-11	8.49413207468692E-02	1E-30	1.37913421068883E-10	5.13647443648794E-02	2.37683498688474E-06	1.78712274600703E-11	7.39659436570172E-03	3.93152385821525E-07	5.01196000764869E-11	1.82842772292342E-02	7.44705886092439E-12	7.78915041899256E-11	10.1111233314519	6.56531146271283E-12	5.56140954452696E-11	18.2014707541532	1E10	1E-30	1E-10	1E10	1E-30	1E-10	1E10	1E-30	1E-10
101	4.55124364950131E-07	1E10	106382978.723404	1E-30	1.43248887903215E-10	1E10	1E-30	1E10	7.6E-3	5.09803981626665E-05	1E10	78.0471263602478	7.41805544692157E-05	1E10	7.80471263602478	7.07565541150551E-05	1E10	1.48715733429366	6.14108661802525E-05	1E10	0.259164139819727	4.05673640544162E-05	1E10	4.30173192112233E-02	3.68532208022519E-05	1E10	6.41495230952366E-03	1E-30	2.13012742144186E-11	6.88319244865225E-02	1E-30	1.47725004583865E-10	4.47096878563517E-02	3.60434693903718E-06	1.75692686768319E-11	6.76269010356302E-03	6.10490868579424E-07	5.29230698921655E-11	0.01596122184755	7.66383369188941E-12	7.8228945867423E-11	10.6790890275264	3.04749557660003E-12	1.10824534546033E-10	20.8899326140395	1E10	1E-30	1E-10	1E10	1E-30	1E-10	1E10	1E-30	1E-10
102	3.64836144815485E-07	1E10	106382978.723404	1E-30	2.08333042067987E-10	1E10	1E-30	1E10	9.31883743674949E-03	1.3227432463117E-05	1E10	87.5583557708906	1.48547342748591E-05	1E10	7.62601398728665	1.39543964602377E-05	1E10	1.02872098109745	1.1872220103993E-05	1E10	0.185883658148132	1.03566986522433E-05	1E10	3.88097768062422E-02	8.18389069021964E-06	1E10	9.63937409413201E-03	1E-30	2.141329497866E-11	0.112274486210692	1E-30	1.33699585919201E-10	5.89813233225397E-02	2.03302199411182E-06	2.31238083981043E-11	1.23820581920741E-02	4.114522343356E-07	5.52331408821991E-11	2.32552419953391E-02	7.09870852171769E-12	6.66348814459399E-11	12.1714440598004	1E10	1E-30	1E-10	1E10	1E-30	1E-10	1E10	1E-30	1E-10	1E10	1E-30	1E-10
103	9.32006195600336E-07	1E10	5E7	1E-30	1.82402167871182E-11	1E10	1E-30	1E10	5.14704901857192E-03	1.36396649173314E-04	1E10	10.3131675280006	1.32334666092218E-04	1E10	1.28530084344808	9.52498064172157E-05	1E10	0.206685760996516	1.2156219218428E-04	1E10	2.07604195631084E-02	6.57994644415807E-05	1E10	6.97271371756405E-03	1E-30	2.61631917778397E-11	0.097890005267145	1E-30	2.58342007535744E-10	4.10645087368354E-02	5.67768394658512E-06	2.82591888354668E-11	7.53725258375986E-03	3.21092178360599E-06	2.52175348485886E-11	8.1342890045818E-03	2.26407793472559E-12	1.09685373727028E-10	1E5	1.96358621487231E-12	1.24585021018143E-10	31.5531831052092	1E10	1E-30	1E-10	1E10	1E-30	1E-10	1E10	1E-30	1E-10	1E10	1E-30	1E-10
104	8.77360713582409E-07	1E10	5E7	1E-30	2.16358800887051E-10	1E10	1E-30	1E10	7.65357644733725E-03	4.76738156696305E-06	1E10	1466.96233742069	2.11593065560592E-05	1E10	12.7209027677831	1.82774575290933E-05	1E10	1.45591684871975	1.4127064854277E-05	1E10	0.16649844133535	9.83417933481875E-06	1E10	2.15707092223029E-02	1E-30	2.29455004707374E-11	0.081159802631217	1E-30	1.58145817294311E-10	4.00663671855534E-02	3.01851573025328E-06	3.15014000752473E-11	9.70907751688697E-03	9.02244355539662E-07	5.53779092005106E-11	1.14360862161846E-02	3.90280935302899E-12	6.8724889063794E-11	10.2118868410138	1E10	1E-30	1E-10	1E10	1E-30	1E-10	1E10	1E-30	1E-10	1E10	1E-30	1E-10	1E10	1E-30	1E-10
105	8.77360713582409E-07	1E10	5E7	1E-30	2.16358800887051E-10	1E10	1E-30	1E10	7.65357644733725E-03	4.76738156696305E-06	1E10	1466.96233742069	2.11593065560592E-05	1E10	12.7209027677831	1.82774575290933E-05	1E10	1.45591684871975	1.4127064854277E-05	1E10	0.16649844133535	9.83417933481875E-06	1E10	2.15707092223029E-02	1E-30	2.29455004707374E-11	0.081159802631217	1E-30	1.58145817294311E-10	4.00663671855534E-02	3.01851573025328E-06	3.15014000752473E-11	9.70907751688697E-03	9.02244355539662E-07	5.53779092005106E-11	1.14360862161846E-02	3.90280935302899E-12	6.8724889063794E-11	10.2118868410138	1E10	1E-30	1E-10	1E10	1E-30	1E-10	1E10	1E-30	1E-10	1E10	1E-30	1E-10	1E10	1E-30	1E-10
106	8.77360713582409E-07	1E10	5E7	1E-30	2.16358800887051E-10	1E10	1E-30	1E10	7.65357644733725E-03	4.76738156696305E-06	1E10	1466.96233742069	2.11593065560592E-05	1E10	12.7209027677831	1.82774575290933E-05	1E10	1.45591684871975	1.4127064854277E-05	1E10	0.16649844133535	9.83417933481875E-06	1E10	2.15707092223029E-02	1E-30	2.29455004707374E-11	0.081159802631217	1E-30	1.58145817294311E-10	4.00663671855534E-02	3.01851573025328E-06	3.15014000752473E-11	9.70907751688697E-03	9.02244355539662E-07	5.53779092005106E-11	1.14360862161846E-02	3.90280935302899E-12	6.8724889063794E-11	10.2118868410138	1E10	1E-30	1E-10	1E10	1E-30	1E-10	1E10	1E-30	1E-10	1E10	1E-30	1E-10	1E10	1E-30	1E-10
107	8.77360713582409E-07	1E10	5E7	1E-30	2.16358800887051E-10	1E10	1E-30	1E10	7.65357644733725E-03	4.76738156696305E-06	1E10	1466.96233742069	2.11593065560592E-05	1E10	12.7209027677831	1.82774575290933E-05	1E10	1.45591684871975	1.4127064854277E-05	1E10	0.16649844133535	9.83417933481875E-06	1E10	2.15707092223029E-02	1E-30	2.29455004707374E-11	0.081159802631217	1E-30	1.58145817294311E-10	4.00663671855534E-02	3.01851573025328E-06	3.15014000752473E-11	9.70907751688697E-03	9.02244355539662E-07	5.53779092005106E-11	1.14360862161846E-02	3.90280935302899E-12	6.8724889063794E-11	10.2118868410138	1E10	1E-30	1E-10	1E10	1E-30	1E-10	1E10	1E-30	1E-10	1E10	1E-30	1E-10	1E10	1E-30	1E-10
108	9.32006195600336E-07	1E10	5E7	1E-30	1.82402167871182E-11	1E10	1E-30	1E10	5.14704901857192E-03	1.36396649173314E-04	1E10	10.3131675280006	1.32334666092218E-04	1E10	1.28530084344808	9.52498064172157E-05	1E10	0.206685760996516	1.2156219218428E-04	1E10	2.07604195631084E-02	6.57994644415807E-05	1E10	6.97271371756405E-03	1E-30	2.61631917778397E-11	0.097890005267145	1E-30	2.58342007535744E-10	4.10645087368354E-02	5.67768394658512E-06	2.82591888354668E-11	7.53725258375986E-03	3.21092178360599E-06	2.52175348485886E-11	8.1342890045818E-03	2.26407793472559E-12	1.09685373727028E-10	1E5	1.96358621487231E-12	1.24585021018143E-10	31.5531831052092	1E10	1E-30	1E-10	1E10	1E-30	1E-10	1E10	1E-30	1E-10	1E10	1E-30	1E-10
109	9.32006195600336E-07	1E10	5E7	1E-30	1.82402167871182E-11	1E10	1E-30	1E10	5.14704901857192E-03	1.36396649173314E-04	1E10	10.3131675280006	1.32334666092218E-04	1E10	1.28530084344808	9.52498064172157E-05	1E10	0.206685760996516	1.2156219218428E-04	1E10	2.07604195631084E-02	6.57994644415807E-05	1E10	6.97271371756405E-03	1E-30	2.61631917778397E-11	0.097890005267145	1E-30	2.58342007535744E-10	4.10645087368354E-02	5.67768394658512E-06	2.82591888354668E-11	7.53725258375986E-03	3.21092178360599E-06	2.52175348485886E-11	8.1342890045818E-03	2.26407793472559E-12	1.09685373727028E-10	1E5	1.96358621487231E-12	1.24585021018143E-10	31.5531831052092	1E10	1E-30	1E-10	1E10	1E-30	1E-10	1E10	1E-30	1E-10	1E10	1E-30	1E-10
110	9.32006195600336E-07	1E10	5E7	1E-30	1.82402167871182E-11	1E10	1E-30	1E10	5.14704901857192E-03	1.36396649173314E-04	1E10	10.3131675280006	1.32334666092218E-04	1E10	1.28530084344808	9.52498064172157E-05	1E10	0.206685760996516	1.2156219218428E-04	1E10	2.07604195631084E-02	6.57994644415807E-05	1E10	6.97271371756405E-03	1E-30	2.61631917778397E-11	0.097890005267145	1E-30	2.58342007535744E-10	4.10645087368354E-02	5.67768394658512E-06	2.82591888354668E-11	7.53725258375986E-03	3.21092178360599E-06	2.52175348485886E-11	8.1342890045818E-03	2.26407793472559E-12	1.09685373727028E-10	1E5	1.96358621487231E-12	1.24585021018143E-10	31.5531831052092	1E10	1E-30	1E-10	1E10	1E-30	1E-10	1E10	1E-30	1E-10	1E10	1E-30	1E-10
111	9.32006195600336E-07	1E10	5E7	1E-30	1.82402167871182E-11	1E10	1E-30	1E10	5.14704901857192E-03	1.36396649173314E-04	1E10	10.3131675280006	1.32334666092218E-04	1E10	1.28530084344808	9.52498064172157E-05	1E10	0.206685760996516	1.2156219218428E-04	1E10	2.07604195631084E-02	6.57994644415807E-05	1E10	6.97271371756405E-03	1E-30	2.61631917778397E-11	0.097890005267145	1E-30	2.58342007535744E-10	4.10645087368354E-02	5.67768394658512E-06	2.82591888354668E-11	7.53725258375986E-03	3.21092178360599E-06	2.52175348485886E-11	8.1342890045818E-03	2.26407793472559E-12	1.09685373727028E-10	1E5	1.96358621487231E-12	1.24585021018143E-10	31.5531831052092	1E10	1E-30	1E-10	1E10	1E-30	1E-10	1E10	1E-30	1E-10	1E10	1E-30	1E-10
112	8.77360713582409E-07	1E10	5E7	1E-30	2.16358800887051E-10	1E10	1E-30	1E10	7.65357644733725E-03	4.76738156696305E-06	1E10	1466.96233742069	2.11593065560592E-05	1E10	12.7209027677831	1.82774575290933E-05	1E10	1.45591684871975	1.4127064854277E-05	1E10	0.16649844133535	9.83417933481875E-06	1E10	2.15707092223029E-02	1E-30	2.29455004707374E-11	0.081159802631217	1E-30	1.58145817294311E-10	4.00663671855534E-02	3.01851573025328E-06	3.15014000752473E-11	9.70907751688697E-03	9.02244355539662E-07	5.53779092005106E-11	1.14360862161846E-02	3.90280935302899E-12	6.8724889063794E-11	10.2118868410138	1E10	1E-30	1E-10	1E10	1E-30	1E-10	1E10	1E-30	1E-10	1E10	1E-30	1E-10	1E10	1E-30	1E-10
113	8.77360713582409E-07	1E10	5E7	1E-30	2.16358800887051E-10	1E10	1E-30	1E10	7.65357644733725E-03	4.76738156696305E-06	1E10	1466.96233742069	2.11593065560592E-05	1E10	12.7209027677831	1.82774575290933E-05	1E10	1.45591684871975	1.4127064854277E-05	1E10	0.16649844133535	9.83417933481875E-06	1E10	2.15707092223029E-02	1E-30	2.29455004707374E-11	0.081159802631217	1E-30	1.58145817294311E-10	4.00663671855534E-02	3.01851573025328E-06	3.15014000752473E-11	9.70907751688697E-03	9.02244355539662E-07	5.53779092005106E-11	1.14360862161846E-02	3.90280935302899E-12	6.8724889063794E-11	10.2118868410138	1E10	1E-30	1E-10	1E10	1E-30	1E-10	1E10	1E-30	1E-10	1E10	1E-30	1E-10	1E10	1E-30	1E-10
114	8.77360713582409E-07	1E10	5E7	1E-30	2.16358800887051E-10	1E10	1E-30	1E10	7.65357644733725E-03	4.76738156696305E-06	1E10	1466.96233742069	2.11593065560592E-05	1E10	12.7209027677831	1.82774575290933E-05	1E10	1.45591684871975	1.4127064854277E-05	1E10	0.16649844133535	9.83417933481875E-06	1E10	2.15707092223029E-02	1E-30	2.29455004707374E-11	0.081159802631217	1E-30	1.58145817294311E-10	4.00663671855534E-02	3.01851573025328E-06	3.15014000752473E-11	9.70907751688697E-03	9.02244355539662E-07	5.53779092005106E-11	1.14360862161846E-02	3.90280935302899E-12	6.8724889063794E-11	10.2118868410138	1E10	1E-30	1E-10	1E10	1E-30	1E-10	1E10	1E-30	1E-10	1E10	1E-30	1E-10	1E10	1E-30	1E-10
115	8.77360713582409E-07	1E10	5E7	1E-30	2.16358800887051E-10	1E10	1E-30	1E10	7.65357644733725E-03	4.76738156696305E-06	1E10	1466.96233742069	2.11593065560592E-05	1E10	12.7209027677831	1.82774575290933E-05	1E10	1.45591684871975	1.4127064854277E-05	1E10	0.16649844133535	9.83417933481875E-06	1E10	2.15707092223029E-02	1E-30	2.29455004707374E-11	0.081159802631217	1E-30	1.58145817294311E-10	4.00663671855534E-02	3.01851573025328E-06	3.15014000752473E-11	9.70907751688697E-03	9.02244355539662E-07	5.53779092005106E-11	1.14360862161846E-02	3.90280935302899E-12	6.8724889063794E-11	10.2118868410138	1E10	1E-30	1E-10	1E10	1E-30	1E-10	1E10	1E-30	1E-10	1E10	1E-30	1E-10	1E10	1E-30	1E-10
116	7.2168550637675E-07	1E10	5E7	1E-30	2.05333659108211E-10	1E10	1E-30	1E10	6.64057505634343E-03	5.45106313340534E-06	1E10	1282.9734376016	1.84129040702025E-05	1E10	17.5237973787042	1.86679127749661E-05	1E10	1.72557943566814	1.44267102906688E-05	1E10	0.223405689325889	1.23481394501468E-05	1E10	2.61077285115412E-02	1.07211571265143E-05	1E10	2.34098296484683E-03	1E-30	1.1913336273586E-11	0.113930081411523	1E-30	2.16747633401892E-11	4.74970572741064E-02	1E-30	1.74602198138659E-10	4.13577382379336E-02	2.48012534870123E-06	3.63426848602605E-11	1.05173635274504E-02	1.22904385122323E-06	3.64065009780331E-11	1.43983020591954E-02	4.04751350083224E-12	9.15711021007715E-11	19.188140431965	1E10	1E-30	1E-10	1E10	1E-30	1E-10	1E10	1E-30	1E-10
117	7.2168550637675E-07	1E10	5E7	1E-30	2.05333659108211E-10	1E10	1E-30	1E10	6.64057505634343E-03	5.45106313340534E-06	1E10	1282.9734376016	1.84129040702025E-05	1E10	17.5237973787042	1.86679127749661E-05	1E10	1.72557943566814	1.44267102906688E-05	1E10	0.223405689325889	1.23481394501468E-05	1E10	2.61077285115412E-02	1.07211571265143E-05	1E10	2.34098296484683E-03	1E-30	1.1913336273586E-11	0.113930081411523	1E-30	2.16747633401892E-11	4.74970572741064E-02	1E-30	1.74602198138659E-10	4.13577382379336E-02	2.48012534870123E-06	3.63426848602605E-11	1.05173635274504E-02	1.22904385122323E-06	3.64065009780331E-11	1.43983020591954E-02	4.04751350083224E-12	9.15711021007715E-11	19.188140431965	1E10	1E-30	1E-10	1E10	1E-30	1E-10	1E10	1E-30	1E-10
118	1.78983241475249E-06	1E10	22727273	1E-30	2.15100417765673E-10	1E10	1E-30	1E10	4.60579522756171E-03	6.02404617000769E-05	1E10	72.1617284449893	1.0048301924218E-04	1E10	4.16925751756566	8.72083694442139E-05	1E10	0.53923700234284	8.22848073125591E-05	1E10	7.52255901693895E-02	6.88137455512618E-05	1E10	1.27271545567885E-02	8.19853759340985E-05	1E10	1.89227695240508E-03	1E-30	2.42234978759482E-11	0.066827597990846	1E-30	1.56273194259003E-10	3.08115144822008E-02	6.96791914869612E-06	3.83899279890882E-11	7.06205221222949E-03	1.8350818310381E-06	6.97636170356524E-11	1.18535353238997E-02	5.15458848560346E-12	8.19883540769414E-11	17.10705735476	1E10	1E-30	1E-10	1E10	1E-30	1E-10	1E10	1E-30	1E-10	1E10	1E-30	1E-10
119	1.78983241475249E-06	1E10	22727273	1E-30	2.15100417765673E-10	1E10	1E-30	1E10	4.60579522756171E-03	6.02404617000769E-05	1E10	72.1617284449893	1.0048301924218E-04	1E10	4.16925751756566	8.72083694442139E-05	1E10	0.53923700234284	8.22848073125591E-05	1E10	7.52255901693895E-02	6.88137455512618E-05	1E10	1.27271545567885E-02	8.19853759340985E-05	1E10	1.89227695240508E-03	1E-30	2.42234978759482E-11	0.066827597990846	1E-30	1.56273194259003E-10	3.08115144822008E-02	6.96791914869612E-06	3.83899279890882E-11	7.06205221222949E-03	1.8350818310381E-06	6.97636170356524E-11	1.18535353238997E-02	5.15458848560346E-12	8.19883540769414E-11	17.10705735476	1E10	1E-30	1E-10	1E10	1E-30	1E-10	1E10	1E-30	1E-10	1E10	1E-30	1E-10
120	1.54947540421161E-06	1E10	22727272.7272727	1E-30	1.8778693565195E-10	1E10	1E-30	1E10	6.04641853010622E-03	5.8361122347772E-05	1E10	73.8275465913637	5.16218475786699E-05	1E10	9.53046051288694	4.52187729668695E-05	1E10	1.08252631915442	3.80666845392312E-05	1E10	0.125232337337712	2.98990473140245E-05	1E10	0.015808045525876	1E-30	2.87754961261537E-11	6.97655184640969E-02	1E-30	2.01286228511383E-10	2.98597154063908E-02	4.09374317524916E-06	5.3727619568936E-11	6.05528586935573E-03	6.10251586813417E-06	2.03101443445037E-11	6.16592057711554E-03	2.94861671256779E-12	9.97408492701105E-11	20.4580863819662	1E10	1E-30	1E-10	1E10	1E-30	1E-10	1E10	1E-30	1E-10	1E10	1E-30	1E-10	1E10	1E-30	1E-10
121	1.78983241475249E-06	1E10	22727272.7272727	1E-30	2.15100417765673E-10	1E10	1E-30	1E10	4.60579522756171E-03	6.02404617000769E-05	1E10	72.1617284449893	1.0048301924218E-04	1E10	4.16925751756566	8.72083694442139E-05	1E10	0.53923700234284	8.22848073125591E-05	1E10	7.52255901693895E-02	6.88137455512618E-05	1E10	1.27271545567885E-02	8.19853759340985E-05	1E10	1.89227695240508E-03	1E-30	2.42234978759482E-11	0.066827597990846	1E-30	1.56273194259003E-10	3.08115144822008E-02	6.96791914869612E-06	3.83899279890882E-11	7.06205221222949E-03	1.8350818310381E-06	6.97636170356524E-11	1.18535353238997E-02	5.15458848560346E-12	8.19883540769414E-11	17.10705735476	1E10	1E-30	1E-10	1E10	1E-30	1E-10	1E10	1E-30	1E-10	1E10	1E-30	1E-10
122	1.78983241475249E-06	1E10	22727272.7272727	1E-30	2.15100417765673E-10	1E10	1E-30	1E10	4.60579522756171E-03	6.02404617000769E-05	1E10	72.1617284449893	1.0048301924218E-04	1E10	4.16925751756566	8.72083694442139E-05	1E10	0.53923700234284	8.22848073125591E-05	1E10	7.52255901693895E-02	6.88137455512618E-05	1E10	1.27271545567885E-02	8.19853759340985E-05	1E10	1.89227695240508E-03	1E-30	2.42234978759482E-11	0.066827597990846	1E-30	1.56273194259003E-10	3.08115144822008E-02	6.96791914869612E-06	3.83899279890882E-11	7.06205221222949E-03	1.8350818310381E-06	6.97636170356524E-11	1.18535353238997E-02	5.15458848560346E-12	8.19883540769414E-11	17.10705735476	1E10	1E-30	1E-10	1E10	1E-30	1E-10	1E10	1E-30	1E-10	1E10	1E-30	1E-10
123	1.92499721176359E-06	1E10	22727272.7272727	1E-30	2.11800456261529E-10	1E10	1E-30	1E10	4.57964439517736E-03	6.49087653847875E-05	1E10	83.6364379999686	1.07355800281341E-04	1E10	3.76383591991676	1.31117114063605E-04	1E10	0.307923835915633	1.12156708649331E-04	1E10	3.55529912719936E-02	7.98219267313865E-05	1E10	5.06644204487348E-03	1E-30	1.20350911726073E-11	9.95523594191317E-02	1E-30	2.7075833683633E-11	3.44933325368697E-02	1E-30	2.14776620879575E-10	2.36076357364176E-02	8.50152333717106E-06	3.24887560528883E-11	4.99719114790864E-03	5.86827355146977E-06	2.43312529533913E-11	5.08206377697625E-03	4.20188633269155E-12	6.78195233713102E-11	11.8042935141027	1E10	1E-30	1E-10	1E10	1E-30	1E-10	1E10	1E-30	1E-10	1E10	1E-30	1E-10
124	1.92499721176359E-06	1E10	22727272.7272727	1E-30	2.11800456261529E-10	1E10	1E-30	1E10	4.57964439517736E-03	6.49087653847875E-05	1E10	83.6364379999686	1.07355800281341E-04	1E10	3.76383591991676	1.31117114063605E-04	1E10	0.307923835915633	1.12156708649331E-04	1E10	3.55529912719936E-02	7.98219267313865E-05	1E10	5.06644204487348E-03	1E-30	1.20350911726073E-11	9.95523594191317E-02	1E-30	2.7075833683633E-11	3.44933325368697E-02	1E-30	2.14776620879575E-10	2.36076357364176E-02	8.50152333717106E-06	3.24887560528883E-11	4.99719114790864E-03	5.86827355146977E-06	2.43312529533913E-11	5.08206377697625E-03	4.20188633269155E-12	6.78195233713102E-11	11.8042935141027	1E10	1E-30	1E-10	1E10	1E-30	1E-10	1E10	1E-30	1E-10	1E10	1E-30	1E-10
125	1.54947540421161E-06	1E10	22727272.7272727	1E-30	1.8778693565195E-10	1E10	1E-30	1E10	6.04641853010622E-03	5.8361122347772E-05	1E10	73.8275465913637	5.16218475786699E-05	1E10	9.53046051288694	4.52187729668695E-05	1E10	1.08252631915442	3.80666845392312E-05	1E10	0.125232337337712	2.98990473140245E-05	1E10	0.015808045525876	1E-30	2.87754961261537E-11	6.97655184640969E-02	1E-30	2.01286228511383E-10	2.98597154063908E-02	4.09374317524916E-06	5.3727619568936E-11	6.05528586935573E-03	6.10251586813417E-06	2.03101443445037E-11	6.16592057711554E-03	2.94861671256779E-12	9.97408492701105E-11	20.4580863819662	1E10	1E-30	1E-10	1E10	1E-30	1E-10	1E10	1E-30	1E-10	1E10	1E-30	1E-10	1E10	1E-30	1E-10
126	1.78983241475249E-06	1E10	22727272.7272727	1E-30	2.15100417765673E-10	1E10	1E-30	1E10	4.60579522756171E-03	6.02404617000769E-05	1E10	72.1617284449893	1.0048301924218E-04	1E10	4.16925751756566	8.72083694442139E-05	1E10	0.53923700234284	8.22848073125591E-05	1E10	7.52255901693895E-02	6.88137455512618E-05	1E10	1.27271545567885E-02	8.19853759340985E-05	1E10	1.89227695240508E-03	1E-30	2.42234978759482E-11	0.066827597990846	1E-30	1.56273194259003E-10	3.08115144822008E-02	6.96791914869612E-06	3.83899279890882E-11	7.06205221222949E-03	1.8350818310381E-06	6.97636170356524E-11	1.18535353238997E-02	5.15458848560346E-12	8.19883540769414E-11	17.10705735476	1E10	1E-30	1E-10	1E10	1E-30	1E-10	1E10	1E-30	1E-10	1E10	1E-30	1E-10
127	1.62525327260747E-06	1E10	22727272.7272727	1E-30	1.88031261517196E-10	1E10	1E-30	1E10	5.87930718087001E-03	2.65330537299513E-05	1E10	195.189573891449	5.63366220404665E-05	1E10	7.860965834844	5.36368523177594E-05	1E10	1.05386669820219	5.04763390975882E-05	1E10	0.140387509149241	4.12534418703953E-05	1E10	2.55238584128575E-02	4.55731357630068E-05	1E10	4.69766743582093E-03	1E-30	2.06660957757221E-11	0.127706676984752	1E-30	3.28566782986905E-11	2.80045813697186E-02	1E-30	2.19139710539947E-10	2.39761552901824E-02	9.1961970970984E-06	2.51122211394663E-11	4.69010777411457E-03	4.50186051031794E-06	2.65010449489314E-11	6.50876746724183E-03	1.20833397906116E-11	3.55115480434537E-11	9.66908886308626	5.80959073599708E-12	6.24801349605082E-11	19.6566824247891	1E10	1E-30	1E-10	1E10	1E-30	1E-10
128	1.71011094108464E-06	1E10	22727272.7272727	1E-30	1.80847632136447E-10	1E10	1E-30	1E10	5.93652240727213E-03	1.31320202256934E-05	1E10	544.96339766493	4.06029945250803E-05	1E10	9.8816245334063	3.9779470442534E-05	1E10	0.997307988341707	3.39478642083614E-05	1E10	0.117797407349029	2.49403908603511E-05	1E10	1.59124578282446E-02	1E-30	3.31310646350487E-11	6.96545982514435E-02	1E-30	2.12838112159384E-10	3.20834187966892E-02	4.30510905822663E-06	5.61161682342345E-11	7.22280683508301E-03	4.4410676332417E-06	2.54224272161226E-11	7.7426033376112E-03	2.54858731800271E-12	9.30296835700537E-11	13.653783663661	1E10	1E-30	1E-10	1E10	1E-30	1E-10	1E10	1E-30	1E-10	1E10	1E-30	1E-10	1E10	1E-30	1E-10
129	4.35896400968646E-06	1E10	10638298	1E-30	1.90648768283687E-10	1E10	1E-30	1E10	2.85262198866292E-03	8.22498870694031E-05	1E10	85.0283137890169	3.47052031605402E-04	1E10	1.44486807844151	3.09963075578687E-04	1E10	0.181075832103963	3.27699274162172E-04	1E10	1.50145149590819E-02	2.47995823118609E-04	1E10	1.7975449782397E-03	1E-30	2.79441583484591E-11	0.125315860988828	1E-30	4.29998362686505E-11	2.50064045000676E-02	1E-30	2.61244204033354E-10	0.018274113868313	1.58198333802986E-05	4.95510745949008E-11	4.84871234430176E-03	7.06658290698629E-06	5.59934813641309E-11	6.0601380915493E-03	3.93708220266188E-12	3.74776425442667E-11	5.82165830894237	1E10	1E-30	1E-10	1E10	1E-30	1E-10	1E10	1E-30	1E-10	1E10	1E-30	1E-10
130	3.60107637829297E-06	1E10	10638297.8723404	1E-30	1.99157161192246E-10	1E10	1E-30	1E10	3.36162593271257E-03	1.26735967891077E-04	1E10	42.8350216761276	1.78422105455405E-04	1E10	2.17421182558698	2.55558535278457E-04	1E10	0.150908017288411	2.02827984957101E-04	1E10	1.88231479395834E-02	2.58288489917065E-04	1E10	1.86745486519008E-03	1E-30	7.94379980944323E-12	0.118322532386179	1E-30	2.77311875877754E-11	5.08274314367485E-02	1E-30	2.30543753408799E-10	2.17048941748847E-02	9.66703437327249E-06	5.4600528231904E-11	3.87083562768336E-03	8.94609632211512E-06	3.38022224240552E-11	3.35557270542126E-03	8.19686764259216E-12	2.78511711510348E-11	3.68837787611705	1E10	1E-30	1E-10	1E10	1E-30	1E-10	1E10	1E-30	1E-10	1E10	1E-30	1E-10
131	3.60107637829297E-06	1E10	10638297.8723404	1E-30	1.99157161192246E-10	1E10	1E-30	1E10	3.36162593271257E-03	1.26735967891077E-04	1E10	42.8350216761276	1.78422105455405E-04	1E10	2.17421182558698	2.55558535278457E-04	1E10	0.150908017288411	2.02827984957101E-04	1E10	1.88231479395834E-02	2.58288489917065E-04	1E10	1.86745486519008E-03	1E-30	7.94379980944323E-12	0.118322532386179	1E-30	2.77311875877754E-11	5.08274314367485E-02	1E-30	2.30543753408799E-10	2.17048941748847E-02	9.66703437327249E-06	5.4600528231904E-11	3.87083562768336E-03	8.94609632211512E-06	3.38022224240552E-11	3.35557270542126E-03	8.19686764259216E-12	2.78511711510348E-11	3.68837787611705	1E10	1E-30	1E-10	1E10	1E-30	1E-10	1E10	1E-30	1E-10	1E10	1E-30	1E-10
132	3.60107637829297E-06	1E10	10638297.8723404	1E-30	1.99157161192246E-10	1E10	1E-30	1E10	3.36162593271257E-03	1.26735967891077E-04	1E10	42.8350216761276	1.78422105455405E-04	1E10	2.17421182558698	2.55558535278457E-04	1E10	0.150908017288411	2.02827984957101E-04	1E10	1.88231479395834E-02	2.58288489917065E-04	1E10	1.86745486519008E-03	1E-30	7.94379980944323E-12	0.118322532386179	1E-30	2.77311875877754E-11	5.08274314367485E-02	1E-30	2.30543753408799E-10	2.17048941748847E-02	9.66703437327249E-06	5.4600528231904E-11	3.87083562768336E-03	8.94609632211512E-06	3.38022224240552E-11	3.35557270542126E-03	8.19686764259216E-12	2.78511711510348E-11	3.68837787611705	1E10	1E-30	1E-10	1E10	1E-30	1E-10	1E10	1E-30	1E-10	1E10	1E-30	1E-10
133	3.6787197317012E-06	1E10	10638297.8723404	1E-30	1.77758335647021E-10	1E10	1E-30	1E10	3.74429201801138E-03	1.47255618751189E-04	1E10	27.9364988788054	1.92120515501774E-04	1E10	2.73531596387436	2.02377751767857E-04	1E10	0.346450155430426	2.03619070980967E-04	1E10	6.15192085852042E-02	1.88979826867165E-04	1E10	1.15808659819993E-02	1.5231362502207E-04	1E10	4.15645762104286E-03	1E-30	1.53325312301017E-11	0.150354018708057	1E-30	3.59521125026917E-11	4.32834013719244E-02	1E-30	2.38657071892356E-10	2.29920990188209E-02	3.08439003107019E-05	2.22816693079371E-11	3.28650700506309E-03	6.30596239944601E-06	5.94137778015127E-11	6.57572898201855E-03	8.52046994400546E-12	5.35104326962176E-11	9.01374733981293	1E10	1E-30	1E-10	1E10	1E-30	1E-10	1E10	1E-30	1E-10
134	3.69365153606548E-06	1E10	10638297.8723404	1E-30	2.19528479527787E-10	1E10	1E-30	1E10	3.74189149997934E-03	1.84422665738949E-04	1E10	24.1836939432867	2.77192888641449E-04	1E10	3.90443549131013	2.45425463767771E-04	1E10	0.844200160681074	2.22711221308972E-04	1E10	0.178093669934674	1.76530509935717E-04	1E10	3.72572626768531E-02	1.19375105692944E-04	1E10	7.5550321071021E-03	1E-30	1.99759011720206E-11	0.130141618073363	1E-30	3.87662511567498E-11	3.01886749312304E-02	1E-30	2.03560918304147E-10	0.021013515496927	1.59244199006622E-05	4.11059060800249E-11	5.24912140801076E-03	4.78626498710356E-06	6.7986450984092E-11	7.75291161195835E-03	9.35679850417876E-12	3.83175451123456E-11	6.829868823547	1E10	1E-30	1E-10	1E10	1E-30	1E-10	1E10	1E-30	1E-10
135	3.60107637829297E-06	1E10	10638297.8723404	1E-30	1.99157161192246E-10	1E10	1E-30	1E10	3.36162593271257E-03	1.26735967891077E-04	1E10	42.8350216761276	1.78422105455405E-04	1E10	2.17421182558698	2.55558535278457E-04	1E10	0.150908017288411	2.02827984957101E-04	1E10	1.88231479395834E-02	2.58288489917065E-04	1E10	1.86745486519008E-03	1E-30	7.94379980944323E-12	0.118322532386179	1E-30	2.77311875877754E-11	5.08274314367485E-02	1E-30	2.30543753408799E-10	2.17048941748847E-02	9.66703437327249E-06	5.4600528231904E-11	3.87083562768336E-03	8.94609632211512E-06	3.38022224240552E-11	3.35557270542126E-03	8.19686764259216E-12	2.78511711510348E-11	3.68837787611705	1E10	1E-30	1E-10	1E10	1E-30	1E-10	1E10	1E-30	1E-10	1E10	1E-30	1E-10
136	3.6787197317012E-06	1E10	10638297.8723404	1E-30	1.77758335647021E-10	1E10	1E-30	1E10	3.74429201801138E-03	1.47255618751189E-04	1E10	27.9364988788054	1.92120515501774E-04	1E10	2.73531596387436	2.02377751767857E-04	1E10	0.346450155430426	2.03619070980967E-04	1E10	6.15192085852042E-02	1.88979826867165E-04	1E10	1.15808659819993E-02	1.5231362502207E-04	1E10	4.15645762104286E-03	1E-30	1.53325312301017E-11	0.150354018708057	1E-30	3.59521125026917E-11	4.32834013719244E-02	1E-30	2.38657071892356E-10	2.29920990188209E-02	3.08439003107019E-05	2.22816693079371E-11	3.28650700506309E-03	6.30596239944601E-06	5.94137778015127E-11	6.57572898201855E-03	8.52046994400546E-12	5.35104326962176E-11	9.01374733981293	1E10	1E-30	1E-10	1E10	1E-30	1E-10	1E10	1E-30	1E-10
137	3.6787197317012E-06	1E10	10638297.8723404	1E-30	1.77758335647021E-10	1E10	1E-30	1E10	3.74429201801138E-03	1.47255618751189E-04	1E10	27.9364988788054	1.92120515501774E-04	1E10	2.73531596387436	2.02377751767857E-04	1E10	0.346450155430426	2.03619070980967E-04	1E10	6.15192085852042E-02	1.88979826867165E-04	1E10	1.15808659819993E-02	1.5231362502207E-04	1E10	4.15645762104286E-03	1E-30	1.53325312301017E-11	0.150354018708057	1E-30	3.59521125026917E-11	4.32834013719244E-02	1E-30	2.38657071892356E-10	2.29920990188209E-02	3.08439003107019E-05	2.22816693079371E-11	3.28650700506309E-03	6.30596239944601E-06	5.94137778015127E-11	6.57572898201855E-03	8.52046994400546E-12	5.35104326962176E-11	9.01374733981293	1E10	1E-30	1E-10	1E10	1E-30	1E-10	1E10	1E-30	1E-10
138	3.69365153606548E-06	1E10	10638297.8723404	1E-30	2.19528479527787E-10	1E10	1E-30	1E10	3.74189149997934E-03	1.84422665738949E-04	1E10	24.1836939432867	2.77192888641449E-04	1E10	3.90443549131013	2.45425463767771E-04	1E10	0.844200160681074	2.22711221308972E-04	1E10	0.178093669934674	1.76530509935717E-04	1E10	3.72572626768531E-02	1.19375105692944E-04	1E10	7.5550321071021E-03	1E-30	1.99759011720206E-11	0.130141618073363	1E-30	3.87662511567498E-11	3.01886749312304E-02	1E-30	2.03560918304147E-10	0.021013515496927	1.59244199006622E-05	4.11059060800249E-11	5.24912140801076E-03	4.78626498710356E-06	6.7986450984092E-11	7.75291161195835E-03	9.35679850417876E-12	3.83175451123456E-11	6.829868823547	1E10	1E-30	1E-10	1E10	1E-30	1E-10	1E10	1E-30	1E-10
139	6.96079652376422E-06	1E10	5E6	1E-30	1.79697557226071E-10	1E10	1E-30	1E10	2.59118346473705E-03	2.5519356744941E-04	1E10	20.7887872047619	3.72414850717176E-04	1E10	1.24574515102791	5.07332682870576E-04	1E10	9.09665699137825E-02	4.89387007414912E-04	1E10	9.1953786481969E-03	3.99434674085309E-04	1E10	1.19259371758712E-03	1E-30	2.1607993696527E-11	8.40668340588819E-02	1E-30	4.22817082566339E-11	2.08441034666325E-02	1E-30	3.30017843208235E-10	1.50829008138727E-02	3.80762269800682E-05	3.12043582115592E-11	2.1408665837227E-03	3.49610910834523E-05	2.068872374382E-11	2.04393997390873E-03	7.71312904816541E-12	4.55785710854938E-11	6.30220622810683	1E10	1E-30	1E-10	1E10	1E-30	1E-10	1E10	1E-30	1E-10	1E10	1E-30	1E-10
140	7.0079218026264E-06	1E10	5E6	1E-30	1.80905335968296E-10	1E10	1E-30	1E10	3.4009541238577E-03	2.58739708000017E-04	1E10	13.0326716018721	3.02456619951346E-04	1E10	1.49201770263153	3.05652839342313E-04	1E10	0.222290325144691	3.09711265734166E-04	1E10	3.56588480624694E-02	4.13339568380969E-04	1E10	7.00609493151878E-03	2.21997346116427E-04	1E10	4.03046801680748E-03	1E-30	3.10738356792582E-11	0.146074196498901	1E-30	4.63843119480736E-11	2.91281496771746E-02	1E-30	2.75141853185822E-10	1.67642919146161E-02	3.27308702855179E-05	3.54473540333114E-11	4.64878585951475E-03	1.07458847150212E-05	5.67276037683119E-11	4.7034990233579E-03	7.84931167662111E-12	4.55520381863781E-11	8.10980465456969	1E10	1E-30	1E-10	1E10	1E-30	1E-10	1E10	1E-30	1E-10
141	7.17677204442094E-06	1E10	5E6	1E-30	1.82219653285308E-10	1E10	1E-30	1E10	2.9392763265138E-03	2.37954418724097E-04	1E10	16.7791415324206	2.88738684401614E-04	1E10	1.48472637372083	2.60205276616688E-04	1E10	0.175526781022697	2.09148308702261E-04	1E10	0.020726502819623	2.35482183732641E-04	1E10	2.49245974598032E-03	1E-30	2.39687299883171E-11	0.157487901368461	1E-30	4.45488249461347E-11	3.86562830062962E-02	1E-30	2.97306949923552E-10	1.81624804314505E-02	3.04371333046913E-05	4.75823792351918E-11	3.1288283997957E-03	1.13175322987369E-05	6.45764309259239E-11	4.45500950532471E-03	8.28409557106442E-12	4.4037075532573E-11	6.95658880396004	1E10	1E-30	1E-10	1E10	1E-30	1E-10	1E10	1E-30	1E-10	1E10	1E-30	1E-10
142	7.17677204442094E-06	1E10	5E6	1E-30	1.82219653285308E-10	1E10	1E-30	1E10	2.9392763265138E-03	2.37954418724097E-04	1E10	16.7791415324206	2.88738684401614E-04	1E10	1.48472637372083	2.60205276616688E-04	1E10	0.175526781022697	2.09148308702261E-04	1E10	0.020726502819623	2.35482183732641E-04	1E10	2.49245974598032E-03	1E-30	2.39687299883171E-11	0.157487901368461	1E-30	4.45488249461347E-11	3.86562830062962E-02	1E-30	2.97306949923552E-10	1.81624804314505E-02	3.04371333046913E-05	4.75823792351918E-11	3.1288283997957E-03	1.13175322987369E-05	6.45764309259239E-11	4.45500950532471E-03	8.28409557106442E-12	4.4037075532573E-11	6.95658880396004	1E10	1E-30	1E-10	1E10	1E-30	1E-10	1E10	1E-30	1E-10	1E10	1E-30	1E-10
143	7.17677204442094E-06	1E10	5E6	1E-30	1.82219653285308E-10	1E10	1E-30	1E10	2.9392763265138E-03	2.37954418724097E-04	1E10	16.7791415324206	2.88738684401614E-04	1E10	1.48472637372083	2.60205276616688E-04	1E10	0.175526781022697	2.09148308702261E-04	1E10	0.020726502819623	2.35482183732641E-04	1E10	2.49245974598032E-03	1E-30	2.39687299883171E-11	0.157487901368461	1E-30	4.45488249461347E-11	3.86562830062962E-02	1E-30	2.97306949923552E-10	1.81624804314505E-02	3.04371333046913E-05	4.75823792351918E-11	3.1288283997957E-03	1.13175322987369E-05	6.45764309259239E-11	4.45500950532471E-03	8.28409557106442E-12	4.4037075532573E-11	6.95658880396004	1E10	1E-30	1E-10	1E10	1E-30	1E-10	1E10	1E-30	1E-10	1E10	1E-30	1E-10
144	7.17677204442094E-06	1E10	5E6	1E-30	1.82219653285308E-10	1E10	1E-30	1E10	2.9392763265138E-03	2.37954418724097E-04	1E10	16.7791415324206	2.88738684401614E-04	1E10	1.48472637372083	2.60205276616688E-04	1E10	0.175526781022697	2.09148308702261E-04	1E10	0.020726502819623	2.35482183732641E-04	1E10	2.49245974598032E-03	1E-30	2.39687299883171E-11	0.157487901368461	1E-30	4.45488249461347E-11	3.86562830062962E-02	1E-30	2.97306949923552E-10	1.81624804314505E-02	3.04371333046913E-05	4.75823792351918E-11	3.1288283997957E-03	1.13175322987369E-05	6.45764309259239E-11	4.45500950532471E-03	8.28409557106442E-12	4.4037075532573E-11	6.95658880396004	1E10	1E-30	1E-10	1E10	1E-30	1E-10	1E10	1E-30	1E-10	1E10	1E-30	1E-10
145	6.96079652376422E-06	1E10	5E6	1E-30	1.79697557226071E-10	1E10	1E-30	1E10	2.59118346473705E-03	2.5519356744941E-04	1E10	20.7887872047619	3.72414850717176E-04	1E10	1.24574515102791	5.07332682870576E-04	1E10	9.09665699137825E-02	4.89387007414912E-04	1E10	9.1953786481969E-03	3.99434674085309E-04	1E10	1.19259371758712E-03	1E-30	2.1607993696527E-11	8.40668340588819E-02	1E-30	4.22817082566339E-11	2.08441034666325E-02	1E-30	3.30017843208235E-10	1.50829008138727E-02	3.80762269800682E-05	3.12043582115592E-11	2.1408665837227E-03	3.49610910834523E-05	2.068872374382E-11	2.04393997390873E-03	7.71312904816541E-12	4.55785710854938E-11	6.30220622810683	1E10	1E-30	1E-10	1E10	1E-30	1E-10	1E10	1E-30	1E-10	1E10	1E-30	1E-10
146	6.96079652376422E-06	1E10	5E6	1E-30	1.79697557226071E-10	1E10	1E-30	1E10	2.59118346473705E-03	2.5519356744941E-04	1E10	20.7887872047619	3.72414850717176E-04	1E10	1.24574515102791	5.07332682870576E-04	1E10	9.09665699137825E-02	4.89387007414912E-04	1E10	9.1953786481969E-03	3.99434674085309E-04	1E10	1.19259371758712E-03	1E-30	2.1607993696527E-11	8.40668340588819E-02	1E-30	4.22817082566339E-11	2.08441034666325E-02	1E-30	3.30017843208235E-10	1.50829008138727E-02	3.80762269800682E-05	3.12043582115592E-11	2.1408665837227E-03	3.49610910834523E-05	2.068872374382E-11	2.04393997390873E-03	7.71312904816541E-12	4.55785710854938E-11	6.30220622810683	1E10	1E-30	1E-10	1E10	1E-30	1E-10	1E10	1E-30	1E-10	1E10	1E-30	1E-10
147	8.36931334193427E-06	1E10	5E6	1E-30	1.66167219984697E-10	1E10	1E-30	1E10	2.73950398081018E-03	3.43483100631114E-04	1E10	17.8124020685445	4.63440050953303E-04	1E10	2.42048080840336	5.07697485413407E-04	1E10	0.311019686796405	7.28512341385841E-04	1E10	2.70517457600564E-02	4.70317584403967E-04	1E10	5.14306575948834E-03	1E-30	1.59073009429503E-11	0.106380863885199	1E-30	4.02796242488731E-11	2.90476796806214E-02	1E-30	3.00180234587348E-10	1.55954874806498E-02	5.46728166013922E-05	2.98271651620839E-11	2.30242205049291E-03	1.76861535756004E-05	4.88635285544199E-11	3.48201014601816E-03	5.36629996191285E-12	6.97036267219595E-11	10.7111084449243	1E10	1E-30	1E-10	1E10	1E-30	1E-10	1E10	1E-30	1E-10	1E10	1E-30	1E-10
148	7.91353076044446E-06	1E10	5E6	1E-30	1.61353136671722E-10	1E10	1E-30	1E10	3.18906821398644E-03	2.20302549229616E-04	1E10	14.284893704293	3.31589967084474E-04	1E10	1.01787221988545	3.31916817236773E-04	1E10	0.146791929083648	2.79822774009146E-04	1E10	2.52118803523806E-02	2.12101276478596E-04	1E10	4.74090638874466E-03	1E-30	2.5546505491049E-11	0.129351448446842	1E-30	4.4982582329395E-11	3.01989533860833E-02	1E-30	2.59433018688381E-10	1.71953977327123E-02	2.70173625414005E-05	5.93236615746279E-11	3.22417596227386E-03	1.33369586898085E-05	6.41341386870672E-11	4.42060207475548E-03	4.81184040304509E-12	6.71114948184835E-11	24.4764018658277	1E10	1E-30	1E-10	1E10	1E-30	1E-10	1E10	1E-30	1E-10	1E10	1E-30	1E-10
149	7.17677204442094E-06	1E10	5E6	1E-30	1.82219653285308E-10	1E10	1E-30	1E10	2.9392763265138E-03	2.37954418724097E-04	1E10	16.7791415324206	2.88738684401614E-04	1E10	1.48472637372083	2.60205276616688E-04	1E10	0.175526781022697	2.09148308702261E-04	1E10	0.020726502819623	2.35482183732641E-04	1E10	2.49245974598032E-03	1E-30	2.39687299883171E-11	0.157487901368461	1E-30	4.45488249461347E-11	3.86562830062962E-02	1E-30	2.97306949923552E-10	1.81624804314505E-02	3.04371333046913E-05	4.75823792351918E-11	3.1288283997957E-03	1.13175322987369E-05	6.45764309259239E-11	4.45500950532471E-03	8.28409557106442E-12	4.4037075532573E-11	6.95658880396004	1E10	1E-30	1E-10	1E10	1E-30	1E-10	1E10	1E-30	1E-10	1E10	1E-30	1E-10
150	1.53482174229301E-05	1E10	2272727.27272727	1E-30	1.68589382826267E-10	1E10	1E-30	1E10	2.66709833699345E-03	6.03475618462207E-04	1E10	8.7910175778909	7.01847375100435E-04	1E10	0.826125092077325	9.27061849557614E-04	1E10	6.12305486067376E-02	7.67611736666684E-04	1E10	4.54153583526745E-03	1E-30	2.73951649547592E-11	7.67768939790265E-02	1E-30	7.34934088077167E-11	1.92502596381181E-02	1E-30	3.16347868058909E-10	9.69774570296171E-03	5.23064107463608E-05	6.49361576960603E-11	1.71209091132258E-03	3.83131384026387E-05	4.86580888298859E-11	1.9837579229845E-03	5.70007778302307E-12	5.68951965114811E-11	5.55454600102346	1E10	1E-30	1E-10	1E10	1E-30	1E-10	1E10	1E-30	1E-10	1E10	1E-30	1E-10	1E10	1E-30	1E-10
151	1.4595249630341E-05	1E10	2272727.27272727	1E-30	1.76724857927639E-10	1E10	1E-30	1E10	2.38657593912645E-03	6.787766673539E-04	1E10	7.63786489081013	9.18580977489216E-04	1E10	0.68675957505128	1.09687959638222E-03	1E10	7.44714890423591E-02	1.24776053242071E-03	1E10	5.67449882881953E-03	1.19857069605348E-03	1E10	7.51886048087917E-04	1E-30	2.7002812062792E-11	7.56772971545986E-02	1E-30	5.87755364127857E-11	2.02986305701013E-02	1E-30	3.42440484729695E-10	1.22456700880196E-02	3.85787905688204E-05	7.07351870876752E-11	2.28711210176627E-03	3.14679843667288E-05	4.56865956572665E-11	2.32808566432268E-03	7.44157747932541E-12	4.87188505358626E-11	6.32013951548471	1E10	1E-30	1E-10	1E10	1E-30	1E-10	1E10	1E-30	1E-10	1E10	1E-30	1E-10
152	1.21711507739082E-05	1E10	2272727.27272727	1E-30	1.64892836148093E-10	1E10	1E-30	1E10	2.88762800064838E-03	2.85982609752784E-04	1E10	19.424920582759	4.66151898063079E-04	1E10	1.11644567054403	7.41267498980932E-04	1E10	6.45330629452638E-02	6.03217000644299E-04	1E10	5.50100578183725E-03	1E-30	2.37552800123736E-11	0.153714671260534	1E-30	6.35284662453011E-11	4.10746432158181E-02	1E-30	2.89092743871156E-10	1.51001953214732E-02	1.95841108448617E-05	1.0904345910148E-10	3.41519361381195E-03	1.9856799537544E-05	3.82999776758405E-11	1.74565845094214E-03	7.46430009758928E-12	5.23234650301312E-11	7.1901747047631	1E10	1E-30	1E-10	1E10	1E-30	1E-10	1E10	1E-30	1E-10	1E10	1E-30	1E-10	1E10	1E-30	1E-10
153	1.42025721531734E-05	1E10	2272727.27272727	1E-30	1.4E-10	1E10	1E-30	1E10	2.64498175615831E-03	6.40458320098373E-04	1E10	7.58239039504846	9.84853640594375E-04	1E10	0.79257488621977	1.0229924303426E-03	1E10	0.119675254352035	2.18648122046206E-03	1E10	1.04877347506734E-02	1.85600185792296E-03	1E10	3.87385789125465E-03	1.04573159651871E-03	1E10	1.14104260662126E-03	1E-30	3.34834984042356E-11	0.110380008131158	1E-30	6.23968294181334E-11	2.30856650779349E-02	1E-30	3.18571089083934E-10	0.011764217234724	8.6474517501646E-05	4.22399638333141E-11	1.39721698971996E-03	2.49148128486501E-05	7.70209201676535E-11	2.66427411745589E-03	3.19337525397606E-12	8.25920329936871E-11	29.3171166286743	1E10	1E-30	1E-10	1E10	1E-30	1E-10	1E10	1E-30	1E-10
154	1.4595249630341E-05	1E10	2272727.27272727	1E-30	1.76724857927639E-10	1E10	1E-30	1E10	2.38657593912645E-03	6.787766673539E-04	1E10	7.63786489081013	9.18580977489216E-04	1E10	0.68675957505128	1.09687959638222E-03	1E10	7.44714890423591E-02	1.24776053242071E-03	1E10	5.67449882881953E-03	1.19857069605348E-03	1E10	7.51886048087917E-04	1E-30	2.7002812062792E-11	7.56772971545986E-02	1E-30	5.87755364127857E-11	2.02986305701013E-02	1E-30	3.42440484729695E-10	1.22456700880196E-02	3.85787905688204E-05	7.07351870876752E-11	2.28711210176627E-03	3.14679843667288E-05	4.56865956572665E-11	2.32808566432268E-03	7.44157747932541E-12	4.87188505358626E-11	6.32013951548471	1E10	1E-30	1E-10	1E10	1E-30	1E-10	1E10	1E-30	1E-10	1E10	1E-30	1E-10
END DSCRDATA
