BEGIN DSCRDATA
% INDEX	K01	L01	M01	K02	L02	M02	K03	L03	M03	K04	L04	M04	K05	L05	M05	K06	L06	M06	K07	L07	M07	K08	L08	M08	K09	L09	M09	K10	L10	M10	K11	L11	M11	K12	L12	M12	K13	L13	M13	K14	L14	M14	K15	L15	M15	K16	L16	M16	K17	L17	M17	K18	L18	M18
0	0	0	0	0	0	0	0	0	0	0	0	0	0	0	0	0	0	0	0	0	0	0	0	0	0	0	0	0	0	0	0	0	0	0	0	0	0	0	0	0	0	0	0	0	0	0	0	0	0	0	0	0	0	0
1	1.8E-9	1E10	1E11	1E-30	1.51404620573334E-10	1E10	1E-30	1E10	6.1605216933642E-03	1E-30	4.11718118362404E-11	0.431831024305495	1E-30	5.5208604871661E-11	3.20027013801877E-02	1E-30	1.2235015344732E-10	8.50388720726465E-03	8.22957854811743E-09	1.56891203240449E-11	0.23290529305703	1.52052425077097E-09	2.94799279309856E-11	0.444889420902221	1.22114283454309E-12	2.55139170229915E-10	91.1112063012709	1E10	1E-30	1E-10	1E10	1E-30	1E-10	1E10	1E-30	1E-10	1E10	1E-30	1E-10	1E10	1E-30	1E-10	1E10	1E-30	1E-10	1E10	1E-30	1E-10	1E10	1E-30	1E-10	1E10	1E-30	1E-10
2	1.76358687522025E-09	1E10	1E11	1E-30	1.47762559320364E-10	1E10	1E-30	1E10	7.52401518581113E-03	1E-30	4.73810311977082E-11	4.01978378324931	1E-30	3.92672955272301E-11	0.413246926506563	1E-30	6.03334753117741E-11	2.12514690500297E-02	1E-30	1.26918051840387E-10	6.42815372239663E-03	7.0985938607485E-09	1.75337646187003E-11	0.186735680434638	1.45851325731905E-09	2.92732343337404E-11	0.44897440451712	1.0877076447928E-12	2.25666268249084E-10	1E5	1E10	1E-30	1E-10	1E10	1E-30	1E-10	1E10	1E-30	1E-10	1E10	1E-30	1E-10	1E10	1E-30	1E-10	1E10	1E-30	1E-10	1E10	1E-30	1E-10	1E10	1E-30	1E-10
3	2.14561234395514E-09	1E10	1E11	1E-30	4.22745919762627E-10	1E10	1E-30	1E10	4.66909662387075E-03	1E-30	5.28181569081162E-11	0.398159673569047	1E-30	7.02446831424571E-11	1.94990416716927E-02	1E-30	2.50117877978266E-10	7.34201173734197E-03	1.21276977095426E-08	1.68789912848538E-11	0.238052174172308	2.25598693829384E-09	3.51291433845445E-11	0.510226325263144	5.4027190477192E-12	2.94247807312488E-11	1.51122331386522	1E10	1E-30	1E-10	1E10	1E-30	1E-10	1E10	1E-30	1E-10	1E10	1E-30	1E-10	1E10	1E-30	1E-10	1E10	1E-30	1E-10	1E10	1E-30	1E-10	1E10	1E-30	1E-10	1E10	1E-30	1E-10
4	2.16873400553165E-09	1E10	1E11	1E-30	1.14815362149688E-10	1E10	1E-30	1E10	1.08144783729502E-02	1E-30	1.03779349246835E-10	1.83067783362689E-02	1.12873144093634E-08	1.95404762004422E-11	0.201001254863371	2.12818922785353E-09	4.10513309333139E-11	0.468112699461597	5.98759400480268E-10	3.52445154011569E-11	0.240464680419513	1.00216914282392E-11	4.1052869286565E-11	0.631380986381003	8.54139157665623E-13	2.94348848043561E-10	199526.231496888	1E10	1E-30	1E-10	1E10	1E-30	1E-10	1E10	1E-30	1E-10	1E10	1E-30	1E-10	1E10	1E-30	1E-10	1E10	1E-30	1E-10	1E10	1E-30	1E-10	1E10	1E-30	1E-10	1E10	1E-30	1E-10
5	2.67677011134642E-09	1E10	1E11	1E-30	2.05295512199298E-11	1E10	1E-30	1E10	6.76005431762942E-03	1E-30	6.95825233885745E-11	0.266889113313624	1E-30	5.70953974244504E-11	1.36382230079142E-02	1E-30	1.5361477058369E-10	5.13059790316921E-03	1.61596269397653E-08	1.72665987879217E-11	0.244956681357925	3.46269294139763E-09	3.30575036545007E-11	0.498419577072148	1.09089194162154E-12	3.03526835784619E-10	1E5	4.21230022401397E-12	7.25951608997243E-11	17.4241916891038	1E10	1E-30	1E-10	1E10	1E-30	1E-10	1E10	1E-30	1E-10	1E10	1E-30	1E-10	1E10	1E-30	1E-10	1E10	1E-30	1E-10	1E10	1E-30	1E-10	1E10	1E-30	1E-10
6	3.25204775603648E-09	1E10	1E11	1E-30	2.32488983002449E-10	1E10	1E-30	1E10	1.20259597228764E-02	1E-30	7.89089507033608E-11	0.472498351494536	1E-30	6.28781376971346E-11	1.10917647621879E-02	1.43292498282365E-08	2.65336103954678E-11	0.272757547260701	4.19254076233961E-09	3.80401050221909E-11	0.417883163602571	2.39507620174859E-09	2.34462531023858E-11	0.169937767770564	3.84960543449597E-11	1.21851333047364E-11	0.346164603847298	2.17446192992597E-12	1.11712154496031E-10	1E5	1E10	1E-30	1E-10	1E10	1E-30	1E-10	1E10	1E-30	1E-10	1E10	1E-30	1E-10	1E10	1E-30	1E-10	1E10	1E-30	1E-10	1E10	1E-30	1E-10	1E10	1E-30	1E-10
7	1.78803333210944E-08	1E10	55555555555.5556	1E-30	4.81056628870854E-11	1E10	1E-30	1E10	3.16857537679258E-03	1E-30	1.02161790190493E-10	19.8400484445441	1E-30	9.41483171954101E-11	0.170787471717211	1E-30	5.47520545204107E-11	5.10832559520754E-03	1E-30	1.07650832937252E-10	2.18879846655977E-03	5.60035353203802E-08	4.5921719236471E-11	0.27009989753078	2.23974485579984E-08	4.82637036101442E-11	0.264595727644021	1.09099086100137E-12	2.14861060772259E-10	1E5	1E10	1E-30	1E-10	1E10	1E-30	1E-10	1E10	1E-30	1E-10	1E10	1E-30	1E-10	1E10	1E-30	1E-10	1E10	1E-30	1E-10	1E10	1E-30	1E-10	1E10	1E-30	1E-10
8	2.20982250324221E-08	1E10	45454545454.5455	1E-30	1.31984579698387E-11	1E10	1E-30	1E10	3.14089364481576E-03	1E-30	1.58614687169931E-10	0.172548845918909	1E-30	5.80869924986599E-11	3.40969286521911E-03	5.15685020128608E-08	6.99642629367513E-11	0.2704284565451	3.75076353378446E-08	4.09147661653757E-11	0.263568747819719	9.40710423999289E-08	7.62429774636749E-12	6.56519644885273E-02	1.0450440607157E-07	4.65952541646928E-12	0.106899061219302	1.8297626087092E-11	1.02059104868936E-11	0.289937325447498	6.68990688079076E-13	2.76120681019666E-10	1E5	1E10	1E-30	1E-10	1E10	1E-30	1E-10	1E10	1E-30	1E-10	1E10	1E-30	1E-10	1E10	1E-30	1E-10	1E10	1E-30	1E-10	1E10	1E-30	1E-10
9	4.79341131423209E-08	1E10	1E9	1E-30	1.20406448182088E-10	1E10	1E-30	1E10	1.87019860360294E-02	4.65500517449751E-06	1E10	197.588191668207	5.61275894305952E-06	1E10	14.647415004377	7.00316225680964E-06	1E10	1.5694987949017	6.35469149002188E-06	1E10	0.331578745077894	3.79930296886566E-06	1E10	0.101212336356258	2.37667491695727E-06	1E10	2.42708727064114E-02	1E-30	8.71234198568427E-11	0.121048589208791	2.06728136272774E-07	3.55158863421359E-11	5.62913433483475E-02	5.80163145302553E-08	3.95684179401823E-11	6.77649974159491E-02	1.15816007302402E-11	9.06545066828763E-11	10.6666090251542	1.69547802397537E-12	1.58032248722173E-10	28.4769792054797	1E10	1E-30	1E-10	1E10	1E-30	1E-10	1E10	1E-30	1E-10	1E10	1E-30	1E-10
10	4.73798900513142E-07	1E10	106382978.723404	1E-30	1.56710479699784E-10	1E10	1E-30	1E10	6.9512033149975E-03	6.41007304390013E-05	1E10	70.9380775536747	8.14027224127913E-05	1E10	10.0202697887926	7.17084614206831E-05	1E10	2.23391491979376	5.31237487741412E-05	1E10	0.315548869570162	7.77897753057681E-05	1E10	3.45992455301312E-02	3.74571997246369E-05	1E10	1.45789218590575E-02	1.16559768991986E-04	1E10	7.74700263591438E-04	1E-30	1.35565260386661E-10	0.042020701503422	1E-30	1.25455109234317E-11	2.93775165013138E-02	1.64896746911942E-06	4.44582122644063E-11	2.43165837632781E-02	5.80335982200661E-07	5.42984110772463E-11	2.44286517386434E-02	1.36177754235403E-11	7.1051742939164E-11	9.54551315671898	2.22714325697774E-12	1.56843363840957E-10	25.6511708550629	1E10	1E-30	1E-10	1E10	1E-30	1E-10
11	1.0243005573323E-06	1E10	5E7	1E-30	1.055304119219E-10	1E10	1E-30	1E10	4.89140109086424E-03	2.35556045059467E-05	1E10	303.811789614305	1.12445380354731E-04	1E10	3.03973479518813	1.13580658843478E-04	1E10	0.299939365668271	9.25784022337561E-05	1E10	3.66441262949923E-02	6.76325104003454E-05	1E10	5.28715799164126E-03	1E-30	1.83624883658301E-11	5.34440348557144E-02	1E-30	1.99184755194168E-10	3.68552518958051E-02	2.42574429699694E-06	7.07949965572174E-11	1.57216155223806E-02	1.83495755851907E-06	4.21057129960415E-11	1.57095939945652E-02	1.51248746768588E-11	7.39264071350329E-11	8.52690738610247	2.09907127804398E-12	1.46517220273344E-10	23.3480329275515	1E10	1E-30	1E-10	1E10	1E-30	1E-10	1E10	1E-30	1E-10	1E10	1E-30	1E-10
12	1.0243005573323E-06	1E10	5E7	1E-30	1.055304119219E-10	1E10	1E-30	1E10	4.89140109086424E-03	2.35556045059467E-05	1E10	303.811789614305	1.12445380354731E-04	1E10	3.03973479518813	1.13580658843478E-04	1E10	0.299939365668271	9.25784022337561E-05	1E10	3.66441262949923E-02	6.76325104003454E-05	1E10	5.28715799164126E-03	1E-30	1.83624883658301E-11	5.34440348557144E-02	1E-30	1.99184755194168E-10	3.68552518958051E-02	2.42574429699694E-06	7.07949965572174E-11	1.57216155223806E-02	1.83495755851907E-06	4.21057129960415E-11	1.57095939945652E-02	1.51248746768588E-11	7.39264071350329E-11	8.52690738610247	2.09907127804398E-12	1.46517220273344E-10	23.3480329275515	1E10	1E-30	1E-10	1E10	1E-30	1E-10	1E10	1E-30	1E-10	1E10	1E-30	1E-10
13	1.01139839440037E-06	1E10	5E7	1E-30	1.04824555377975E-10	1E10	1E-30	1E10	3.95140651612182E-03	2.826916741662E-05	1E10	236.257638717773	1.58177484951683E-04	1E10	1.59934681685278	1.60030030436004E-04	1E10	0.145110788703233	1.34741192374905E-04	1E10	1.68036686722961E-02	1.32426354555977E-04	1E10	1.80421051683443E-03	1E-30	1.84772785604794E-10	3.32251203439648E-02	1E-30	1.31542568508846E-11	2.59357105655916E-02	3.3923521348945E-06	4.78423027028119E-11	1.84815538523132E-02	1.96359932363215E-06	3.6685667356689E-11	1.81899109690772E-02	1.19177128102758E-11	9.44033445952785E-11	9.28461286655495	2.35389140080012E-12	1.28772102274175E-10	18.4599596623939	1E10	1E-30	1E-10	1E10	1E-30	1E-10	1E10	1E-30	1E-10	1E10	1E-30	1E-10
14	2.18163608363659E-06	1E10	22727272.7272727	1E-30	9.47336449758768E-11	1E10	1E-30	1E10	3.18375929842457E-03	8.46967973309677E-05	1E10	78.8554815865047	2.4182102076392E-04	1E10	1.64675485963927	2.10501731112309E-04	1E10	0.189005920126701	2.0174020920967E-04	1E10	2.01064771223912E-02	1.8338739859877E-04	1E10	3.14959493475447E-03	1E-30	2.47111497452099E-11	2.96546529100466E-02	1E-30	2.39254454975935E-10	0.027055095261077	6.03747518802668E-06	6.27886354617733E-11	1.18097578654626E-02	4.07165030005213E-06	4.3659697689125E-11	1.03210578620239E-02	8.01133658627283E-12	8.48561565365927E-11	10.3764710905469	2.97340529984217E-12	1.02049782257452E-10	25.5014200762448	1E10	1E-30	1E-10	1E10	1E-30	1E-10	1E10	1E-30	1E-10	1E10	1E-30	1E-10
15	1.646261259934E-06	1E10	22727272.7272727	1E-30	7.13580414197507E-11	1E10	1E-30	1E10	5.67418842696863E-03	2.63402129490881E-05	1E10	201.409334844178	4.26208890760667E-05	1E10	7.11916322528448	3.98509302307232E-05	1E10	0.690705025308087	3.03312613911411E-05	1E10	0.093612012258294	2.44962118865117E-05	1E10	1.10526616627897E-02	1E-30	1.73630658075139E-11	2.84698595148834E-02	1E-30	1.81068964204267E-10	2.66125999090096E-02	6.55210466050566E-06	2.93414426661495E-11	7.54731998826539E-03	2.69805696240077E-06	3.13990085570505E-11	1.00106629741815E-02	7.78873261587707E-12	1.47964131018403E-10	21.1546226302727	2.07856421896301E-12	1.83588198925746E-10	37.175235047004	1E10	1E-30	1E-10	1E10	1E-30	1E-10	1E10	1E-30	1E-10	1E10	1E-30	1E-10
16	1.74500156515595E-06	1E10	22727272.7272727	1E-30	9.23124718245904E-11	1E10	1E-30	1E10	6.1197302531283E-03	1.55395229360966E-05	1E10	365.814735214766	4.23109222143072E-05	1E10	6.79110430228195	3.83277084136794E-05	1E10	0.763290486756635	2.95193583759308E-05	1E10	9.81015988948899E-02	2.58254307626064E-05	1E10	1.11449098070968E-02	1E-30	2.40488449909616E-11	3.46971749468467E-02	1E-30	1.47829122731291E-10	2.44338127798373E-02	5.56366583202556E-06	3.51621228338683E-11	7.94792747227758E-03	1.79166977529815E-06	5.25630772538212E-11	1.08857975360881E-02	1.18427178880291E-11	1.10581584019565E-10	17.4086251874989	1.91779800217062E-12	1.92802648259485E-10	35.2756172214647	1E10	1E-30	1E-10	1E10	1E-30	1E-10	1E10	1E-30	1E-10	1E10	1E-30	1E-10
17	2.16415910150954E-06	1E10	22727273	1E-30	1.96373183846523E-10	1E10	1E-30	1E10	3.7862871670822E-03	2.2946090558547E-04	1E10	4.54238716563098	2.00700765639955E-04	1E10	0.698083168855876	2.05251539961056E-04	1E10	9.42505852002989E-02	2.18115863563179E-04	1E10	1.47720645918471E-02	1.82874702219462E-04	1E10	4.18358896283575E-03	1E-30	2.44002332441171E-11	0.073038183989227	1E-30	1.79320912846328E-10	3.14873602715432E-02	4.77297092965799E-06	8.09123650657794E-11	1.49023357424416E-02	2.05006255327559E-06	8.11532127963494E-11	1.44512063541954E-02	1.84177068359888E-11	3.51290353288E-11	4.19240366240612	1.9875344777506E-11	1.63465991894248E-11	5.19519676825575	1E10	1E-30	1E-10	1E10	1E-30	1E-10	1E10	1E-30	1E-10	1E10	1E-30	1E-10
18	2.16415910150954E-06	1E10	22727273	1E-30	1.96373183846523E-10	1E10	1E-30	1E10	3.7862871670822E-03	2.2946090558547E-04	1E10	4.54238716563098	2.00700765639955E-04	1E10	0.698083168855876	2.05251539961056E-04	1E10	9.42505852002989E-02	2.18115863563179E-04	1E10	1.47720645918471E-02	1.82874702219462E-04	1E10	4.18358896283575E-03	1E-30	2.44002332441171E-11	0.073038183989227	1E-30	1.79320912846328E-10	3.14873602715432E-02	4.77297092965799E-06	8.09123650657794E-11	1.49023357424416E-02	2.05006255327559E-06	8.11532127963494E-11	1.44512063541954E-02	1.84177068359888E-11	3.51290353288E-11	4.19240366240612	1.9875344777506E-11	1.63465991894248E-11	5.19519676825575	1E10	1E-30	1E-10	1E10	1E-30	1E-10	1E10	1E-30	1E-10	1E10	1E-30	1E-10
19	1.646261259934E-06	1E10	22727272.7272727	1E-30	7.13580414197507E-11	1E10	1E-30	1E10	5.67418842696863E-03	2.63402129490881E-05	1E10	201.409334844178	4.26208890760667E-05	1E10	7.11916322528448	3.98509302307232E-05	1E10	0.690705025308087	3.03312613911411E-05	1E10	0.093612012258294	2.44962118865117E-05	1E10	1.10526616627897E-02	1E-30	1.73630658075139E-11	2.84698595148834E-02	1E-30	1.81068964204267E-10	2.66125999090096E-02	6.55210466050566E-06	2.93414426661495E-11	7.54731998826539E-03	2.69805696240077E-06	3.13990085570505E-11	1.00106629741815E-02	7.78873261587707E-12	1.47964131018403E-10	21.1546226302727	2.07856421896301E-12	1.83588198925746E-10	37.175235047004	1E10	1E-30	1E-10	1E10	1E-30	1E-10	1E10	1E-30	1E-10	1E10	1E-30	1E-10
20	1.646261259934E-06	1E10	22727272.7272727	1E-30	7.13580414197507E-11	1E10	1E-30	1E10	5.67418842696863E-03	2.63402129490881E-05	1E10	201.409334844178	4.26208890760667E-05	1E10	7.11916322528448	3.98509302307232E-05	1E10	0.690705025308087	3.03312613911411E-05	1E10	0.093612012258294	2.44962118865117E-05	1E10	1.10526616627897E-02	1E-30	1.73630658075139E-11	2.84698595148834E-02	1E-30	1.81068964204267E-10	2.66125999090096E-02	6.55210466050566E-06	2.93414426661495E-11	7.54731998826539E-03	2.69805696240077E-06	3.13990085570505E-11	1.00106629741815E-02	7.78873261587707E-12	1.47964131018403E-10	21.1546226302727	2.07856421896301E-12	1.83588198925746E-10	37.175235047004	1E10	1E-30	1E-10	1E10	1E-30	1E-10	1E10	1E-30	1E-10	1E10	1E-30	1E-10
21	1.74500156515595E-06	1E10	22727272.7272727	1E-30	9.23124718245904E-11	1E10	1E-30	1E10	6.1197302531283E-03	1.55395229360966E-05	1E10	365.814735214766	4.23109222143072E-05	1E10	6.79110430228195	3.83277084136794E-05	1E10	0.763290486756635	2.95193583759308E-05	1E10	9.81015988948899E-02	2.58254307626064E-05	1E10	1.11449098070968E-02	1E-30	2.40488449909616E-11	3.46971749468467E-02	1E-30	1.47829122731291E-10	2.44338127798373E-02	5.56366583202556E-06	3.51621228338683E-11	7.94792747227758E-03	1.79166977529815E-06	5.25630772538212E-11	1.08857975360881E-02	1.18427178880291E-11	1.10581584019565E-10	17.4086251874989	1.91779800217062E-12	1.92802648259485E-10	35.2756172214647	1E10	1E-30	1E-10	1E10	1E-30	1E-10	1E10	1E-30	1E-10	1E10	1E-30	1E-10
22	2.18163608363659E-06	1E10	22727272.7272727	1E-30	9.47336449758768E-11	1E10	1E-30	1E10	3.18375929842457E-03	8.46967973309677E-05	1E10	78.8554815865047	2.4182102076392E-04	1E10	1.64675485963927	2.10501731112309E-04	1E10	0.189005920126701	2.0174020920967E-04	1E10	2.01064771223912E-02	1.8338739859877E-04	1E10	3.14959493475447E-03	1E-30	2.47111497452099E-11	2.96546529100466E-02	1E-30	2.39254454975935E-10	0.027055095261077	6.03747518802668E-06	6.27886354617733E-11	1.18097578654626E-02	4.07165030005213E-06	4.3659697689125E-11	1.03210578620239E-02	8.01133658627283E-12	8.48561565365927E-11	10.3764710905469	2.97340529984217E-12	1.02049782257452E-10	25.5014200762448	1E10	1E-30	1E-10	1E10	1E-30	1E-10	1E10	1E-30	1E-10	1E10	1E-30	1E-10
23	1.85074137353481E-06	1E10	22727272.7272727	1E-30	1.40935936881453E-10	1E10	1E-30	1E10	4.83375018025891E-03	1.7693976280537E-05	1E10	386.254396858233	5.66607139073032E-05	1E10	8.48729725737177	4.91968127172847E-05	1E10	0.98665591232515	3.91412582836883E-05	1E10	0.122578121914922	2.91592429697937E-05	1E10	1.64416291230113E-02	1E-30	7.29793569169607E-12	4.41409953330558E-02	1E-30	2.21851163788664E-11	3.12332890158762E-02	1E-30	2.40198069755301E-10	3.07801542075843E-02	5.46105951406702E-06	4.73055599368325E-11	1.20062883994065E-02	2.77785115490667E-06	4.64819915157135E-11	1.18067112914907E-02	1.07522998008212E-11	6.86307760813422E-11	8.28416618244986	5.99040589525686E-12	4.93590046176885E-11	7.29208871329847	1E10	1E-30	1E-10	1E10	1E-30	1E-10	1E10	1E-30	1E-10
24	2.40894361738322E-06	1E10	15151515.1515152	1E-30	1.30056511926661E-10	1E10	1E-30	1E10	4.64344505416717E-03	7.92825714006634E-05	1E10	16.0421330323113	8.64895882377306E-05	1E10	1.75088304453969	7.1261011542417E-05	1E10	0.282763061699578	6.06603835745025E-05	1E10	4.53889166090963E-02	4.49394296569561E-05	1E10	9.45677501710179E-03	1E-30	2.52049372579206E-11	0.194867697842719	1E-30	2.51607114709101E-11	0.034320590447213	1E-30	2.04462852620643E-10	2.62008688904007E-02	7.14601007115744E-06	5.23035212466376E-11	1.01285703279199E-02	3.12256583453855E-06	5.61792132726257E-11	0.010169170358201	1.57625725084887E-11	5.24340073248995E-11	6.8227672678211	5.8435373102146E-12	5.0300225871539E-11	9.17189761384118	1E10	1E-30	1E-10	1E10	1E-30	1E-10	1E10	1E-30	1E-10
25	2.40894361738322E-06	1E10	15151515.1515152	1E-30	1.30056511926661E-10	1E10	1E-30	1E10	4.64344505416717E-03	7.92825714006634E-05	1E10	16.0421330323113	8.64895882377306E-05	1E10	1.75088304453969	7.1261011542417E-05	1E10	0.282763061699578	6.06603835745025E-05	1E10	4.53889166090963E-02	4.49394296569561E-05	1E10	9.45677501710179E-03	1E-30	2.52049372579206E-11	0.194867697842719	1E-30	2.51607114709101E-11	0.034320590447213	1E-30	2.04462852620643E-10	2.62008688904007E-02	7.14601007115744E-06	5.23035212466376E-11	1.01285703279199E-02	3.12256583453855E-06	5.61792132726257E-11	0.010169170358201	1.57625725084887E-11	5.24340073248995E-11	6.8227672678211	5.8435373102146E-12	5.0300225871539E-11	9.17189761384118	1E10	1E-30	1E-10	1E10	1E-30	1E-10	1E10	1E-30	1E-10
26	2.34671250221612E-06	1E10	15151515.1515152	1E-30	2.00035091591819E-10	1E10	1E-30	1E10	4.27994060963699E-03	1.15249753061309E-04	1E10	31.3583243459087	1.46663151475662E-04	1E10	5.44164796252371	1.00532730890709E-04	1E10	1.63014821850322	1.07306928815532E-04	1E10	0.344592054292375	9.68146860055367E-05	1E10	0.111476434916321	5.00409618971898E-05	1E10	3.38267580632697E-02	4.12658787564578E-05	1E10	4.65705688397126E-03	1E-30	8.57486115257336E-12	0.100058443074138	1E-30	2.64722050771827E-11	3.95146212470731E-02	1E-30	2.02751806665325E-10	2.61835458909588E-02	1.30427556743931E-05	2.29557100009472E-11	4.61894105607468E-03	2.77052537062047E-06	5.13164207224114E-11	9.59850030904802E-03	9.46095344263347E-12	7.27318258616914E-11	13.066589069508	1E10	1E-30	1E-10	1E10	1E-30	1E-10
27	2.42096563942154E-06	1E10	15151515.1515152	1E-30	1.26882338120058E-10	1E10	1E-30	1E10	5.01550154769429E-03	6.79323787334872E-05	1E10	65.2455718771197	8.75831989687617E-05	1E10	6.62014786175917	7.41578350067612E-05	1E10	1.06555137262618	6.24925130926309E-05	1E10	0.172621523532907	5.6959020397078E-05	1E10	2.96795901853337E-02	5.48238354816291E-05	1E10	6.44123084588399E-03	1E-30	2.17346938026702E-11	0.250144310476117	1E-30	2.29893813897475E-11	3.13433412510859E-02	1E-30	2.17469587032409E-10	2.72665237079086E-02	6.48084591068379E-06	5.34635875335357E-11	9.7564538840922E-03	4.31252479144675E-06	3.84738658399635E-11	9.43387290541615E-03	1.86964744730472E-11	4.38548446347202E-11	7.68273395106389	3.56927697020641E-12	7.43766471940915E-11	15.8377555591102	1E10	1E-30	1E-10	1E10	1E-30	1E-10
28	2.46111356658425E-06	1E10	15151515.1515152	1E-30	1.94505902076897E-10	1E10	1E-30	1E10	4.98499654066408E-03	8.00189025739613E-05	1E10	42.1409134124489	8.97409141507921E-05	1E10	5.02859409797444	7.9749148707847E-05	1E10	0.795102171869941	7.89602263309221E-05	1E10	0.130531680120957	9.48959393073763E-05	1E10	2.91430747577414E-02	4.59650531666853E-05	1E10	1.25682698023387E-02	1E-30	1.53494413634079E-11	0.101922769350983	1E-30	2.6710702528268E-11	2.78372986990484E-02	1E-30	1.94776912495429E-10	0.024795109684412	8.90272500321483E-06	3.42782322642973E-11	5.86677008291565E-03	3.8534530960164E-06	3.89449716262858E-11	9.62599395358064E-03	1.21195524996854E-11	6.45435433293297E-11	9.93157513124492	1E10	1E-30	1E-10	1E10	1E-30	1E-10	1E10	1E-30	1E-10
29	3.70447262018066E-06	1E10	10638297.8723404	1E-30	1.52934883349512E-10	1E10	1E-30	1E10	3.74541690844651E-03	1.00349356089905E-04	1E10	53.1022929379098	1.93870316658501E-04	1E10	2.50527145187709	1.82172645584359E-04	1E10	0.341738447529293	1.53566302436802E-04	1E10	4.67527070793007E-02	1.30493324440135E-04	1E10	7.93716555124596E-03	3.66738527027409E-04	1E10	8.92706818376736E-04	1E-30	9.63024378667052E-12	6.12479757787982E-02	1E-30	2.62104646580952E-11	3.32810140363403E-02	1E-30	2.36098871273891E-10	2.37948485572178E-02	8.25188120739139E-06	7.75201990137361E-11	1.12529172732301E-02	5.12217355129521E-06	5.8925926625177E-11	9.56967860705766E-03	1.7541393236092E-11	3.17477582423189E-11	7.88908174187823	5.92277193584229E-12	5.83951800332955E-11	17.094008647701	1E10	1E-30	1E-10	1E10	1E-30	1E-10
30	3.70447262018066E-06	1E10	10638297.8723404	1E-30	1.52934883349512E-10	1E10	1E-30	1E10	3.74541690844651E-03	1.00349356089905E-04	1E10	53.1022929379098	1.93870316658501E-04	1E10	2.50527145187709	1.82172645584359E-04	1E10	0.341738447529293	1.53566302436802E-04	1E10	4.67527070793007E-02	1.30493324440135E-04	1E10	7.93716555124596E-03	3.66738527027409E-04	1E10	8.92706818376736E-04	1E-30	9.63024378667052E-12	6.12479757787982E-02	1E-30	2.62104646580952E-11	3.32810140363403E-02	1E-30	2.36098871273891E-10	2.37948485572178E-02	8.25188120739139E-06	7.75201990137361E-11	1.12529172732301E-02	5.12217355129521E-06	5.8925926625177E-11	9.56967860705766E-03	1.7541393236092E-11	3.17477582423189E-11	7.88908174187823	5.92277193584229E-12	5.83951800332955E-11	17.094008647701	1E10	1E-30	1E-10	1E10	1E-30	1E-10
31	3.51278037904295E-06	1E10	10638297.8723404	1E-30	9.58819651819816E-11	1E10	1E-30	1E10	4.34650212861308E-03	5.22749596443091E-05	1E10	101.485774562571	8.23897339333297E-05	1E10	4.02205294303838	8.11886083963033E-05	1E10	0.408979170257961	6.2223624800192E-05	1E10	5.31489218441401E-02	5.32039227764283E-05	1E10	6.80294354007559E-03	1E-30	9.46638748485323E-12	6.43086382053792E-02	1E-30	2.86726307980322E-11	3.12633557995831E-02	1E-30	2.29604778802165E-10	2.14965071464584E-02	1.25450042913231E-05	3.36212530678366E-11	4.25402476761575E-03	4.16210153636078E-06	4.77917462285751E-11	7.24058426728725E-03	7.63943431683802E-12	1.00735840901506E-10	13.5982481765203	3.0911827495953E-12	9.38312447063164E-11	23.1023534674192	1E10	1E-30	1E-10	1E10	1E-30	1E-10	1E10	1E-30	1E-10
32	3.42191465142565E-06	1E10	10638297.8723404	1E-30	1.17088118510007E-10	1E10	1E-30	1E10	3.76583195077069E-03	7.12494803553281E-05	1E10	74.4589959571981	1.04300482434493E-04	1E10	3.78590645677041	8.28055594705373E-05	1E10	0.451105743318016	6.88374399492041E-05	1E10	5.04312280347545E-02	6.09809939979375E-05	1E10	6.43448509531555E-03	1E-30	9.82747641050165E-12	7.87530845988019E-02	1E-30	2.41294981245249E-11	3.07398402753571E-02	1E-30	2.71130079772473E-10	2.46480064652777E-02	9.32586001335884E-06	5.45669054201488E-11	7.48507533213616E-03	6.0835463894378E-06	4.10063059236776E-11	6.61829729952429E-03	1.3721099441151E-11	4.93594377916299E-11	8.07628705018758	3.65711344364255E-12	7.78016889665592E-11	28.2230978291723	1E10	1E-30	1E-10	1E10	1E-30	1E-10	1E10	1E-30	1E-10
33	3.42191465142565E-06	1E10	10638297.8723404	1E-30	1.17088118510007E-10	1E10	1E-30	1E10	3.76583195077069E-03	7.12494803553281E-05	1E10	74.4589959571981	1.04300482434493E-04	1E10	3.78590645677041	8.28055594705373E-05	1E10	0.451105743318016	6.88374399492041E-05	1E10	5.04312280347545E-02	6.09809939979375E-05	1E10	6.43448509531555E-03	1E-30	9.82747641050165E-12	7.87530845988019E-02	1E-30	2.41294981245249E-11	3.07398402753571E-02	1E-30	2.71130079772473E-10	2.46480064652777E-02	9.32586001335884E-06	5.45669054201488E-11	7.48507533213616E-03	6.0835463894378E-06	4.10063059236776E-11	6.61829729952429E-03	1.3721099441151E-11	4.93594377916299E-11	8.07628705018758	3.65711344364255E-12	7.78016889665592E-11	28.2230978291723	1E10	1E-30	1E-10	1E10	1E-30	1E-10	1E10	1E-30	1E-10
34	3.52149758899186E-06	1E10	10638297.8723404	1E-30	1.03700195717208E-10	1E10	1E-30	1E10	3.69271815713203E-03	5.82711251874225E-05	1E10	95.3334857466773	1.33866678423647E-04	1E10	4.20732374012809	1.10162718780797E-04	1E10	0.47473762133461	9.23334264298237E-05	1E10	5.64656323438596E-02	7.70122029796547E-05	1E10	6.72879528187725E-03	1E-30	7.85592277375964E-12	4.03827055602445E-02	1E-30	2.44776036818111E-11	0.025488069899309	1E-30	2.6795064623156E-10	0.022176081885771	1.0209763973308E-05	5.22481644869537E-11	5.90788839216147E-03	6.28632195677368E-06	4.31880840672682E-11	6.03389236823676E-03	1.50390701387539E-11	5.46544286911893E-11	9.30410288226434	1.96353204573038E-12	1.17835382022519E-10	21.3482941054191	1E10	1E-30	1E-10	1E10	1E-30	1E-10	1E10	1E-30	1E-10
35	3.51731460049073E-06	1E10	10638297.8723404	1E-30	1.72443445689457E-10	1E10	1E-30	1E10	3.9589476908858E-03	4.93032799738826E-05	1E10	112.673831952778	9.2694266333866E-05	1E10	3.88511004771386	8.77312814214889E-05	1E10	0.402694999472886	6.57767113859206E-05	1E10	5.09422270314392E-02	6.31233902025644E-05	1E10	5.53560192329828E-03	1E-30	9.24487818201382E-12	5.24734657222457E-02	1E-30	2.82263017418203E-11	2.90722602447313E-02	1E-30	2.88990594147905E-10	2.35417401881285E-02	9.86743603465808E-06	5.10121619556433E-11	8.08752003254397E-03	9.41754698684514E-06	2.59863088941745E-11	6.28364939735567E-03	1.16092923564932E-11	5.80456788352469E-11	7.91043652443651	3.04225472477623E-11	1.40638071915591E-11	2.76259883465415	1E10	1E-30	1E-10	1E10	1E-30	1E-10	1E10	1E-30	1E-10
36	3.51731460049073E-06	1E10	10638297.8723404	1E-30	1.72443445689457E-10	1E10	1E-30	1E10	3.9589476908858E-03	4.93032799738826E-05	1E10	112.673831952778	9.2694266333866E-05	1E10	3.88511004771386	8.77312814214889E-05	1E10	0.402694999472886	6.57767113859206E-05	1E10	5.09422270314392E-02	6.31233902025644E-05	1E10	5.53560192329828E-03	1E-30	9.24487818201382E-12	5.24734657222457E-02	1E-30	2.82263017418203E-11	2.90722602447313E-02	1E-30	2.88990594147905E-10	2.35417401881285E-02	9.86743603465808E-06	5.10121619556433E-11	8.08752003254397E-03	9.41754698684514E-06	2.59863088941745E-11	6.28364939735567E-03	1.16092923564932E-11	5.80456788352469E-11	7.91043652443651	3.04225472477623E-11	1.40638071915591E-11	2.76259883465415	1E10	1E-30	1E-10	1E10	1E-30	1E-10	1E10	1E-30	1E-10
37	3.42191465142565E-06	1E10	10638297.8723404	1E-30	1.17088118510007E-10	1E10	1E-30	1E10	3.76583195077069E-03	7.12494803553281E-05	1E10	74.4589959571981	1.04300482434493E-04	1E10	3.78590645677041	8.28055594705373E-05	1E10	0.451105743318016	6.88374399492041E-05	1E10	5.04312280347545E-02	6.09809939979375E-05	1E10	6.43448509531555E-03	1E-30	9.82747641050165E-12	7.87530845988019E-02	1E-30	2.41294981245249E-11	3.07398402753571E-02	1E-30	2.71130079772473E-10	2.46480064652777E-02	9.32586001335884E-06	5.45669054201488E-11	7.48507533213616E-03	6.0835463894378E-06	4.10063059236776E-11	6.61829729952429E-03	1.3721099441151E-11	4.93594377916299E-11	8.07628705018758	3.65711344364255E-12	7.78016889665592E-11	28.2230978291723	1E10	1E-30	1E-10	1E10	1E-30	1E-10	1E10	1E-30	1E-10
38	3.42191465142565E-06	1E10	10638297.8723404	1E-30	1.17088118510007E-10	1E10	1E-30	1E10	3.76583195077069E-03	7.12494803553281E-05	1E10	74.4589959571981	1.04300482434493E-04	1E10	3.78590645677041	8.28055594705373E-05	1E10	0.451105743318016	6.88374399492041E-05	1E10	5.04312280347545E-02	6.09809939979375E-05	1E10	6.43448509531555E-03	1E-30	9.82747641050165E-12	7.87530845988019E-02	1E-30	2.41294981245249E-11	3.07398402753571E-02	1E-30	2.71130079772473E-10	2.46480064652777E-02	9.32586001335884E-06	5.45669054201488E-11	7.48507533213616E-03	6.0835463894378E-06	4.10063059236776E-11	6.61829729952429E-03	1.3721099441151E-11	4.93594377916299E-11	8.07628705018758	3.65711344364255E-12	7.78016889665592E-11	28.2230978291723	1E10	1E-30	1E-10	1E10	1E-30	1E-10	1E10	1E-30	1E-10
39	3.52149758899186E-06	1E10	10638297.8723404	1E-30	1.03700195717208E-10	1E10	1E-30	1E10	3.69271815713203E-03	5.82711251874225E-05	1E10	95.3334857466773	1.33866678423647E-04	1E10	4.20732374012809	1.10162718780797E-04	1E10	0.47473762133461	9.23334264298237E-05	1E10	5.64656323438596E-02	7.70122029796547E-05	1E10	6.72879528187725E-03	1E-30	7.85592277375964E-12	4.03827055602445E-02	1E-30	2.44776036818111E-11	0.025488069899309	1E-30	2.6795064623156E-10	0.022176081885771	1.0209763973308E-05	5.22481644869537E-11	5.90788839216147E-03	6.28632195677368E-06	4.31880840672682E-11	6.03389236823676E-03	1.50390701387539E-11	5.46544286911893E-11	9.30410288226434	1.96353204573038E-12	1.17835382022519E-10	21.3482941054191	1E10	1E-30	1E-10	1E10	1E-30	1E-10	1E10	1E-30	1E-10
40	2.83375936874113E-06	1E10	10638297.8723404	1E-30	1.17604489683791E-10	1E10	1E-30	1E10	4.3777860550387E-03	5.4317834070402E-05	1E10	97.6689306656401	8.82097647356859E-05	1E10	4.58804940266503	8.1373155846483E-05	1E10	0.503334492691016	6.62129122162922E-05	1E10	6.09898731561818E-02	5.3064352920075E-05	1E10	7.45642729123781E-03	1E-30	3.09180039785512E-11	3.59607587296736E-02	1E-30	2.29731846121464E-10	2.27560925096177E-02	9.79802187005958E-06	4.27204055117725E-11	6.69059717065283E-03	3.73252486312665E-06	5.26936217194131E-11	8.25692755614405E-03	8.4887378284833E-12	1.11878192106544E-10	14.043286320648	3.16671348630344E-12	1.06773167933132E-10	29.8789070144213	1E10	1E-30	1E-10	1E10	1E-30	1E-10	1E10	1E-30	1E-10	1E10	1E-30	1E-10
41	3.52149758899186E-06	1E10	10638297.8723404	1E-30	1.03700195717208E-10	1E10	1E-30	1E10	3.69271815713203E-03	5.82711251874225E-05	1E10	95.3334857466773	1.33866678423647E-04	1E10	4.20732374012809	1.10162718780797E-04	1E10	0.47473762133461	9.23334264298237E-05	1E10	5.64656323438596E-02	7.70122029796547E-05	1E10	6.72879528187725E-03	1E-30	7.85592277375964E-12	4.03827055602445E-02	1E-30	2.44776036818111E-11	0.025488069899309	1E-30	2.6795064623156E-10	0.022176081885771	1.0209763973308E-05	5.22481644869537E-11	5.90788839216147E-03	6.28632195677368E-06	4.31880840672682E-11	6.03389236823676E-03	1.50390701387539E-11	5.46544286911893E-11	9.30410288226434	1.96353204573038E-12	1.17835382022519E-10	21.3482941054191	1E10	1E-30	1E-10	1E10	1E-30	1E-10	1E10	1E-30	1E-10
42	7.47632603097615E-06	1E10	5E6	1E-30	1.36927587566886E-10	1E10	1E-30	1E10	2.77883517994367E-03	3.44155829663455E-04	1E10	10.4595985677657	5.72921718910232E-04	1E10	1.16600902656133	4.16726041488952E-04	1E10	0.251402924790944	3.54838866570284E-04	1E10	3.94947433783931E-02	2.62362667809118E-04	1E10	6.48070444815833E-03	1E-30	9.19723634191624E-12	4.27495331154467E-02	1E-30	4.1274749319598E-11	2.23774659782188E-02	1E-30	2.26288320234083E-10	0.014210657087762	2.29811915045353E-05	6.45787376320102E-11	5.5038058378905E-03	9.34679756505108E-06	7.50542615205685E-11	6.54811473114015E-03	9.88399165093976E-12	7.13372299069773E-11	14.9878510869687	2.9847946046673E-12	8.17239491197593E-11	19.9342062565765	1E10	1E-30	1E-10	1E10	1E-30	1E-10	1E10	1E-30	1E-10
43	7.47632603097615E-06	1E10	5E6	1E-30	1.36927587566886E-10	1E10	1E-30	1E10	2.77883517994367E-03	3.44155829663455E-04	1E10	10.4595985677657	5.72921718910232E-04	1E10	1.16600902656133	4.16726041488952E-04	1E10	0.251402924790944	3.54838866570284E-04	1E10	3.94947433783931E-02	2.62362667809118E-04	1E10	6.48070444815833E-03	1E-30	9.19723634191624E-12	4.27495331154467E-02	1E-30	4.1274749319598E-11	2.23774659782188E-02	1E-30	2.26288320234083E-10	0.014210657087762	2.29811915045353E-05	6.45787376320102E-11	5.5038058378905E-03	9.34679756505108E-06	7.50542615205685E-11	6.54811473114015E-03	9.88399165093976E-12	7.13372299069773E-11	14.9878510869687	2.9847946046673E-12	8.17239491197593E-11	19.9342062565765	1E10	1E-30	1E-10	1E10	1E-30	1E-10	1E10	1E-30	1E-10
44	8.64396807519423E-06	1E10	5E6	1E-30	1.11394005688898E-10	1E10	1E-30	1E10	2.17645947494936E-03	3.36639969299376E-04	1E10	16.8862493662379	5.14209781658797E-04	1E10	1.17736500058712	5.77372091169838E-04	1E10	9.22815100259725E-02	5.76829819838497E-04	1E10	8.52653203394635E-03	5.41869436820931E-04	1E10	1.47168165471628E-03	1E-30	9.28128529359551E-12	0.117777567703195	1E-30	3.87426345774131E-11	2.81057112187565E-02	1E-30	3.37699855943767E-10	1.45518867623225E-02	2.14103747422112E-05	6.85231678091409E-11	4.16969124922737E-03	3.41196679186458E-05	2.29554534226158E-11	3.1573410298243E-03	6.71673930723974E-12	8.80762343407376E-11	10.979189086732	5.19671356008275E-12	6.19882114140255E-11	19.2257220421039	1E10	1E-30	1E-10	1E10	1E-30	1E-10	1E10	1E-30	1E-10
45	8.64396807519423E-06	1E10	5E6	1E-30	1.11394005688898E-10	1E10	1E-30	1E10	2.17645947494936E-03	3.36639969299376E-04	1E10	16.8862493662379	5.14209781658797E-04	1E10	1.17736500058712	5.77372091169838E-04	1E10	9.22815100259725E-02	5.76829819838497E-04	1E10	8.52653203394635E-03	5.41869436820931E-04	1E10	1.47168165471628E-03	1E-30	9.28128529359551E-12	0.117777567703195	1E-30	3.87426345774131E-11	2.81057112187565E-02	1E-30	3.37699855943767E-10	1.45518867623225E-02	2.14103747422112E-05	6.85231678091409E-11	4.16969124922737E-03	3.41196679186458E-05	2.29554534226158E-11	3.1573410298243E-03	6.71673930723974E-12	8.80762343407376E-11	10.979189086732	5.19671356008275E-12	6.19882114140255E-11	19.2257220421039	1E10	1E-30	1E-10	1E10	1E-30	1E-10	1E10	1E-30	1E-10
46	8.64396807519423E-06	1E10	5E6	1E-30	1.11394005688898E-10	1E10	1E-30	1E10	2.17645947494936E-03	3.36639969299376E-04	1E10	16.8862493662379	5.14209781658797E-04	1E10	1.17736500058712	5.77372091169838E-04	1E10	9.22815100259725E-02	5.76829819838497E-04	1E10	8.52653203394635E-03	5.41869436820931E-04	1E10	1.47168165471628E-03	1E-30	9.28128529359551E-12	0.117777567703195	1E-30	3.87426345774131E-11	2.81057112187565E-02	1E-30	3.37699855943767E-10	1.45518867623225E-02	2.14103747422112E-05	6.85231678091409E-11	4.16969124922737E-03	3.41196679186458E-05	2.29554534226158E-11	3.1573410298243E-03	6.71673930723974E-12	8.80762343407376E-11	10.979189086732	5.19671356008275E-12	6.19882114140255E-11	19.2257220421039	1E10	1E-30	1E-10	1E10	1E-30	1E-10	1E10	1E-30	1E-10
47	8.64396807519423E-06	1E10	5E6	1E-30	1.11394005688898E-10	1E10	1E-30	1E10	2.17645947494936E-03	3.36639969299376E-04	1E10	16.8862493662379	5.14209781658797E-04	1E10	1.17736500058712	5.77372091169838E-04	1E10	9.22815100259725E-02	5.76829819838497E-04	1E10	8.52653203394635E-03	5.41869436820931E-04	1E10	1.47168165471628E-03	1E-30	9.28128529359551E-12	0.117777567703195	1E-30	3.87426345774131E-11	2.81057112187565E-02	1E-30	3.37699855943767E-10	1.45518867623225E-02	2.14103747422112E-05	6.85231678091409E-11	4.16969124922737E-03	3.41196679186458E-05	2.29554534226158E-11	3.1573410298243E-03	6.71673930723974E-12	8.80762343407376E-11	10.979189086732	5.19671356008275E-12	6.19882114140255E-11	19.2257220421039	1E10	1E-30	1E-10	1E10	1E-30	1E-10	1E10	1E-30	1E-10
48	8.64396807519423E-06	1E10	5E6	1E-30	1.11394005688898E-10	1E10	1E-30	1E10	2.17645947494936E-03	3.36639969299376E-04	1E10	16.8862493662379	5.14209781658797E-04	1E10	1.17736500058712	5.77372091169838E-04	1E10	9.22815100259725E-02	5.76829819838497E-04	1E10	8.52653203394635E-03	5.41869436820931E-04	1E10	1.47168165471628E-03	1E-30	9.28128529359551E-12	0.117777567703195	1E-30	3.87426345774131E-11	2.81057112187565E-02	1E-30	3.37699855943767E-10	1.45518867623225E-02	2.14103747422112E-05	6.85231678091409E-11	4.16969124922737E-03	3.41196679186458E-05	2.29554534226158E-11	3.1573410298243E-03	6.71673930723974E-12	8.80762343407376E-11	10.979189086732	5.19671356008275E-12	6.19882114140255E-11	19.2257220421039	1E10	1E-30	1E-10	1E10	1E-30	1E-10	1E10	1E-30	1E-10
49	6.20364118143475E-06	1E10	5E6	1E-30	2.11560035268655E-10	1E10	1E-30	1E10	3.35848193553848E-03	1.82879797818583E-04	1E10	13.8845926877145	2.37487526566898E-04	1E10	1.11595758645833	2.36972052434765E-04	1E10	0.149442223643341	2.03668903153176E-04	1E10	2.32341950467396E-02	1.99290173573327E-04	1E10	4.47554865184063E-03	1E-30	1.70420385052417E-11	0.103941398930279	1E-30	3.25772109829171E-11	2.48033453384976E-02	1E-30	2.49134548870629E-10	1.85764384835721E-02	1.84476770147207E-05	6.20159772583416E-11	4.79042835908444E-03	1.2203794508796E-05	4.65135156288786E-11	3.75517267943385E-03	8.90608479355304E-12	7.95813995867585E-11	13.3566214624785	1E10	1E-30	1E-10	1E10	1E-30	1E-10	1E10	1E-30	1E-10	1E10	1E-30	1E-10
50	6.49324097548766E-06	1E10	5E6	1E-30	1.55427376029023E-10	1E10	1E-30	1E10	3.00364498197397E-03	1.15330915062289E-04	1E10	45.9995029681728	1.94376853068534E-04	1E10	1.68935337634228	1.75057562332408E-04	1E10	0.12983129543533	1.35992538301216E-04	1E10	1.20679917185425E-02	5.67687689907015E-04	1E10	2.28689218539412E-04	1E-30	4.13088380264741E-11	3.52989157784338E-02	1E-30	3.29608353997933E-10	1.74654093921254E-02	2.89761046583482E-05	4.14054156513715E-11	4.75591651346831E-03	1.56016623437657E-05	3.94586921141317E-11	4.16463266385581E-03	6.41700244491412E-12	1.03960953996161E-10	10.1198630234957	1E10	1E-30	1E-10	1E10	1E-30	1E-10	1E10	1E-30	1E-10	1E10	1E-30	1E-10	1E10	1E-30	1E-10
51	7.02983359292382E-06	1E10	5E6	1E-30	1.4196683417367E-10	1E10	1E-30	1E10	3.01703862345911E-03	1.74909473447164E-04	1E10	30.3309172749434	1.95995458301863E-04	1E10	2.25408419754476	1.88835701763053E-04	1E10	0.22536426402142	1.55977464017553E-04	1E10	2.57134409572396E-02	1.36542998965587E-04	1E10	3.08787351539332E-03	1E-30	1.55153531188089E-11	0.105401477801609	1E-30	3.9236269394481E-11	0.031434133858281	1E-30	3.62049781575806E-10	1.71368410699018E-02	1.61327166849097E-05	7.22498896914367E-11	4.78187667857789E-03	3.70183259796915E-05	1.70572991220218E-11	2.87992286301857E-03	7.97692963626189E-12	8.679214244804E-11	10.7065754145284	7.81918836063812E-12	4.01874680266077E-11	17.6380173235002	1E10	1E-30	1E-10	1E10	1E-30	1E-10	1E10	1E-30	1E-10
52	1.70206181946941E-05	1E10	2272727.27272727	1E-30	1.60118967609736E-10	1E10	1E-30	1E10	2.11079627614133E-03	6.6731167870997E-04	1E10	7.95005533244324	7.65010572702281E-04	1E10	0.774178575972406	7.02564852675535E-04	1E10	9.99484689284272E-02	6.44908017255839E-04	1E10	1.24198261841337E-02	6.19122678860411E-04	1E10	1.96857386104605E-03	1E-30	1.61503900270339E-11	5.44233395466582E-02	1E-30	3.65632791349571E-11	2.01523071511049E-02	1E-30	3.36699507653957E-10	1.33861029085961E-02	5.82675704631975E-05	6.4082856801607E-11	3.34594591041664E-03	2.26350936830075E-05	8.310135625701E-11	3.60655849411557E-03	4.76510898329101E-12	8.45808830670639E-11	14.7265955425725	1E10	1E-30	1E-10	1E10	1E-30	1E-10	1E10	1E-30	1E-10	1E10	1E-30	1E-10
53	1.70206181946941E-05	1E10	2272727	1E-30	1.60118967609736E-10	1E10	1E-30	1E10	2.11079627614133E-03	6.6731167870997E-04	1E10	7.95005533244324	7.65010572702281E-04	1E10	0.774178575972406	7.02564852675535E-04	1E10	9.99484689284272E-02	6.44908017255839E-04	1E10	1.24198261841337E-02	6.19122678860411E-04	1E10	1.96857386104605E-03	1E-30	1.61503900270339E-11	5.44233395466582E-02	1E-30	3.65632791349571E-11	2.01523071511049E-02	1E-30	3.36699507653957E-10	1.33861029085961E-02	5.82675704631975E-05	6.4082856801607E-11	3.34594591041664E-03	2.26350936830075E-05	8.310135625701E-11	3.60655849411557E-03	4.76510898329101E-12	8.45808830670639E-11	14.7265955425725	1E10	1E-30	1E-10	1E10	1E-30	1E-10	1E10	1E-30	1E-10	1E10	1E-30	1E-10
54	1.70206181946941E-05	1E10	2272727.27272727	1E-30	1.60118967609736E-10	1E10	1E-30	1E10	2.11079627614133E-03	6.6731167870997E-04	1E10	7.95005533244324	7.65010572702281E-04	1E10	0.774178575972406	7.02564852675535E-04	1E10	9.99484689284272E-02	6.44908017255839E-04	1E10	1.24198261841337E-02	6.19122678860411E-04	1E10	1.96857386104605E-03	1E-30	1.61503900270339E-11	5.44233395466582E-02	1E-30	3.65632791349571E-11	2.01523071511049E-02	1E-30	3.36699507653957E-10	1.33861029085961E-02	5.82675704631975E-05	6.4082856801607E-11	3.34594591041664E-03	2.26350936830075E-05	8.310135625701E-11	3.60655849411557E-03	4.76510898329101E-12	8.45808830670639E-11	14.7265955425725	1E10	1E-30	1E-10	1E10	1E-30	1E-10	1E10	1E-30	1E-10	1E10	1E-30	1E-10
55	1.70206181946941E-05	1E10	2272727.27272727	1E-30	1.60118967609736E-10	1E10	1E-30	1E10	2.11079627614133E-03	6.6731167870997E-04	1E10	7.95005533244324	7.65010572702281E-04	1E10	0.774178575972406	7.02564852675535E-04	1E10	9.99484689284272E-02	6.44908017255839E-04	1E10	1.24198261841337E-02	6.19122678860411E-04	1E10	1.96857386104605E-03	1E-30	1.61503900270339E-11	5.44233395466582E-02	1E-30	3.65632791349571E-11	2.01523071511049E-02	1E-30	3.36699507653957E-10	1.33861029085961E-02	5.82675704631975E-05	6.4082856801607E-11	3.34594591041664E-03	2.26350936830075E-05	8.310135625701E-11	3.60655849411557E-03	4.76510898329101E-12	8.45808830670639E-11	14.7265955425725	1E10	1E-30	1E-10	1E10	1E-30	1E-10	1E10	1E-30	1E-10	1E10	1E-30	1E-10
56	1.40917781872707E-05	1E10	2272727.27272727	1E-30	1.44402884427855E-10	1E10	1E-30	1E10	2.43411509620605E-03	2.82646161712055E-04	1E10	20.1120242843528	3.84902630116227E-04	1E10	1.3900871007747	3.51860939204947E-04	1E10	0.152264303451314	2.64026861478548E-04	1E10	1.93455168640045E-02	3.46169192297529E-04	1E10	1.96425546520409E-03	1E-30	1.53260508899632E-11	8.38474496894139E-02	1E-30	4.59218726138556E-11	0.025016171247012	1E-30	3.74557763559107E-10	1.39423806435595E-02	3.42719291103713E-05	7.22658032987893E-11	3.39214261636088E-03	7.49901706698172E-05	1.79155717232863E-11	2.21301783778149E-03	1.45144137396443E-11	5.81168965690938E-11	7.85420441248896	8.35274827796604E-12	3.96763797916631E-11	5.39815816019177	1E10	1E-30	1E-10	1E10	1E-30	1E-10	1E10	1E-30	1E-10
57	1.39441251484636E-05	1E10	2272727.27272727	1E-30	1.30172661512534E-10	1E10	1E-30	1E10	2.8180184506704E-03	2.6542413521795E-04	1E10	20.9294813297081	3.54791393040172E-04	1E10	1.45815683180724	3.16003064399533E-04	1E10	0.166198562928413	3.14911399192723E-04	1E10	1.69084301993615E-02	3.13809675347496E-04	1E10	3.36686155031175E-03	1E-30	1.23718231688738E-11	7.31389485604996E-02	1E-30	4.63082854379308E-11	2.87097327547525E-02	1E-30	3.31433877402045E-10	1.45365635202234E-02	3.74907156773699E-05	6.72545415576282E-11	2.86463964961863E-03	2.57037368731794E-05	4.9127265826734E-11	2.48387764533567E-03	1.18612944152386E-11	6.41827377143236E-11	8.46753786198699	6.0334156778978E-12	4.84686153745681E-11	23.1179942172768	1E10	1E-30	1E-10	1E10	1E-30	1E-10	1E10	1E-30	1E-10
58	1.70206181946941E-05	1E10	2272727.27272727	1E-30	1.60118967609736E-10	1E10	1E-30	1E10	2.11079627614133E-03	6.6731167870997E-04	1E10	7.95005533244324	7.65010572702281E-04	1E10	0.774178575972406	7.02564852675535E-04	1E10	9.99484689284272E-02	6.44908017255839E-04	1E10	1.24198261841337E-02	6.19122678860411E-04	1E10	1.96857386104605E-03	1E-30	1.61503900270339E-11	5.44233395466582E-02	1E-30	3.65632791349571E-11	2.01523071511049E-02	1E-30	3.36699507653957E-10	1.33861029085961E-02	5.82675704631975E-05	6.4082856801607E-11	3.34594591041664E-03	2.26350936830075E-05	8.310135625701E-11	3.60655849411557E-03	4.76510898329101E-12	8.45808830670639E-11	14.7265955425725	1E10	1E-30	1E-10	1E10	1E-30	1E-10	1E10	1E-30	1E-10	1E10	1E-30	1E-10
59	1.70206181946941E-05	1E10	2272727.27272727	1E-30	1.60118967609736E-10	1E10	1E-30	1E10	2.11079627614133E-03	6.6731167870997E-04	1E10	7.95005533244324	7.65010572702281E-04	1E10	0.774178575972406	7.02564852675535E-04	1E10	9.99484689284272E-02	6.44908017255839E-04	1E10	1.24198261841337E-02	6.19122678860411E-04	1E10	1.96857386104605E-03	1E-30	1.61503900270339E-11	5.44233395466582E-02	1E-30	3.65632791349571E-11	2.01523071511049E-02	1E-30	3.36699507653957E-10	1.33861029085961E-02	5.82675704631975E-05	6.4082856801607E-11	3.34594591041664E-03	2.26350936830075E-05	8.310135625701E-11	3.60655849411557E-03	4.76510898329101E-12	8.45808830670639E-11	14.7265955425725	1E10	1E-30	1E-10	1E10	1E-30	1E-10	1E10	1E-30	1E-10	1E10	1E-30	1E-10
60	3.55417108917961E-05	1E10	1063830	1E-30	9.04857635402841E-11	1E10	1E-30	1E10	1.62162590955004E-03	1.31066598487755E-03	1E10	4.04768631439342	1.7537992666447E-03	1E10	0.357408490464943	2.34016983807085E-03	1E10	2.89635089573429E-02	2.97024369739779E-03	1E10	2.18370869515026E-03	1E-30	1.39321221269194E-11	6.33981911682374E-02	1E-30	6.6229482981811E-11	2.53062139900553E-02	1E-30	3.96516162982983E-10	9.41392436564755E-03	3.10667809372999E-05	2.17628070986438E-10	2.50686081548919E-03	2.00479683605214E-11	5.82582949653783E-11	6.41559127048913	2.17444276706717E-12	1.21539714652247E-10	25.8505921212419	1E10	1E-30	1E-10	1E10	1E-30	1E-10	1E10	1E-30	1E-10	1E10	1E-30	1E-10	1E10	1E-30	1E-10
61	3.55417108917961E-05	1E10	1063829.78723404	1E-30	9.04857635402841E-11	1E10	1E-30	1E10	1.62162590955004E-03	1.31066598487755E-03	1E10	4.04768631439342	1.7537992666447E-03	1E10	0.357408490464943	2.34016983807085E-03	1E10	2.89635089573429E-02	2.97024369739779E-03	1E10	2.18370869515026E-03	1E-30	1.39321221269194E-11	6.33981911682374E-02	1E-30	6.6229482981811E-11	2.53062139900553E-02	1E-30	3.96516162982983E-10	9.41392436564755E-03	3.10667809372999E-05	2.17628070986438E-10	2.50686081548919E-03	2.00479683605214E-11	5.82582949653783E-11	6.41559127048913	2.17444276706717E-12	1.21539714652247E-10	25.8505921212419	1E10	1E-30	1E-10	1E10	1E-30	1E-10	1E10	1E-30	1E-10	1E10	1E-30	1E-10	1E10	1E-30	1E-10
END DSCRDATA
