BEGIN DSCRDATA
% INDEX	K01	L01	M01	K02	L02	M02	K03	L03	M03	K04	L04	M04	K05	L05	M05	K06	L06	M06	K07	L07	M07	K08	L08	M08	K09	L09	M09	K10	L10	M10	K11	L11	M11	K12	L12	M12	K13	L13	M13	K14	L14	M14	K15	L15	M15	K16	L16	M16	K17	L17	M17	K18	L18	M18
0	0	0	0	0	0	0	0	0	0	0	0	0	0	0	0	0	0	0	0	0	0	0	0	0	0	0	0	0	0	0	0	0	0	0	0	0	0	0	0	0	0	0	0	0	0	0	0	0	0	0	0	0	0	0
1	8.2E-9	1E10	1E11	1E-30	1.61827684043523E-12	1E10	1E-30	1E10	2.64063814669461E-03	6.18081441918877E-07	1E10	8.99205163369276	2.14397282344419E-05	1E10	1.60788630579338E-02	1E-30	9.77809858816469E-11	0.567649127870873	1E-30	3.23668975302939E-11	2.63864344470411E-02	1E-30	8.55658082784372E-11	9.40275481615406E-03	1.80255371383669E-08	8.69715622829389E-11	0.696122940690471	7.58423135488595E-09	7.01546887560851E-11	0.838810043938557	3.56745755990931E-08	7.0064324436977E-12	0.161471226843334	8.43390887255595E-09	1.6359427042452E-11	0.296885082690016	2.92007519687234E-12	1.20616337200566E-09	864.996330019956	1E10	1E-30	1E-10	1E10	1E-30	1E-10	1E10	1E-30	1E-10	1E10	1E-30	1E-10	1E10	1E-30	1E-10
2	1.00179857004351E-08	1E10	1E10	1E-30	1.29946958639205E-11	1E10	1E-30	1E10	2.75959535877953E-03	1.50887866538241E-06	1E10	1.92764402606087	1.03530875540126E-04	1E10	3.25244429221382E-03	1E-30	9.63532859986193E-11	0.575806327402322	1E-30	3.24320353226013E-11	2.20091867745297E-02	1E-30	6.89198230458808E-11	7.94685356507521E-03	2.07359653458538E-08	1.13356786935622E-10	0.858882778862142	8.85423679657016E-09	9.25526796875991E-11	0.956651537897708	3.38764909070476E-08	1.07588434215902E-11	0.226374687792198	1.12019776371769E-08	1.98030072291997E-11	0.363244026389396	6.01671959397626E-09	1.58949139897721E-11	0.142197120101021	2.77250757352106E-12	1.11457750643676E-09	1128.82221236095	1E10	1E-30	1E-10	1E10	1E-30	1E-10	1E10	1E-30	1E-10	1E10	1E-30	1E-10
3	1.49162339333175E-08	1E10	1E10	1E-30	2.13696387935103E-12	1E10	1E-30	1E10	6.60163501216021E-03	2.29044035889359E-06	1E10	2.42802109673957	2.5114179130932E-04	1E10	2.21438155841131E-03	1E-30	9.55925175585301E-11	0.402951202313118	1E-30	4.07778101411505E-11	2.91912341111075E-02	1E-30	1.17604489075594E-10	9.44609819630218E-03	4.93497891259063E-08	5.71554417655183E-11	0.322394602479681	1.45641553002415E-08	6.71517887817961E-11	0.445028436255854	1.39086603333954E-08	1.84951384143325E-11	0.137526934390013	2.47334842921023E-11	1.50334129038483E-10	14.7362765189045	2.83978395622135E-12	1.19414643337951E-09	4450.28436255855	1E10	1E-30	1E-10	1E10	1E-30	1E-10	1E10	1E-30	1E-10	1E10	1E-30	1E-10	1E10	1E-30	1E-10
4	1.49162339333175E-08	1E10	1E10	1E-30	2.13696387935103E-12	1E10	1E-30	1E10	6.60163501216021E-03	2.29044035889359E-06	1E10	2.42802109673957	2.5114179130932E-04	1E10	2.21438155841131E-03	1E-30	9.55925175585301E-11	0.402951202313118	1E-30	4.07778101411505E-11	2.91912341111075E-02	1E-30	1.17604489075594E-10	9.44609819630218E-03	4.93497891259063E-08	5.71554417655183E-11	0.322394602479681	1.45641553002415E-08	6.71517887817961E-11	0.445028436255854	1.39086603333954E-08	1.84951384143325E-11	0.137526934390013	2.47334842921023E-11	1.50334129038483E-10	14.7362765189045	2.83978395622135E-12	1.19414643337951E-09	4450.28436255855	1E10	1E-30	1E-10	1E10	1E-30	1E-10	1E10	1E-30	1E-10	1E10	1E-30	1E-10	1E10	1E-30	1E-10
5	1.65335289142961E-08	1E10	625E7	1E-30	8.23037123080291E-12	1E10	1E-30	1E10	2.26633279806461E-03	2.88895826849205E-06	1E10	1.78270245767224	2.24254552597757E-05	1E10	5.26112794148316E-02	1E-30	1.0967034478927E-10	0.642907960373485	1E-30	5.94727523914808E-11	3.99868167236156E-02	1E-30	8.79666469296901E-11	6.48510231236007E-03	3.32757778151662E-08	2.05160203772451E-10	1.56668776909913	2.35574466263501E-08	7.62242433102203E-11	0.668316914654647	3.32757778151662E-08	3.40481188107982E-11	0.384576243490232	2.19584899511677E-08	2.5086401498266E-11	0.388817620389882	2.86328894123187E-08	1.54497522411922E-11	0.242947944419409	2.09289152385923E-08	1.15115678334379E-11	0.205788111823451	1.82417921352072E-08	7.73858359812061E-12	0.142470697835927	2.91777675588521E-12	1.13031573997381E-09	1045.72197421145	1E10	1E-30	1E-10	1E10	1E-30	1E-10
6	1.79001727939856E-08	1E10	1E10	1E-30	1.1014551052049E-11	1E10	1E-30	1E10	5.19190284045763E-03	4.96409992967665E-06	1E10	0.639704809916992	1E-30	1.21446429674155E-10	0.282844781669664	1E-30	3.78006982684687E-11	1.09601510779158E-02	1E-30	1.32162910259158E-10	5.56377141621308E-03	5.53156613024919E-08	7.12925038026671E-11	0.380316032568697	1.77485275690512E-08	7.76354503693542E-11	0.457332251910213	8.14001224363196E-08	7.89010980673908E-12	6.60987286556437E-02	2.53691765732873E-08	1.47763424294388E-11	0.109696584675174	2.60923044493244E-12	1.24013960715334E-09	1227.39924133995	1E10	1E-30	1E-10	1E10	1E-30	1E-10	1E10	1E-30	1E-10	1E10	1E-30	1E-10	1E10	1E-30	1E-10	1E10	1E-30	1E-10
7	1.79001727939856E-08	1E10	1E10	1E-30	1.1014551052049E-11	1E10	1E-30	1E10	5.19190284045763E-03	4.96409992967665E-06	1E10	0.639704809916992	1E-30	1.21446429674155E-10	0.282844781669664	1E-30	3.78006982684687E-11	1.09601510779158E-02	1E-30	1.32162910259158E-10	5.56377141621308E-03	5.53156613024919E-08	7.12925038026671E-11	0.380316032568697	1.77485275690512E-08	7.76354503693542E-11	0.457332251910213	8.14001224363196E-08	7.89010980673908E-12	6.60987286556437E-02	2.53691765732873E-08	1.47763424294388E-11	0.109696584675174	2.60923044493244E-12	1.24013960715334E-09	1227.39924133995	1E10	1E-30	1E-10	1E10	1E-30	1E-10	1E10	1E-30	1E-10	1E10	1E-30	1E-10	1E10	1E-30	1E-10	1E10	1E-30	1E-10
8	2.0033194470988E-08	1E10	5E9	1E-30	4.51151214825518E-11	1E10	1E-30	1E10	2.30124451445126E-03	3.37080781670413E-06	1E10	1.28067063401052	1E-30	1.29601161796379E-10	0.414416893781849	1E-30	8.9662097597811E-11	6.41855772247417E-03	1E-30	8.36775382016367E-12	4.44055702103854E-03	3.27995872105552E-08	2.59701530479623E-10	1.53392697711934	2.37612004509419E-08	1.08261616897343E-10	0.669583411012888	3.35635877422626E-08	4.4103647567162E-11	0.351402369359053	2.54605849988048E-08	3.1950268268126E-11	0.367963452808592	4.03523078406833E-08	1.52923598509062E-11	0.21174086622654	5.83268305943064E-08	6.37491662285378E-12	0.119070639310785	4.52760340709205E-08	7.15277409547829E-12	0.103706191472487	2.43146699096272E-08	8.40377679581224E-12	0.149901053626924	4.52760340709204E-08	2.84757065675922E-12	7.86691912427113E-02	3.13233626106438E-12	1.03389041487655E-09	751.284943850916	1E10	1E-30	1E-10
9	2.13590508663723E-08	1E10	1E10	1E-30	1.10043158005489E-10	1E10	1E-30	1E10	4.56733571533279E-03	6.29393074071519E-06	1E10	0.557505920748917	1E-30	1.38490801124739E-10	0.188907623258776	1E-30	1.35338365619084E-11	0.121969005853914	1E-30	2.3519112393443E-11	1.33736355524077E-02	1E-30	1.82566431810763E-10	9.0416873160798E-03	7.17273947936886E-08	7.49303618636171E-11	0.343548460203988	2.72699949262591E-08	7.4930361863617E-11	0.422656941849646	1.16328213133654E-07	8.02893292853054E-12	5.70148526624872E-02	4.3220029317077E-08	1.36350843819181E-11	0.121895593530953	2.521776867432E-12	1.30011332040312E-09	1293.39638302312	1E10	1E-30	1E-10	1E10	1E-30	1E-10	1E10	1E-30	1E-10	1E10	1E-30	1E-10	1E10	1E-30	1E-10
10	2.13590508663723E-08	1E10	1E10	1E-30	1.10043158005489E-10	1E10	1E-30	1E10	4.56733571533279E-03	6.29393074071519E-06	1E10	0.557505920748917	1E-30	1.38490801124739E-10	0.188907623258776	1E-30	1.35338365619084E-11	0.121969005853914	1E-30	2.3519112393443E-11	1.33736355524077E-02	1E-30	1.82566431810763E-10	9.0416873160798E-03	7.17273947936886E-08	7.49303618636171E-11	0.343548460203988	2.72699949262591E-08	7.4930361863617E-11	0.422656941849646	1.16328213133654E-07	8.02893292853054E-12	5.70148526624872E-02	4.3220029317077E-08	1.36350843819181E-11	0.121895593530953	2.521776867432E-12	1.30011332040312E-09	1293.39638302312	1E10	1E-30	1E-10	1E10	1E-30	1E-10	1E10	1E-30	1E-10	1E10	1E-30	1E-10	1E10	1E-30	1E-10
11	2.67093027190336E-08	1E10	1E10	1E-30	1.93835700028289E-12	1E10	1E-30	1E10	4.39975768048885E-03	1.05035198224397E-05	1E10	0.265360687789425	1E-30	5.87500212067902E-11	1.05641992591978	1E-30	1.65580056980642E-10	0.27154173224172	1E-30	2.33888047125932E-11	7.65308583276046E-03	1E-30	1.17221703317531E-10	5.9406858109922E-03	8.36691308967524E-08	8.86701880007685E-11	0.439558450544504	3.10860297160862E-08	9.07355820054034E-11	0.470995365538766	1.20938689381913E-07	1.11629152942734E-11	7.81657742111904E-02	3.10860297160862E-08	2.61684276958111E-11	0.145551482685952	2.90111709272406E-12	1.16890072841076E-09	1489.41812248608	1E10	1E-30	1E-10	1E10	1E-30	1E-10	1E10	1E-30	1E-10	1E10	1E-30	1E-10	1E10	1E-30	1E-10
12	2.67093027190336E-08	1E10	1E10	1E-30	1.93835700028289E-12	1E10	1E-30	1E10	4.39975768048885E-03	1.05035198224397E-05	1E10	0.265360687789425	1E-30	5.87500212067902E-11	1.05641992591978	1E-30	1.65580056980642E-10	0.27154173224172	1E-30	2.33888047125932E-11	7.65308583276046E-03	1E-30	1.17221703317531E-10	5.9406858109922E-03	8.36691308967524E-08	8.86701880007685E-11	0.439558450544504	3.10860297160862E-08	9.07355820054034E-11	0.470995365538766	1.20938689381913E-07	1.11629152942734E-11	7.81657742111904E-02	3.10860297160862E-08	2.61684276958111E-11	0.145551482685952	2.90111709272406E-12	1.16890072841076E-09	1489.41812248608	1E10	1E-30	1E-10	1E10	1E-30	1E-10	1E10	1E-30	1E-10	1E10	1E-30	1E-10	1E10	1E-30	1E-10
13	2.98820002508078E-08	1E10	1E10	1E-30	5.45027547516586E-11	1E10	1E-30	1E10	3.79513543822802E-03	1.39591972353101E-05	1E10	0.190682571428084	1E-30	1.01270380902688E-10	0.295332335564783	1E-30	4.73677159197274E-11	1.07228689907572E-02	1E-30	1.27491855980469E-10	4.07672108842045E-03	7.90662128306713E-08	1.70746554949073E-10	0.639355153280321	5.34553204235359E-08	5.78564723253946E-11	0.279088646831198	8.27924886412642E-08	2.83368747083549E-11	0.149879477354301	2.07965328848903E-08	4.70275062636844E-11	0.243076049760085	4.76421044757164E-08	9.38322110148924E-12	7.34077934661494E-02	3.78434687467456E-08	6.79754278725326E-12	5.96680946535578E-02	2.61812837260014E-12	1.12811130124721E-09	967.703183993084	1E10	1E-30	1E-10	1E10	1E-30	1E-10	1E10	1E-30	1E-10	1E10	1E-30	1E-10
14	2.98820002508078E-08	1E10	1E10	1E-30	5.45027547516586E-11	1E10	1E-30	1E10	3.79513543822802E-03	1.39591972353101E-05	1E10	0.190682571428084	1E-30	1.01270380902688E-10	0.295332335564783	1E-30	4.73677159197274E-11	1.07228689907572E-02	1E-30	1.27491855980469E-10	4.07672108842045E-03	7.90662128306713E-08	1.70746554949073E-10	0.639355153280321	5.34553204235359E-08	5.78564723253946E-11	0.279088646831198	8.27924886412642E-08	2.83368747083549E-11	0.149879477354301	2.07965328848903E-08	4.70275062636844E-11	0.243076049760085	4.76421044757164E-08	9.38322110148924E-12	7.34077934661494E-02	3.78434687467456E-08	6.79754278725326E-12	5.96680946535578E-02	2.61812837260014E-12	1.12811130124721E-09	967.703183993084	1E10	1E-30	1E-10	1E10	1E-30	1E-10	1E10	1E-30	1E-10	1E10	1E-30	1E-10
15	3.15147553387074E-08	1E10	3030303030	1E-30	4.13259704436496E-12	1E10	1E-30	1E10	3.06118510796728E-03	1.72620031723876E-05	1E10	0.146169579043805	1E-30	6.39584009328387E-11	0.189663007480007	1E-30	3.4964272209226E-11	9.49002660949018E-03	1E-30	9.59786534744123E-11	3.95496358840608E-03	7.59158967393073E-08	8.14070035548356E-11	0.358500175597835	2.62807383341375E-08	7.98087203858801E-11	0.395560028675537	6.98022422737584E-08	1.36152969838198E-11	7.09503085858031E-02	3.59700701122532E-08	1.52292280211323E-11	0.118935059611072	2.02483079641611E-08	1.14206390785396E-11	5.89767164393605E-02	3.75823870886136E-12	1.00934834183518E-09	875.71476985201	1.44616591175273E-11	2.36024807282022E-10	47.0099924328276	1E10	1E-30	1E-10	1E10	1E-30	1E-10	1E10	1E-30	1E-10	1E10	1E-30	1E-10
16	3.58662837728509E-08	1E10	1E10	1E-30	3.14799614767033E-12	1E10	1E-30	1E10	3.34477532655864E-03	1.68476437474479E-05	1E10	0.177268787018373	1E-30	1.33379748820333E-10	0.229290130065849	1E-30	4.82840528426098E-11	8.6822497216735E-03	1E-30	1.26999998710902E-10	3.87821849362882E-03	8.55168455416346E-08	1.81255508671236E-10	0.727246156140474	6.48711613151184E-08	6.58098975047176E-11	0.356189763744722	9.16329509208841E-08	3.2232293902619E-11	0.178517762337569	3.03425218031916E-08	4.44929513152308E-11	0.209740082483686	5.65004195436356E-08	1.1436449442361E-11	8.34990307892373E-02	5.65004195436356E-08	6.58098975047175E-12	5.64522731783341E-02	2.64272317180283E-12	1.11761240706545E-09	815.983608009779	1E10	1E-30	1E-10	1E10	1E-30	1E-10	1E10	1E-30	1E-10	1E10	1E-30	1E-10
17	3.58662837728509E-08	1E10	1E10	1E-30	3.14799614767033E-12	1E10	1E-30	1E10	3.34477532655864E-03	1.68476437474479E-05	1E10	0.177268787018373	1E-30	1.33379748820333E-10	0.229290130065849	1E-30	4.82840528426098E-11	8.6822497216735E-03	1E-30	1.26999998710902E-10	3.87821849362882E-03	8.55168455416346E-08	1.81255508671236E-10	0.727246156140474	6.48711613151184E-08	6.58098975047176E-11	0.356189763744722	9.16329509208841E-08	3.2232293902619E-11	0.178517762337569	3.03425218031916E-08	4.44929513152308E-11	0.209740082483686	5.65004195436356E-08	1.1436449442361E-11	8.34990307892373E-02	5.65004195436356E-08	6.58098975047175E-12	5.64522731783341E-02	2.64272317180283E-12	1.11761240706545E-09	815.983608009779	1E10	1E-30	1E-10	1E10	1E-30	1E-10	1E10	1E-30	1E-10	1E10	1E-30	1E-10
18	3.76385057362036E-08	1E10	2564102564	1E-30	1.76548492877126E-11	1E10	1E-30	1E10	2.22856767727705E-03	1.66667559288147E-05	1E10	0.145653313176193	1E-30	1.34428642035451E-10	0.179192722566026	1E-30	3.78871390185775E-13	6.81271730174152E-03	1E-30	1.98834532044697E-11	3.65864581071695E-03	1E-30	1.06780465924402E-10	3.33672463673794E-03	9.45979302348212E-08	9.00453421817633E-11	0.381701175084198	3.51464636819126E-08	8.40352028578673E-11	0.381701175084198	1.16380879351389E-07	1.10779972443338E-11	6.04955593945353E-02	4.74112749612558E-08	1.63855586481984E-11	0.115271912037499	2.79178284532548E-12	1.21467824353463E-09	816.062641848469	1E10	1E-30	1E-10	1E10	1E-30	1E-10	1E10	1E-30	1E-10	1E10	1E-30	1E-10	1E10	1E-30	1E-10
19	4.26299134229101E-08	1E10	1E10	1E-30	1.36529585958586E-10	1E10	1E-30	1E10	3.3627308899126E-03	1.53163428659303E-05	1E10	0.331143598427595	1E-30	6.53413055081192E-11	1.23031512705858	1E-30	1.53174971202756E-10	0.165964944029307	1E-30	1.79964899144051E-10	5.88865842849989E-03	9.33014977619533E-08	2.51451523683588E-10	0.725695755795227	9.54747688291054E-08	6.17240297048689E-11	0.282328410535088	1.25860257371083E-07	3.55184717855665E-11	0.186532531026931	4.16762481733744E-08	4.68224647745487E-11	0.209292942139871	7.41120140143839E-08	1.2602429354634E-11	7.77597012063581E-02	7.41120140143839E-08	7.59371461545959E-12	6.46777023152173E-02	3.08950295899211E-12	1.14935521736433E-09	1204.35517510076	1E10	1E-30	1E-10	1E10	1E-30	1E-10	1E10	1E-30	1E-10	1E10	1E-30	1E-10
20	4.26299134229101E-08	1E10	1E10	1E-30	1.36529585958586E-10	1E10	1E-30	1E10	3.3627308899126E-03	1.53163428659303E-05	1E10	0.331143598427595	1E-30	6.53413055081192E-11	1.23031512705858	1E-30	1.53174971202756E-10	0.165964944029307	1E-30	1.79964899144051E-10	5.88865842849989E-03	9.33014977619533E-08	2.51451523683588E-10	0.725695755795227	9.54747688291054E-08	6.17240297048689E-11	0.282328410535088	1.25860257371083E-07	3.55184717855665E-11	0.186532531026931	4.16762481733744E-08	4.68224647745487E-11	0.209292942139871	7.41120140143839E-08	1.2602429354634E-11	7.77597012063581E-02	7.41120140143839E-08	7.59371461545959E-12	6.46777023152173E-02	3.08950295899211E-12	1.14935521736433E-09	1204.35517510076	1E10	1E-30	1E-10	1E10	1E-30	1E-10	1E10	1E-30	1E-10	1E10	1E-30	1E-10
21	4.41941666763116E-08	1E10	2127659574	1E-30	1.07147511810606E-11	1E10	1E-30	1E10	2.48311371819599E-03	2.2969795188696E-05	1E10	9.18755922386435E-02	1.86650747238169E-03	1E10	1.62311891896635E-03	1E-30	1.11924506065996E-10	0.140465165118289	1E-30	1.8497972797274E-11	6.05922069374554E-03	1E-30	1.01145851600124E-10	3.80286190104611E-03	1.10155137802847E-07	1.01081091132817E-10	0.425141617519724	4.64875746989452E-08	8.79500597631017E-11	0.392844622630783	9.14269653838752E-08	2.02794948969583E-11	8.07022602823368E-02	5.55723989152721E-08	1.91809916506788E-11	0.10688937120407	3.57186309130598E-08	1.52682855767723E-11	4.78546621909576E-02	2.87743644416161E-12	1.18697463215989E-09	1067.43465393739	1E10	1E-30	1E-10	1E10	1E-30	1E-10	1E10	1E-30	1E-10	1E10	1E-30	1E-10
22	5.22846306055054E-08	1E10	1E10	1E-30	9.97838658461324E-11	1E10	1E-30	1E10	2.99378478898186E-03	3.56582667249517E-05	1E10	7.81647988050444E-02	1E-30	7.55409875201011E-11	1.71005947169414	1E-30	1.73054404767933E-10	0.200914469209463	1E-30	1.81210207598459E-10	5.79443658634051E-03	1.11563069131321E-07	2.52826407563797E-10	0.887281524179496	1.11563069131321E-07	7.6352354448535E-11	0.329656344359717	1.31075177143939E-07	4.49595994884809E-11	0.203264454264129	4.86990459691258E-08	5.53123911989104E-11	0.222875042151561	7.03915378411586E-08	1.91788443153085E-11	9.50739282338978E-02	5.2181967902572E-08	1.48875226000288E-11	7.04792766804969E-02	2.86761242407899E-12	1.078505672789E-09	704.79276680497	1E10	1E-30	1E-10	1E10	1E-30	1E-10	1E10	1E-30	1E-10	1E10	1E-30	1E-10
23	5.22846306055054E-08	1E10	1E10	1E-30	9.97838658461324E-11	1E10	1E-30	1E10	2.99378478898186E-03	3.56582667249517E-05	1E10	7.81647988050444E-02	1E-30	7.55409875201011E-11	1.71005947169414	1E-30	1.73054404767933E-10	0.200914469209463	1E-30	1.81210207598459E-10	5.79443658634051E-03	1.11563069131321E-07	2.52826407563797E-10	0.887281524179496	1.11563069131321E-07	7.6352354448535E-11	0.329656344359717	1.31075177143939E-07	4.49595994884809E-11	0.203264454264129	4.86990459691258E-08	5.53123911989104E-11	0.222875042151561	7.03915378411586E-08	1.91788443153085E-11	9.50739282338978E-02	5.2181967902572E-08	1.48875226000288E-11	7.04792766804969E-02	2.86761242407899E-12	1.078505672789E-09	704.79276680497	1E10	1E-30	1E-10	1E10	1E-30	1E-10	1E10	1E-30	1E-10	1E10	1E-30	1E-10
24	6.53040119202028E-08	1E10	1515151515	1E-30	1.71971698635085E-11	1E10	1E-30	1E10	2.03974743622526E-03	2.34380975779685E-05	1E10	0.188472974876359	1E-30	9.78183941995513E-11	0.197355432529115	1E-30	5.01672770289947E-11	9.02088373653938E-03	1E-30	1.23146062198714E-10	3.20073033244358E-03	1.31860527147425E-07	2.13908518306832E-10	0.669063108601145	9.33501043206898E-08	7.58976063663793E-11	0.292056639672221	1.47949944853396E-07	3.31305068080566E-11	0.171975699275461	3.89148004350574E-08	5.25083147028755E-11	0.175981527911162	6.60868128256518E-08	1.41327956518337E-11	7.86080610395726E-02	5.01319742146905E-08	1.122607862184E-11	7.68187231150367E-02	3.16311373240507E-12	1.122607862184E-09	1568.43701845032	1E10	1E-30	1E-10	1E10	1E-30	1E-10	1E10	1E-30	1E-10	1E10	1E-30	1E-10
25	7.67275906829895E-08	1E10	1282051282	1E-30	8.35440934834648E-12	1E10	1E-30	1E10	1.88426798801667E-03	1.32540722858144E-05	1E10	0.775530448384822	1E-30	1.21788051818271E-10	0.160691823702497	1E-30	4.53188689760209E-11	4.24293168415211E-03	1E-30	1.07000277865208E-10	2.15719165164231E-03	1.3808773935432E-07	2.45314765502066E-10	0.750631476420844	1.06202891265152E-07	8.93059387818196E-11	0.399084870083061	1.55112989004213E-07	3.94985818608772E-11	0.16089856811354	7.11321010898846E-08	4.14931759338977E-11	0.167548130627824	1.98224026965366E-07	1.16101189613002E-11	6.46943744226136E-02	5.85169739841224E-08	2.16649834150906E-11	8.86313762295112E-02	5.29828851822961E-08	1.31889093456029E-11	7.80940724344533E-02	3.24974978396422E-12	1.10051826212786E-09	1680.72675772046	1E10	1E-30	1E-10	1E10	1E-30	1E-10	1E10	1E-30	1E-10
26	9.4E-8	1E10	1063829787	1E-30	2.99383630848193E-11	1E10	1E-30	1E10	2.14020751814295E-03	1.07712079376583E-05	1E10	2.20245494807412	1E-30	1.19695680206888E-10	0.191825806829117	1E-30	1.16971073885794E-10	5.16305835371928E-03	1.55122370691758E-07	2.5099695555194E-10	0.677639370238448	1.00155414655015E-07	1.28726646001987E-10	0.408318098438568	1.86498109296239E-07	3.97803366182734E-11	0.158854173810822	8.33056453898071E-08	4.8940505833866E-11	0.166340740374351	2.75850917837579E-07	1.07070160520011E-11	8.33678555077332E-02	4.7937395362942E-08	3.71251702361556E-11	0.100230207667271	7.42462346055027E-08	1.37933086289616E-11	7.43016794314658E-02	4.7937395362942E-08	1.28726646001987E-11	5.63635878037171E-02	3.09509820449898E-12	9.99236877923246E-10	1205.03213952677	1E10	1E-30	1E-10	1E10	1E-30	1E-10	1E10	1E-30	1E-10
27	4.66103409020765E-06	1E10	21276595.7	1E-30	2.29118149295052E-10	1E10	1E-30	1E10	6.81310943965579E-03	7.08136055242371E-04	1E10	0.603204448969172	5.85817466274964E-04	1E10	9.46922735064008E-02	5.81350266733874E-04	1E10	1.07303646124501E-02	1E-30	7.10223510558199E-11	8.52304806183326E-02	1E-30	3.348096731295E-10	0.03569735531899	1E-30	5.20165171044675E-10	5.15588471895441E-03	9.42056881380533E-06	9.13255523953994E-11	7.26747911185857E-03	2.7702569473585E-06	1.00824027539911E-10	1.00435224844494E-02	3.52399087189602E-12	9.80229740084391E-10	442.62998649798	1E10	1E-30	1E-10	1E10	1E-30	1E-10	1E10	1E-30	1E-10	1E10	1E-30	1E-10	1E10	1E-30	1E-10	1E10	1E-30	1E-10
28	4.80330478472352E-06	1E10	21276595.7	1E-30	1.43371565113574E-11	1E10	1E-30	1E10	6.31475295398125E-03	6.69027715783052E-04	1E10	0.612441309573032	6.18908649298272E-04	1E10	9.94360580148371E-02	6.30431594624206E-04	1E10	1.05207642744901E-02	1E-30	5.82818544686186E-11	8.64777576023472E-02	1E-30	3.31450356463928E-10	3.58548223142926E-02	1E-30	5.98096611756609E-10	6.11195519060042E-03	8.51296807735465E-06	1.03802100345135E-10	8.75108021043161E-03	3.03916072243136E-06	8.65813529831038E-11	8.93085305132958E-03	3.13645584629081E-12	1.22727605513016E-09	611.058785302843	1E10	1E-30	1E-10	1E10	1E-30	1E-10	1E10	1E-30	1E-10	1E10	1E-30	1E-10	1E10	1E-30	1E-10	1E10	1E-30	1E-10
29	4.59378283551286E-06	1E10	21276595.7	1E-30	4.8590844353277E-11	1E10	1E-30	1E10	7.61986831668025E-03	4.86438083204816E-04	1E10	2.30968989828954	5.53870888423404E-04	1E10	0.19223566933772	4.76437154647306E-04	1E10	1.96422242374046E-02	1E-30	7.56898362645992E-11	9.64252743772108E-02	1E-30	3.05223066188863E-10	2.72697450921415E-02	1E-30	4.93658260901128E-10	7.41383122679881E-03	1.00736695759474E-05	8.01491717404724E-11	7.85643626723457E-03	5.17666792233853E-06	5.60371321850453E-11	7.05815707985578E-03	2.9927509089521E-12	1.28038165116575E-09	706.515837832843	1E10	1E-30	1E-10	1E10	1E-30	1E-10	1E10	1E-30	1E-10	1E10	1E-30	1E-10	1E10	1E-30	1E-10	1E10	1E-30	1E-10
30	6.30125472539416E-06	1E10	14705882.4	1E-30	6.02702806943419E-12	1E10	1E-30	1E10	5.10569313073441E-03	1.29197277737799E-03	1E10	0.556506265311241	7.76722727402181E-04	1E10	0.126800334641611	8.0361045820493E-04	1E10	1.19985586825266E-02	1E-30	7.06679855933538E-11	6.79287161987478E-02	1E-30	5.69243566575831E-12	4.29113482780928E-02	1E-30	4.26983447080957E-10	3.23461590045847E-02	1E-30	6.28390170113337E-10	3.34796199964888E-03	1.24551898711889E-05	1.28671678546443E-10	8.3201676437077E-03	4.03557654928773E-06	1.34114970803844E-10	1.03776738501981E-02	2.83756120847843E-12	1.28124310895826E-09	296.860933936919	1E10	1E-30	1E-10	1E10	1E-30	1E-10	1E10	1E-30	1E-10	1E10	1E-30	1E-10	1E10	1E-30	1E-10
31	9.83381157674645E-06	1E10	1E7	1E-30	2.25315950333816E-10	1E10	1E-30	1E10	5.39345200949994E-03	1.1343874079286E-03	1E10	1.0325038398282	1.19612558894137E-03	1E10	0.107392445491372	1.08793800360658E-03	1E10	1.13873444011866E-02	1E-30	5.9934592351347E-12	0.437245333373897	1E-30	8.02192219408172E-11	6.97511316026639E-02	1E-30	4.02586700232924E-10	2.75017047570087E-02	1E-30	9.47127042435574E-10	4.80748620363797E-03	2.51670903407429E-05	8.27610946922377E-11	5.58241699594865E-03	4.53788351357436E-06	1.47025794225636E-10	9.57858965886154E-03	3.44033425977405E-12	1.06429865289247E-09	618.603408440592	1E10	1E-30	1E-10	1E10	1E-30	1E-10	1E10	1E-30	1E-10	1E10	1E-30	1E-10	1E10	1E-30	1E-10
32	9.78911088199296E-06	1E10	1E7	1E-30	3.47975896527045E-11	1E10	1E-30	1E10	5.41086099339805E-03	1.12024731070324E-03	1E10	1.02173709832849	1.28179143734064E-03	1E10	8.96403445767159E-02	1.12277171625281E-03	1E10	1.25509816298884E-02	1E-30	1.02545827769703E-11	8.74728268456742E-02	1E-30	8.40263185989352E-11	7.18015341292045E-02	1E-30	5.56650508546201E-10	2.62606134445087E-02	1E-30	4.53867042074898E-10	3.18343359319493E-03	2.02563770565815E-05	1.34883146353303E-10	8.32865535769196E-03	7.88622266060562E-06	1.24357178754402E-10	9.47492914576E-3	2.91704846663723E-12	1.18077996102054E-09	879.886403941628	1E10	1E-30	1E-10	1E10	1E-30	1E-10	1E10	1E-30	1E-10	1E10	1E-30	1E-10	1E10	1E-30	1E-10
33	9.78911088199296E-06	1E10	1E7	1E-30	3.47975896527045E-11	1E10	1E-30	1E10	5.41086099339805E-03	1.12024731070324E-03	1E10	1.02173709832849	1.28179143734064E-03	1E10	8.96403445767159E-02	1.12277171625281E-03	1E10	1.25509816298884E-02	1E-30	1.02545827769703E-11	8.74728268456742E-02	1E-30	8.40263185989352E-11	7.18015341292045E-02	1E-30	5.56650508546201E-10	2.62606134445087E-02	1E-30	4.53867042074898E-10	3.18343359319493E-03	2.02563770565815E-05	1.34883146353303E-10	8.32865535769196E-03	7.88622266060562E-06	1.24357178754402E-10	9.47492914576E-3	2.91704846663723E-12	1.18077996102054E-09	879.886403941628	1E10	1E-30	1E-10	1E10	1E-30	1E-10	1E10	1E-30	1E-10	1E10	1E-30	1E-10	1E10	1E-30	1E-10
34	9.78911088199296E-06	1E10	1E7	1E-30	3.47975896527045E-11	1E10	1E-30	1E10	5.41086099339805E-03	1.12024731070324E-03	1E10	1.02173709832849	1.28179143734064E-03	1E10	8.96403445767159E-02	1.12277171625281E-03	1E10	1.25509816298884E-02	1E-30	1.02545827769703E-11	8.74728268456742E-02	1E-30	8.40263185989352E-11	7.18015341292045E-02	1E-30	5.56650508546201E-10	2.62606134445087E-02	1E-30	4.53867042074898E-10	3.18343359319493E-03	2.02563770565815E-05	1.34883146353303E-10	8.32865535769196E-03	7.88622266060562E-06	1.24357178754402E-10	9.47492914576E-3	2.91704846663723E-12	1.18077996102054E-09	879.886403941628	1E10	1E-30	1E-10	1E10	1E-30	1E-10	1E10	1E-30	1E-10	1E10	1E-30	1E-10	1E10	1E-30	1E-10
35	9.12010839355909E-06	1E10	1E7	1E-30	7.0255885394468E-11	1E10	1E-30	1E10	3.82911037905465E-03	8.90375924109476E-04	1E10	1.23730864457637	9.55750495799782E-04	1E10	0.102261986096688	9.0041458868328E-04	1E10	1.00059045118675E-02	1E-30	8.52480809558395E-11	8.18568559126792E-02	1E-30	6.50627566376099E-10	2.94408169787304E-02	1E-30	1.42337430549695E-09	2.97380043441935E-03	2.01187902886156E-05	1.96009252139837E-10	1.25832040624264E-02	1.30963356449612E-05	8.14521133326857E-11	7.06436538746866E-03	2.62973275320364E-12	1.13529179455371E-09	462.117127625816	1E10	1E-30	1E-10	1E10	1E-30	1E-10	1E10	1E-30	1E-10	1E10	1E-30	1E-10	1E10	1E-30	1E-10	1E10	1E-30	1E-10
36	9.83381157674645E-06	1E10	1E7	1E-30	2.25315950333816E-10	1E10	1E-30	1E10	5.39345200949994E-03	1.1343874079286E-03	1E10	1.0325038398282	1.19612558894137E-03	1E10	0.107392445491372	1.08793800360658E-03	1E10	1.13873444011866E-02	1E-30	5.9934592351347E-12	0.437245333373897	1E-30	8.02192219408172E-11	6.97511316026639E-02	1E-30	4.02586700232924E-10	2.75017047570087E-02	1E-30	9.47127042435574E-10	4.80748620363797E-03	2.51670903407429E-05	8.27610946922377E-11	5.58241699594865E-03	4.53788351357436E-06	1.47025794225636E-10	9.57858965886154E-03	3.44033425977405E-12	1.06429865289247E-09	618.603408440592	1E10	1E-30	1E-10	1E10	1E-30	1E-10	1E10	1E-30	1E-10	1E10	1E-30	1E-10	1E10	1E-30	1E-10
37	1.44344447128915E-05	1E10	6666666.7	1E-30	2.13120744361411E-12	1E10	1E-30	1E10	4.91981640142274E-03	1.70093266078582E-03	1E10	0.712199021841053	1.80554233970599E-03	1E10	8.34997350497561E-02	1.54388898991358E-03	1E10	9.79587912431938E-03	1E-30	7.74012391271573E-11	8.27842667054613E-02	1E-30	4.1576824898913E-10	2.55740412053984E-02	1E-30	8.05581466920138E-10	4.58332365646609E-03	4.8765132350951E-05	7.05014353969463E-11	3.54350987446435E-03	6.86537748686958E-06	1.67786956339785E-10	8.53303759266349E-03	2.99573848796539E-12	1.18626658673997E-09	568.342839162367	1E10	1E-30	1E-10	1E10	1E-30	1E-10	1E10	1E-30	1E-10	1E10	1E-30	1E-10	1E10	1E-30	1E-10	1E10	1E-30	1E-10
38	1.3909469709903E-05	1E10	6666666.7	1E-30	1.76940542100934E-11	1E10	1E-30	1E10	3.63253357067348E-03	2.04388214018332E-03	1E10	0.435979754049561	1.48889346373806E-03	1E10	5.99535349820415E-02	2.04929743854949E-03	1E10	4.07455573559626E-03	1E-30	1.48084657394328E-11	0.10059933286459	1E-30	9.92230635604147E-11	0.073657684338775	1E-30	6.33101439407021E-10	2.35839293429453E-02	1E-30	7.0112259581713E-10	3.9402791198949E-03	2.46728911664874E-05	2.92701575483803E-10	1.37250552198013E-02	1.12509273505001E-05	1.49937643147407E-10	6.74182172562179E-03	3.19438905294123E-12	1.14028967071531E-09	518.858207124166	1E10	1E-30	1E-10	1E10	1E-30	1E-10	1E10	1E-30	1E-10	1E10	1E-30	1E-10	1E10	1E-30	1E-10
39	1.47193508549678E-05	1E10	6666666.7	1E-30	8.97966718314111E-12	1E10	1E-30	1E10	4.86991124716604E-03	1.8531813450695E-03	1E10	0.412913795408323	1.42427757153833E-03	1E10	4.92276259605114E-02	2.11493699712206E-03	1E10	2.80301550885573E-03	1E-30	7.77753319293919E-11	5.88027831630429E-02	1E-30	5.60955494573924E-12	4.49525123999641E-02	1E-30	5.10550785765212E-10	0.02604595147845	1E-30	8.37742960297786E-10	4.09628056433505E-03	4.89626278498569E-05	6.75738757756269E-11	3.03166463503367E-03	7.54187069509314E-06	1.56606869675718E-10	6.19018253257933E-03	2.90979115913529E-12	1.21569444848169E-09	438.990601222149	2.75565952846639E-11	7.71639351819447E-11	4.7490031123113	1E10	1E-30	1E-10	1E10	1E-30	1E-10	1E10	1E-30	1E-10	1E10	1E-30	1E-10
40	1.71004916479513E-05	1E10	5882352.9	1E-30	3.24535610926524E-11	1E10	1E-30	1E10	3.71579706437908E-03	2.16696980191111E-03	1E10	0.411839866266668	1.87921538428406E-03	1E10	5.93288532609308E-02	2.2948180265316E-03	1E10	5.92074094948397E-03	1E-30	7.21986758214342E-11	6.50504722439025E-02	1E-30	5.32471075714912E-10	2.61429517198131E-02	1E-30	7.95091692534538E-10	3.84132423053512E-03	3.36671158887675E-05	1.59091472139511E-10	6.07435679760519E-03	8.72255021646018E-06	2.1665336527053E-10	9.13793193813897E-03	2.89750457728662E-12	1.08393747194028E-09	1149.1697081315	1E10	1E-30	1E-10	1E10	1E-30	1E-10	1E10	1E-30	1E-10	1E10	1E-30	1E-10	1E10	1E-30	1E-10	1E10	1E-30	1E-10
41	1.68068273310006E-05	1E10	5882352.9	1E-30	1.29664200320165E-11	1E10	1E-30	1E10	4.73973394906214E-03	1.89328839503076E-03	1E10	0.680307717835687	1.79861276620096E-03	1E10	6.03082705247107E-02	1.81610083518998E-03	1E10	4.08149044343139E-03	1E-30	1.82433053080712E-11	0.169753214092433	1E-30	9.11674954032989E-11	0.05877914377494	1E-30	6.08047588233684E-10	2.37138079155737E-02	1E-30	7.85221268677257E-10	4.01206408274119E-03	3.52129036514706E-05	1.51206939760648E-10	6.21658133676791E-03	1.2286421830257E-05	1.5881473700837E-10	9.02985624437483E-03	2.8041182260749E-12	1.12438100647599E-09	888.220355804647	1E10	1E-30	1E-10	1E10	1E-30	1E-10	1E10	1E-30	1E-10	1E10	1E-30	1E-10	1E10	1E-30	1E-10
42	2.12583570042664E-05	1E10	4545454.5	1E-30	1.82521910103718E-11	1E10	1E-30	1E10	5.03104953020341E-03	2.35822356684827E-03	1E10	0.513692846708417	2.11960646081203E-03	1E10	4.96240488682922E-02	2.60484148379187E-03	1E10	4.26895316623024E-03	1E-30	1.69429391190423E-11	0.170928433897302	1E-30	8.74404219592751E-11	5.20515259768425E-02	1E-30	6.39706292292522E-10	2.38370344484348E-02	1E-30	6.43099920116048E-10	3.68612385302533E-03	4.33900099264033E-05	1.51950139767604E-10	5.36104181046165E-03	1.60966179763453E-05	1.49618312589715E-10	6.9902718702008E-03	3.13112032223341E-12	1.12976078666905E-09	468.400430102382	1E10	1E-30	1E-10	1E10	1E-30	1E-10	1E10	1E-30	1E-10	1E10	1E-30	1E-10	1E10	1E-30	1E-10
43	2.09315285369405E-05	1E10	4545454.54545454	1E-30	4.01811791119152E-11	1E10	1E-30	1E10	2.88182226882465E-03	3.19270075308362E-03	1E10	2.76066194624094E-03	1E-30	8.80737894089359E-11	2.75422870333813E-02	1E-30	7.50178807448381E-10	1.99526231496886E-02	1E-30	1.36078323444863E-09	3.01995172040197E-03	5.67278729386322E-05	1.19274165711575E-10	5.0781830039372E-03	2.71099439631013E-05	8.98749866830702E-11	5.71189758112627E-03	2.99053755075709E-12	1.24582554056701E-09	276.173928809065	1E10	1E-30	1E-10	1E10	1E-30	1E-10	1E10	1E-30	1E-10	1E10	1E-30	1E-10	1E10	1E-30	1E-10	1E10	1E-30	1E-10	1E10	1E-30	1E-10	1E10	1E-30	1E-10
44	1.93138788690702E-05	1E10	4545454.5	1E-30	1.0883455073981E-11	1E10	1E-30	1E10	2.82012274342216E-03	2.66286046228752E-03	1E10	0.318307861142023	1.80797002878137E-03	1E10	4.00894169274493E-02	2.84763580343235E-03	1E10	2.0676370105592E-03	1E-30	9.05498847852299E-11	4.48436079902276E-02	1E-30	6.59944683211077E-10	2.15352774715827E-02	1E-30	1.28947148959512E-09	3.53928994680304E-03	4.02546057257707E-05	2.2388597420711E-10	8.49109867436817E-03	2.00160437806267E-05	1.12781894682401E-10	4.91290694076427E-03	2.59365546335687E-12	1.24758668399351E-09	577.545232420554	1E10	1E-30	1E-10	1E10	1E-30	1E-10	1E10	1E-30	1E-10	1E10	1E-30	1E-10	1E10	1E-30	1E-10	1E10	1E-30	1E-10
45	1.97229760706092E-05	1E10	4545454.5	1E-30	1.07914785566033E-11	1E10	1E-30	1E10	3.04736660775014E-03	3.03752057734642E-03	1E10	0.42468020145236	1.95737613243863E-03	1E10	5.93800087866886E-02	2.21102443876416E-03	1E10	4.23255630401089E-03	1E-30	1.53900404720126E-11	0.116014905654714	1E-30	1.05967875026546E-10	5.90711569879544E-02	1E-30	7.34498221781091E-10	0.021115182824111	1E-30	1.29593708387792E-09	3.50840163866809E-03	4.03527119065779E-05	2.67910761941671E-10	1.36375679638998E-02	1.63971588176556E-05	1.60907776618262E-10	6.27587282650613E-03	2.79992392055588E-12	1.25022572983738E-09	443.937734352653	1E10	1E-30	1E-10	1E10	1E-30	1E-10	1E10	1E-30	1E-10	1E10	1E-30	1E-10	1E10	1E-30	1E-10
46	1.97229760706092E-05	1E10	4545454.5	1E-30	1.07914785566033E-11	1E10	1E-30	1E10	3.04736660775014E-03	3.03752057734642E-03	1E10	0.42468020145236	1.95737613243863E-03	1E10	5.93800087866886E-02	2.21102443876416E-03	1E10	4.23255630401089E-03	1E-30	1.53900404720126E-11	0.116014905654714	1E-30	1.05967875026546E-10	5.90711569879544E-02	1E-30	7.34498221781091E-10	0.021115182824111	1E-30	1.29593708387792E-09	3.50840163866809E-03	4.03527119065779E-05	2.67910761941671E-10	1.36375679638998E-02	1.63971588176556E-05	1.60907776618262E-10	6.27587282650613E-03	2.79992392055588E-12	1.25022572983738E-09	443.937734352653	1E10	1E-30	1E-10	1E10	1E-30	1E-10	1E10	1E-30	1E-10	1E10	1E-30	1E-10	1E10	1E-30	1E-10
47	1.97229760706092E-05	1E10	4545454.5	1E-30	1.07914785566033E-11	1E10	1E-30	1E10	3.04736660775014E-03	3.03752057734642E-03	1E10	0.42468020145236	1.95737613243863E-03	1E10	5.93800087866886E-02	2.21102443876416E-03	1E10	4.23255630401089E-03	1E-30	1.53900404720126E-11	0.116014905654714	1E-30	1.05967875026546E-10	5.90711569879544E-02	1E-30	7.34498221781091E-10	0.021115182824111	1E-30	1.29593708387792E-09	3.50840163866809E-03	4.03527119065779E-05	2.67910761941671E-10	1.36375679638998E-02	1.63971588176556E-05	1.60907776618262E-10	6.27587282650613E-03	2.79992392055588E-12	1.25022572983738E-09	443.937734352653	1E10	1E-30	1E-10	1E10	1E-30	1E-10	1E10	1E-30	1E-10	1E10	1E-30	1E-10	1E10	1E-30	1E-10
48	2.12583570042664E-05	1E10	4545454.5	1E-30	1.82521910103718E-11	1E10	1E-30	1E10	5.03104953020341E-03	2.35822356684827E-03	1E10	0.513692846708417	2.11960646081203E-03	1E10	4.96240488682922E-02	2.60484148379187E-03	1E10	4.26895316623024E-03	1E-30	1.69429391190423E-11	0.170928433897302	1E-30	8.74404219592751E-11	5.20515259768425E-02	1E-30	6.39706292292522E-10	2.38370344484348E-02	1E-30	6.43099920116048E-10	3.68612385302533E-03	4.33900099264033E-05	1.51950139767604E-10	5.36104181046165E-03	1.60966179763453E-05	1.49618312589715E-10	6.9902718702008E-03	3.13112032223341E-12	1.12976078666905E-09	468.400430102382	1E10	1E-30	1E-10	1E10	1E-30	1E-10	1E10	1E-30	1E-10	1E10	1E-30	1E-10	1E10	1E-30	1E-10
49	1.93138788690702E-05	1E10	4545454.5	1E-30	1.0883455073981E-11	1E10	1E-30	1E10	2.82012274342216E-03	2.66286046228752E-03	1E10	0.318307861142023	1.80797002878137E-03	1E10	4.00894169274493E-02	2.84763580343235E-03	1E10	2.0676370105592E-03	1E-30	9.05498847852299E-11	4.48436079902276E-02	1E-30	6.59944683211077E-10	2.15352774715827E-02	1E-30	1.28947148959512E-09	3.53928994680304E-03	4.02546057257707E-05	2.2388597420711E-10	8.49109867436817E-03	2.00160437806267E-05	1.12781894682401E-10	4.91290694076427E-03	2.59365546335687E-12	1.24758668399351E-09	577.545232420554	1E10	1E-30	1E-10	1E10	1E-30	1E-10	1E10	1E-30	1E-10	1E10	1E-30	1E-10	1E10	1E-30	1E-10	1E10	1E-30	1E-10
50	3.17868907643707E-05	1E10	3030303	1E-30	1.10267691023847E-11	1E10	1E-30	1E10	3.07497429456058E-03	4.60081357341666E-03	1E10	0.248519881524511	3.465434976511E-3	1E10	4.15561339682237E-02	4.08273670387543E-03	1E10	4.82703932965512E-03	1E-30	9.29423032408551E-11	6.50031873255331E-02	1E-30	6.92762356992444E-12	4.70618848525019E-02	1E-30	6.61660986996855E-10	2.14247713478314E-02	1E-30	1.15664587644598E-09	3.33380076390089E-03	7.58680741369295E-05	1.31624817088345E-10	3.24411032356488E-03	2.07016770254518E-05	1.76787130988561E-10	5.54823733116019E-03	2.67788623760671E-12	1.24607414883116E-09	499.487837805914	1E10	1E-30	1E-10	1E10	1E-30	1E-10	1E10	1E-30	1E-10	1E10	1E-30	1E-10	1E10	1E-30	1E-10
51	2.95137009568392E-05	1E10	3030303	1E-30	1.66951523812477E-11	1E10	1E-30	1E10	4.81577927116901E-03	4.18464998575267E-03	1E10	0.233841778267397	2.90209643884094E-03	1E10	0.037952080645126	3.7823219236186E-03	1E10	2.13930265141572E-03	1E-30	1.28182161266904E-11	9.42404806731784E-02	1E-30	1.0168390213396E-10	5.08910379518669E-02	1E-30	7.79375660164064E-10	2.20193978303553E-02	1E-30	7.50773977954131E-10	2.75413617124367E-03	6.52722936212453E-05	2.20399284982359E-10	6.33539347799279E-03	2.50573854899485E-05	1.49331381754354E-10	4.69286833117388E-03	2.87424975378328E-12	1.12987954643152E-09	511.784977704034	1E10	1E-30	1E-10	1E10	1E-30	1E-10	1E10	1E-30	1E-10	1E10	1E-30	1E-10	1E10	1E-30	1E-10
52	3.3445420060243E-05	1E10	3030303	1E-30	1.34734346739082E-11	1E10	1E-30	1E10	5.06626441031956E-03	4.18913752859287E-03	1E10	0.244229180594141	3.60640546001012E-03	1E10	3.42667470398422E-02	4.22271873340693E-03	1E10	3.39600336696347E-03	1E-30	3.24331963578932E-11	0.179845498817314	1E-30	1.33161716978323E-10	3.92430377325966E-02	1E-30	9.19422079136704E-10	1.84035627079802E-02	1E-30	9.50415904818558E-10	3.81168538927252E-03	5.9448207362018E-05	3.39324471537962E-10	7.94901660734099E-03	7.0813653990488E-05	9.08930794723964E-11	6.09888954331356E-03	2.88534325054786E-12	1.17187682580334E-09	879.570806420314	1E10	1E-30	1E-10	1E10	1E-30	1E-10	1E10	1E-30	1E-10	1E10	1E-30	1E-10	1E10	1E-30	1E-10
53	2.95137009568392E-05	1E10	3030303	1E-30	1.66951523812477E-11	1E10	1E-30	1E10	4.81577927116901E-03	4.18464998575267E-03	1E10	0.233841778267397	2.90209643884094E-03	1E10	0.037952080645126	3.7823219236186E-03	1E10	2.13930265141572E-03	1E-30	1.28182161266904E-11	9.42404806731784E-02	1E-30	1.0168390213396E-10	5.08910379518669E-02	1E-30	7.79375660164064E-10	2.20193978303553E-02	1E-30	7.50773977954131E-10	2.75413617124367E-03	6.52722936212453E-05	2.20399284982359E-10	6.33539347799279E-03	2.50573854899485E-05	1.49331381754354E-10	4.69286833117388E-03	2.87424975378328E-12	1.12987954643152E-09	511.784977704034	1E10	1E-30	1E-10	1E10	1E-30	1E-10	1E10	1E-30	1E-10	1E10	1E-30	1E-10	1E10	1E-30	1E-10
54	3.3445420060243E-05	1E10	3030303	1E-30	1.34734346739082E-11	1E10	1E-30	1E10	5.06626441031956E-03	4.18913752859287E-03	1E10	0.244229180594141	3.60640546001012E-03	1E10	3.42667470398422E-02	4.22271873340693E-03	1E10	3.39600336696347E-03	1E-30	3.24331963578932E-11	0.179845498817314	1E-30	1.33161716978323E-10	3.92430377325966E-02	1E-30	9.19422079136704E-10	1.84035627079802E-02	1E-30	9.50415904818558E-10	3.81168538927252E-03	5.9448207362018E-05	3.39324471537962E-10	7.94901660734099E-03	7.0813653990488E-05	9.08930794723964E-11	6.09888954331356E-03	2.88534325054786E-12	1.17187682580334E-09	879.570806420314	1E10	1E-30	1E-10	1E10	1E-30	1E-10	1E10	1E-30	1E-10	1E10	1E-30	1E-10	1E10	1E-30	1E-10
55	4.45982204403657E-05	1E10	2127659.57	1E-30	1.02232916682262E-11	1E10	1E-30	1E10	2.45303093816795E-03	6.63816938900595E-03	1E10	0.222128734417792	4.552432656308E-3	1E10	3.73057549994717E-02	6.33455560583577E-03	1E10	3.63521804938133E-03	1E-30	8.98122190224676E-11	2.90808856029987E-02	1E-30	8.09800185386971E-10	1.69700411427616E-02	1E-30	1.21819504683306E-09	3.19401356695247E-03	1.61189222784239E-04	1.10262147810369E-10	3.52884900835519E-03	4.72832868750347E-05	1.51801653021047E-10	5.24965386465734E-03	2.50033036491957E-12	1.19335542619845E-09	337.535647634508	1E10	1E-30	1E-10	1E10	1E-30	1E-10	1E10	1E-30	1E-10	1E10	1E-30	1E-10	1E10	1E-30	1E-10	1E10	1E-30	1E-10
56	4.32910893996181E-05	1E10	2127659.6	1E-30	7.95311286009422E-12	1E10	1E-30	1E10	3.10518387889677E-03	7.71882381589427E-03	1E10	0.156941343153175	5.7493931372495E-03	1E10	3.96982064392485E-02	4.37295608180071E-03	1E10	9.9743446807382E-03	1E-30	1.94500467160076E-11	0.263636589324384	1E-30	1.16456295463128E-10	4.08210519532669E-02	1E-30	7.9418829162888E-10	1.41294362848557E-02	1E-30	1.3328042458549E-09	3.93902589586986E-03	1.15625505252233E-04	2.36657444188593E-10	7.64699409789079E-03	8.82754255315147E-05	8.19966411555146E-11	3.49310514673984E-03	2.89469189153637E-12	1.13044417657372E-09	600.652705871423	1E10	1E-30	1E-10	1E10	1E-30	1E-10	1E10	1E-30	1E-10	1E10	1E-30	1E-10	1E10	1E-30	1E-10
57	4.25327545219846E-05	1E10	2127659.57446808	1E-30	2.83673726469746E-11	1E10	1E-30	1E10	2.65607682833368E-03	1E-30	3.10571540886776E-12	9.77237220955801E-02	1E-30	6.78198074515894E-11	2.81838293126442E-02	1E-30	2.86800777775005E-10	1.34896288259163E-02	1E-30	6.09952551059457E-10	9.54992586021425E-03	1E-30	1.3439108048822E-09	3.16227766016834E-03	9.84653020042047E-05	2.890471246788E-10	7.23471800299326E-03	6.99286760243147E-05	1.10334962546191E-10	4.02372348577695E-03	3.76732610039605E-05	7.15005977681314E-11	1.92075349806908E-03	3.1968837849051E-12	1.16541241766425E-09	274.08571747289	1E10	1E-30	1E-10	1E10	1E-30	1E-10	1E10	1E-30	1E-10	1E10	1E-30	1E-10	1E10	1E-30	1E-10	1E10	1E-30	1E-10
58	4.32910893996181E-05	1E10	2127659.6	1E-30	7.95311286009422E-12	1E10	1E-30	1E10	3.10518387889677E-03	7.71882381589427E-03	1E10	0.156941343153175	5.7493931372495E-03	1E10	3.96982064392485E-02	4.37295608180071E-03	1E10	9.9743446807382E-03	1E-30	1.94500467160076E-11	0.263636589324384	1E-30	1.16456295463128E-10	4.08210519532669E-02	1E-30	7.9418829162888E-10	1.41294362848557E-02	1E-30	1.3328042458549E-09	3.93902589586986E-03	1.15625505252233E-04	2.36657444188593E-10	7.64699409789079E-03	8.82754255315147E-05	8.19966411555146E-11	3.49310514673984E-03	2.89469189153637E-12	1.13044417657372E-09	600.652705871423	1E10	1E-30	1E-10	1E10	1E-30	1E-10	1E10	1E-30	1E-10	1E10	1E-30	1E-10	1E10	1E-30	1E-10
59	6.34651568843775E-05	1E10	1470588.2	1E-30	8.09728315890453E-12	1E10	1E-30	1E10	2.8542212488504E-03	8.77624486630597E-03	1E10	0.12644667394857	4.24611483053179E-03	1E10	2.21113212024025E-02	1E-30	1.38461067699679E-10	3.50785365569351E-02	1E-30	1.07178635711858E-09	1.31539523618317E-02	1E-30	1.23548349886776E-09	3.4272559725127E-03	2.14555796682171E-04	1.94172933276309E-10	5.02406290792101E-03	2.82694700762108E-04	4.2435984354143E-11	2.19821202747507E-03	3.64867853044879E-08	1.46244468911844E-11	1.67289783206352E-02	2.59906494760808E-12	1.26470634381399E-09	625.41513866688	1E10	1E-30	1E-10	1E10	1E-30	1E-10	1E10	1E-30	1E-10	1E10	1E-30	1E-10	1E10	1E-30	1E-10	1E10	1E-30	1E-10
60	8.86138493891559E-05	1E10	1E6	1E-30	5.31431836041164E-12	1E10	1E-30	1E10	3.02099075297535E-03	9.32929957306838E-03	1E10	6.75349360099558E-02	6.91590531767987E-03	1E10	9.98914903467286E-03	1E-30	1.47538724414688E-10	2.75124009932187E-02	1E-30	9.52590013647218E-10	1.34749912764499E-02	1E-30	1.77380561092599E-09	4.36042170424127E-03	2.93690001944556E-04	2.14222903418417E-10	3.84834696568405E-03	2.74087457415833E-04	7.60091544133452E-11	2.48470149318659E-03	2.67848465183893E-12	1.17724241544874E-09	312.805385049551	1E10	1E-30	1E-10	1E10	1E-30	1E-10	1E10	1E-30	1E-10	1E10	1E-30	1E-10	1E10	1E-30	1E-10	1E10	1E-30	1E-10	1E10	1E-30	1E-10
END DSCRDATA
