BEGIN DSCRDATA
% INDEX	K01	L01	M01	K02	L02	M02	K03	L03	M03	K04	L04	M04	K05	L05	M05	K06	L06	M06	K07	L07	M07	K08	L08	M08	K09	L09	M09	K10	L10	M10	K11	L11	M11	K12	L12	M12	K13	L13	M13	K14	L14	M14	K15	L15	M15	K16	L16	M16	K17	L17	M17	K18	L18	M18
0	0	0	0	0	0	0	0	0	0	0	0	0	0	0	0	0	0	0	0	0	0	0	0	0	0	0	0	0	0	0	0	0	0	0	0	0	0	0	0	0	0	0	0	0	0	0	0	0	0	0	0	0	0	0
1	1.04440564685465E-09	1E10	1E10	1E-30	4.22033834873376E-10	1E10	1E-30	1E10	0.339871815273391	1.38399144199819E-07	1E10	15313.7059230174	1.85407433933082E-07	1E10	2082.27254206418	1.58140166754889E-07	1E10	475.396732981667	1.49825940654812E-07	1E10	93.3657019620218	1.23730719271082E-07	1E10	20.1469432938795	8.81822727573315E-08	1E10	4.53099495974891	5.05821323806936E-08	1E10	1.07343000467571	1.38442168837321E-08	1E10	0.354938323176069	1E-30	1.06294845499124E-10	1.45627775486321	1E-30	5.84535606522032E-11	1.1059310238359	8.93603181868987E-10	4.28819718278381E-11	0.524983117789881	1.18888226988952E-11	1.67262867570685E-10	7.97541137333862	1E10	1E-30	1E-10	1E10	1E-30	1E-10	1E10	1E-30	1E-10
2	1.07172932723426E-09	1E10	1E10	1E-30	5.0912329736111E-10	1E10	1E-30	1E10	0.358554580744816	1.46289437925361E-07	1E10	14702.8118362668	1.93642468364946E-07	1E10	2032.34582381487	1.65784811682772E-07	1E10	464.515750096596	1.58472824232693E-07	1E10	91.7361323368924	1.33593345790016E-07	1E10	19.6232664631145	9.88705542737031E-08	1E10	4.40992738747341	7.0992870874021E-08	1E10	0.924944514076599	1.60609684942802E-08	1E10	0.386260113977394	1E-30	7.47511890091549E-11	1.44968180824043	1E-30	6.91478078278162E-11	1.00977159469952	9.70456001563465E-10	3.22595855148015E-11	0.408966552093609	1.37487499328726E-11	1.54870376337636E-10	9.31584282189587	1E10	1E-30	1E-10	1E10	1E-30	1E-10	1E10	1E-30	1E-10
3	1.55882234875672E-09	1E10	1E10	1E-30	4.31671246584817E-10	1E10	1E-30	1E10	0.329281123351373	2.2209120550835E-07	1E10	8996.12621941379	2.57272184511404E-07	1E10	1690.88522212204	2.2813364502974E-07	1E10	361.82672790898	2.1498132560707E-07	1E10	73.4505520745239	1.80211300047489E-07	1E10	15.8977743397446	1.32333688259755E-07	1E10	3.58200690504563	7.49822952983403E-08	1E10	0.872031034563809	2.7930611218439E-08	1E10	0.19528003378683	1E-30	5.44994762504319E-11	0.877822632348946	1E-30	3.34256681285988E-11	0.683119680726807	5.35853113732845E-10	2.84887572528112E-11	0.365754050319177	7.34574646741555E-12	3.40392557401818E-10	16.9515650593892	1E10	1E-30	1E-10	1E10	1E-30	1E-10	1E10	1E-30	1E-10
4	1.57930427603628E-09	1E10	1E10	1E-30	4.80603746821611E-10	1E10	1E-30	1E10	0.258613482254156	2.24335044500501E-07	1E10	9260.27759690577	2.59079099493836E-07	1E10	1714.60673539245	2.33154452075714E-07	1E10	363.152594651027	2.20693373378675E-07	1E10	74.8727765238426	1.87191710235318E-07	1E10	16.4897701613187	1.42654085225556E-07	1E10	3.76040231047096	8.72929074186212E-08	1E10	0.956242099429045	3.16893069541634E-08	1E10	0.259294297951521	1E-30	8.0462001201037E-11	1.19026223010779	1E-30	6.09643758455404E-11	0.834639311860484	1.82443087990258E-09	1.91704757463247E-11	0.269903448126017	9.33691626752962E-12	2.37465495314422E-10	14.9669310857509	1E10	1E-30	1E-10	1E10	1E-30	1E-10	1E10	1E-30	1E-10
5	2.23197082226987E-09	1E10	1E10	1E-30	5.1541361643277E-10	1E10	1E-30	1E10	0.196275473340574	3.00612659246908E-07	1E10	7296.27011700961	3.71682348016512E-07	1E10	1206.35432337508	3.27184068559612E-07	1E10	271.881250648704	3.06806503730337E-07	1E10	56.5025947520657	2.62019562405045E-07	1E10	12.3728566956699	2.03056484033396E-07	1E10	2.81012890950306	1.1743026488676E-07	1E10	0.750067589956396	4.15135231763754E-08	1E10	0.188020235949929	1E-30	9.22296726195193E-11	1.14410989932238	2.38283240537791E-09	3.00838914665253E-11	0.175433460683074	1.1229259187081E-11	2.13116471473736E-10	14.2076220443965	1E10	1E-30	1E-10	1E10	1E-30	1E-10	1E10	1E-30	1E-10	1E10	1E-30	1E-10
6	2.19727414744093E-09	1E10	1E10	1E-30	5.0055017255945E-10	1E10	1E-30	1E10	0.2367814055527	2.91070442723125E-07	1E10	7567.30028084415	3.68363764580834E-07	1E10	1226.0155460291	3.25994244419119E-07	1E10	271.603350620382	3.102564614803E-07	1E10	56.1101792359338	2.62623506088195E-07	1E10	12.3516267097388	2.03316069337647E-07	1E10	2.74489196659574	1.80386612243072E-07	1E10	0.645902110330408	4.67887963863709E-08	1E10	0.281176176790388	1E-30	3.63360046161684E-11	0.82332291631056	1E-30	5.7733300474089E-11	0.42819714430787	3.24824383580938E-09	1.88633104023164E-11	0.154828983650619	1.11522453047946E-11	2.28200278819384E-10	14.0713420143676	1E10	1E-30	1E-10	1E10	1E-30	1E-10	1E10	1E-30	1E-10
7	3.38797876795092E-09	1E10	1E10	1E-30	4.67894731289979E-10	1E10	1E-30	1E10	0.152772208138698	3.7143462732774E-07	1E10	4419.47328711063	4.60377214181142E-07	1E10	598.888508399979	3.99804733370284E-07	1E10	121.392791678946	3.55781447329058E-07	1E10	21.9684633832443	2.74902406907178E-07	1E10	4.19048175579481	1.67441399709195E-07	1E10	0.813228790965456	8.93963435748043E-08	1E10	0.140625341347863	1E-30	1.07590232926712E-10	1.01441934717486	1E-30	5.58329542105339E-11	0.514307083512956	2.0493308052744E-08	7.19376547432631E-12	7.47131068729605E-02	2.07220157027075E-09	3.95503997346361E-11	0.290523962591616	9.76545046099531E-12	2.25504567369737E-10	16.7798244146533	1E10	1E-30	1E-10	1E10	1E-30	1E-10	1E10	1E-30	1E-10
8	3.39454249592449E-09	1E10	1E10	1E-30	4.7296723142827E-10	1E10	1E-30	1E10	0.18310910883191	3.7237070032373E-07	1E10	4326.67165594284	4.59577593438551E-07	1E10	602.288712258722	3.99176718196082E-07	1E10	123.296452541099	3.60123698648172E-07	1E10	22.1393373352844	3.57424732862329E-07	1E10	4.28499905208621	2.44222072532203E-07	1E10	1.0271252944532	9.07623583342413E-08	1E10	0.285995373910395	1E-30	2.09111003629616E-11	0.154131387412857	1E-30	1.33391769077173E-11	0.119756519824198	4.45094900028301E-09	1.40638959386411E-11	0.100751786500567	8.51152299285899E-10	7.05766170278142E-12	0.259936552320794	7.46364464162711E-12	3.7109869339769E-10	23.0203288150918	1E10	1E-30	1E-10	1E10	1E-30	1E-10	1E10	1E-30	1E-10
9	4.87799694473276E-09	1E10	1E10	1E-30	4.49111302288835E-10	1E10	1E-30	1E10	0.120358309731464	5.6262837575636E-07	1E10	3041.82646360471	6.829234754061E-07	1E10	465.218621626212	5.94754901641429E-07	1E10	96.5137795582211	5.42219964148848E-07	1E10	18.1095625980978	4.33981113940425E-07	1E10	3.595586383659	2.85996904773297E-07	1E10	0.785586142939122	1.44131040783204E-07	1E10	0.150149281676542	1E-30	1.04808276786276E-10	0.586513217580233	1E-30	6.78007702664375E-11	0.323835683407296	8.85098495110241E-08	6.00109298445562E-12	3.93952701727258E-02	4.94038321443284E-09	3.33385677932336E-11	0.169751431590909	1.37492153994479E-11	1.5243160248111E-10	8.72959538815513	1E10	1E-30	1E-10	1E10	1E-30	1E-10	1E10	1E-30	1E-10
10	4.75430170687877E-09	1E10	1E10	1E-30	4.89480777831719E-10	1E10	1E-30	1E10	0.126202777490758	5.09947849297999E-07	1E10	3312.88812366101	6.28159580030807E-07	1E10	507.11620953935	5.42532009819796E-07	1E10	107.537222270105	4.8997967925023E-07	1E10	20.5318657373027	3.95067978485704E-07	1E10	4.00549605071307	3.37961049174649E-07	1E10	0.849104962247857	1.79905866835518E-07	1E10	0.166061997506584	1E-30	6.50455959755971E-11	0.473144931398586	1E-30	5.92653515027071E-11	0.303940225995794	6.15311971656011E-08	8.80755380349497E-12	5.77871523605034E-02	4.40278561489976E-09	3.94872310155266E-11	0.182441898847871	1.16502028762633E-11	1.58434189364253E-10	9.04882989201587	1E10	1E-30	1E-10	1E10	1E-30	1E-10	1E10	1E-30	1E-10
11	7.05176524758749E-09	1E10	1E10	1E-30	4.86154185267831E-10	1E10	1E-30	1E10	0.104478021701066	7.54425635266029E-07	1E10	2314.15512904947	9.08336247789106E-07	1E10	393.651378150192	7.71821339347749E-07	1E10	85.1779147945135	7.01533700577502E-07	1E10	16.2571250079998	5.44703155557414E-07	1E10	3.25931969353392	4.28150941410767E-07	1E10	0.592464359809852	2.6205426629288E-07	1E10	0.137991202052053	1E-30	6.23406029448628E-11	0.394079900877969	1E-30	4.64151190741069E-11	0.145391840531372	7.23852887031593E-08	9.13713595635896E-12	3.96837872256729E-02	1.16706824271545E-08	1.79456312630624E-11	9.82819212566147E-02	1.01202118533187E-11	2.29956688361763E-10	16.6428481061704	1E10	1E-30	1E-10	1E10	1E-30	1E-10	1E10	1E-30	1E-10
12	7.04579107069838E-09	1E10	1E10	1E-30	5.24281835533104E-10	1E10	1E-30	1E10	8.90474024110166E-02	8.97036998303192E-07	1E10	2153.35362786745	1.09606630699876E-06	1E10	334.747387579404	9.60510147344734E-07	1E10	70.8970819810551	8.88455493929463E-07	1E10	13.7193058631775	7.15850485318316E-07	1E10	2.84053596653187	4.75355513475296E-07	1E10	0.616814424076743	2.86648643904987E-07	1E10	0.10989695908578	1E-30	3.93914848064407E-11	0.322066057032881	1E-30	6.34056439626088E-11	0.177155794885394	5.56761580336499E-08	1.86759516496072E-11	6.82036274195568E-02	1.0761916302501E-08	3.52594765709156E-11	0.134542649774776	1.1195668458245E-11	2.07266366907969E-10	16.7261063680333	1E10	1E-30	1E-10	1E10	1E-30	1E-10	1E10	1E-30	1E-10
13	1.03975572592737E-08	1E10	1E10	1E-30	4.75468473119358E-10	1E10	1E-30	1E10	7.16214785570271E-02	1.18088786985948E-06	1E10	1602.58890124575	1.41862899518816E-06	1E10	285.698705751513	1.21021854774598E-06	1E10	63.2823836994278	1.11809047495415E-06	1E10	12.4566798654756	9.09508192534708E-07	1E10	2.56013564582448	8.19619194435343E-07	1E10	0.494078622351592	4.25224781423089E-07	1E10	9.65344686507721E-02	1E-30	6.64062622682145E-11	0.35512503343652	1E-30	7.9851002312375E-11	0.225999238150124	7.62755769993652E-08	1.74782279436501E-11	6.11384270610995E-02	1.12550437361689E-08	4.44969991157431E-11	0.122588246266869	1.44412363702719E-11	1.17133047964015E-10	5.84697176179381	1E10	1E-30	1E-10	1E10	1E-30	1E-10	1E10	1E-30	1E-10
14	1.02056682019306E-08	1E10	1E10	1E-30	4.69234124091316E-10	1E10	1E-30	1E10	7.20542091679019E-02	1.13499385470716E-06	1E10	1623.78174157912	1.34506550180821E-06	1E10	294.261000977247	1.15480907715547E-06	1E10	63.9858127577075	1.07627942750682E-06	1E10	12.2270202906024	8.3932980017003E-07	1E10	2.49805527037922	7.45532719206984E-07	1E10	0.448769963692791	4.61320293759379E-07	1E10	7.44671390098944E-02	1E-30	1.06044420252847E-10	0.238423425657823	1E-30	2.76462369509846E-11	0.145719668851818	5.81338208219446E-08	3.09519024533467E-11	0.110200107330192	1.03232601185671E-08	6.91998822525726E-11	0.157855388828464	3.47483946393008E-11	5.88765647317214E-11	2.57799191328518	1E10	1E-30	1E-10	1E10	1E-30	1E-10	1E10	1E-30	1E-10
15	1.57526955332315E-08	1E10	6666666666.66667	1E-30	4.50337519576896E-10	1E10	1E-30	1E10	9.86097101596931E-02	1.18424359320436E-06	1E10	2472.98746544326	1.62580163271935E-06	1E10	308.251101146256	1.50224842333632E-06	1E10	67.0809526674244	1.39990006864967E-06	1E10	14.2056825648698	1.1638146700191E-06	1E10	2.79333175207995	1.01626963275865E-06	1E10	0.554126191532111	7.550177933754E-07	1E10	0.128641218773805	1E-30	7.73743529912572E-11	0.229510639570682	1E-30	2.50959668204013E-11	0.03072546832854	8.51035498478564E-08	5.99898707009777E-12	1.04846740568077E-02	5.80934114778651E-12	3.77182280687141E-10	25.3342783961186	1E10	1E-30	1E-10	1E10	1E-30	1E-10	1E10	1E-30	1E-10	1E10	1E-30	1E-10
16	1.53043901285732E-08	1E10	6666666666.66667	1E-30	4.79724571394828E-10	1E10	1E-30	1E10	5.69075324663546E-02	1.70919565192366E-06	1E10	1143.57628309739	1.96061740671689E-06	1E10	231.011777928331	1.69489158074811E-06	1E10	51.3420841852202	1.60462475177936E-06	1E10	10.3692465445354	1.38232470195749E-06	1E10	2.13376976320236	1.00545206528049E-06	1E10	0.505881000837159	6.93956160398974E-07	1E10	7.90180263081427E-02	1E-30	7.21597840205741E-11	0.303184520842267	1E-30	1.0115658714015E-10	0.196409352913927	1.30763181250379E-07	1.77102255208536E-11	5.92308935427298E-02	1.54219481076715E-08	6.01478410567141E-11	0.118492642371119	1.67913051263522E-11	1.26810362916117E-10	9.42207872861771	1E10	1E-30	1E-10	1E10	1E-30	1E-10	1E10	1E-30	1E-10
17	1.57526955332315E-08	1E10	6666666666.66667	1E-30	4.50337519576896E-10	1E10	1E-30	1E10	9.86097101596931E-02	1.18424359320436E-06	1E10	2472.98746544326	1.62580163271935E-06	1E10	308.251101146256	1.50224842333632E-06	1E10	67.0809526674244	1.39990006864967E-06	1E10	14.2056825648698	1.1638146700191E-06	1E10	2.79333175207995	1.01626963275865E-06	1E10	0.554126191532111	7.550177933754E-07	1E10	0.128641218773805	1E-30	7.73743529912572E-11	0.229510639570682	1E-30	2.50959668204013E-11	0.03072546832854	8.51035498478564E-08	5.99898707009777E-12	1.04846740568077E-02	5.80934114778651E-12	3.77182280687141E-10	25.3342783961186	1E10	1E-30	1E-10	1E10	1E-30	1E-10	1E10	1E-30	1E-10	1E10	1E-30	1E-10
18	2.25774213911851E-08	1E10	4545454545.45455	1E-30	4.90537568318667E-10	1E10	1E-30	1E10	0.067186874137892	2.60326645608889E-06	1E10	742.32378135829	2.7721238168409E-06	1E10	185.743757052159	2.40643433919197E-06	1E10	40.5734681012642	2.2305340935753E-06	1E10	8.50659402853706	1.92359816892418E-06	1E10	1.7832459783808	1.49327289383252E-06	1E10	0.423494833754314	1.19359487167838E-06	1E10	6.22325010469862E-02	1E-30	9.41777125659242E-11	0.348217327388069	1E-30	5.470437711502E-11	6.42225797686195E-02	4.66585877616945E-08	2.48340440372317E-11	3.68671415712588E-02	1.10155722105776E-07	5.38255920881902E-12	1.60933495104689E-02	8.79995673924774E-12	2.3155043070276E-10	23.6930576599131	1E10	1E-30	1E-10	1E10	1E-30	1E-10	1E10	1E-30	1E-10
19	2.27669193322126E-08	1E10	4545454545.45455	1E-30	4.99136737956897E-10	1E10	1E-30	1E10	4.53401436742505E-02	2.5265950086765E-06	1E10	786.711835547886	2.85414551433072E-06	1E10	173.67671199834	2.49420043396513E-06	1E10	38.1148410636891	2.3358297505179E-06	1E10	7.80744776040869	1.99718041883538E-06	1E10	1.60745173293893	1.5406842529121E-06	1E10	0.366343229846132	1.07819412735831E-06	1E10	5.25187140919533E-02	1E-30	7.00548128609147E-11	0.236480565965958	1E-30	1.32939977648561E-10	0.192009166663229	1.54624007823524E-07	2.67871413456452E-11	6.22599125901071E-02	2.35501975343521E-08	6.86434151865894E-11	0.106883173026173	2.61064742182804E-11	6.90045420631155E-11	3.23991977839643	1E10	1E-30	1E-10	1E10	1E-30	1E-10	1E10	1E-30	1E-10
20	2.25774213911851E-08	1E10	4545454545.45455	1E-30	4.90537568318667E-10	1E10	1E-30	1E10	0.067186874137892	2.60326645608889E-06	1E10	742.32378135829	2.7721238168409E-06	1E10	185.743757052159	2.40643433919197E-06	1E10	40.5734681012642	2.2305340935753E-06	1E10	8.50659402853706	1.92359816892418E-06	1E10	1.7832459783808	1.49327289383252E-06	1E10	0.423494833754314	1.19359487167838E-06	1E10	6.22325010469862E-02	1E-30	9.41777125659242E-11	0.348217327388069	1E-30	5.470437711502E-11	6.42225797686195E-02	4.66585877616945E-08	2.48340440372317E-11	3.68671415712588E-02	1.10155722105776E-07	5.38255920881902E-12	1.60933495104689E-02	8.79995673924774E-12	2.3155043070276E-10	23.6930576599131	1E10	1E-30	1E-10	1E10	1E-30	1E-10	1E10	1E-30	1E-10
21	3.35987175423409E-08	1E10	3030303030.30303	1E-30	4.82074898948435E-10	1E10	1E-30	1E10	5.25147002092345E-02	4.0935021370965E-06	1E10	521.690375483122	4.26703124119991E-06	1E10	132.373434705221	3.82904699647472E-06	1E10	28.8959979949886	3.63765397627225E-06	1E10	6.23251738564563	3.171800312347E-06	1E10	1.35361045512931	2.81317757128401E-06	1E10	0.310800717734725	1.7477125752081E-06	1E10	6.37477301722927E-02	1E-30	4.97952965649428E-11	0.266274661311229	1E-30	7.89852454822643E-11	7.12649800487343E-02	2.86525314007354E-07	1.21529675364949E-11	1.78312396131547E-02	3.21171958244316E-08	3.80576957705652E-11	4.97591043579022E-02	8.16810617322555E-12	3.07001061494097E-10	33.0312484534095	1E10	1E-30	1E-10	1E10	1E-30	1E-10	1E10	1E-30	1E-10
22	3.35987175423409E-08	1E10	3030303030.30303	1E-30	4.82074898948435E-10	1E10	1E-30	1E10	5.25147002092345E-02	4.0935021370965E-06	1E10	521.690375483122	4.26703124119991E-06	1E10	132.373434705221	3.82904699647472E-06	1E10	28.8959979949886	3.63765397627225E-06	1E10	6.23251738564563	3.171800312347E-06	1E10	1.35361045512931	2.81317757128401E-06	1E10	0.310800717734725	1.7477125752081E-06	1E10	6.37477301722927E-02	1E-30	4.97952965649428E-11	0.266274661311229	1E-30	7.89852454822643E-11	7.12649800487343E-02	2.86525314007354E-07	1.21529675364949E-11	1.78312396131547E-02	3.21171958244316E-08	3.80576957705652E-11	4.97591043579022E-02	8.16810617322555E-12	3.07001061494097E-10	33.0312484534095	1E10	1E-30	1E-10	1E10	1E-30	1E-10	1E10	1E-30	1E-10
23	5.06917366093345E-08	1E10	2127659574.46809	1E-30	5.93329011665961E-10	1E10	1E-30	1E10	3.75351096326548E-02	6.87396001379049E-06	1E10	220.122681123552	5.73449954699256E-06	1E10	109.420658053303	4.9051546062909E-06	1E10	22.0553029122331	4.78543929565693E-06	1E10	4.51382963609026	3.91036171535787E-06	1E10	1.00654878323823	3.83676624466013E-06	1E10	0.203257036573876	1.89634280720139E-06	1E10	3.96725439958239E-02	1E-30	1.14867123789776E-10	0.111890925114399	1E-30	1.77695843717864E-11	6.15688140623095E-02	3.23055373966599E-07	2.79976420299221E-11	3.13626843101055E-02	4.12907732218833E-08	7.16351684885401E-11	6.00010342360123E-02	1.56518865493416E-11	1.23515040339567E-10	5.38698875388175	1E10	1E-30	1E-10	1E10	1E-30	1E-10	1E10	1E-30	1E-10
24	5.06917366093345E-08	1E10	2127659574.46809	1E-30	5.93329011665961E-10	1E10	1E-30	1E10	3.75351096326548E-02	6.87396001379049E-06	1E10	220.122681123552	5.73449954699256E-06	1E10	109.420658053303	4.9051546062909E-06	1E10	22.0553029122331	4.78543929565693E-06	1E10	4.51382963609026	3.91036171535787E-06	1E10	1.00654878323823	3.83676624466013E-06	1E10	0.203257036573876	1.89634280720139E-06	1E10	3.96725439958239E-02	1E-30	1.14867123789776E-10	0.111890925114399	1E-30	1.77695843717864E-11	6.15688140623095E-02	3.23055373966599E-07	2.79976420299221E-11	3.13626843101055E-02	4.12907732218833E-08	7.16351684885401E-11	6.00010342360123E-02	1.56518865493416E-11	1.23515040339567E-10	5.38698875388175	1E10	1E-30	1E-10	1E10	1E-30	1E-10	1E10	1E-30	1E-10
25	6.82915890641904E-08	1E10	1470588235.29412	1E-30	4.87299426276212E-10	1E10	1E-30	1E10	3.59742270395098E-02	5.60718371672005E-06	1E10	296.477176433776	6.72873240365522E-06	1E10	55.65529939774	5.50219312822226E-06	1E10	12.331487148476	5.16708361181536E-06	1E10	2.213758295141	4.28787224619713E-06	1E10	0.475593463076716	4.11650599754947E-06	1E10	5.63415716523844E-02	1E-30	6.25602970869973E-11	0.130998914681886	1E-30	1.08153865766245E-10	5.31777056617539E-02	1.28200751444145E-07	3.76951628404387E-11	3.10023196022142E-02	2.02893020913191E-07	8.41760253495327E-12	9.71428962277706E-03	1.37075446707389E-11	1.35211038924568E-10	6.89660544548667	1E10	1E-30	1E-10	1E10	1E-30	1E-10	1E10	1E-30	1E-10	1E10	1E-30	1E-10
26	1.00331916856826E-07	1E10	5E9	1E-30	1.12623211188958E-10	1E10	1E-30	1E10	0.063412856188501	1.34711952131881E-05	1E10	274.257478628396	1.94483230098222E-05	1E10	34.5269709219884	2.50941153505226E-05	1E10	4.44793548115734	1.77840981557919E-05	1E10	1.34325504085583	1.22925283440026E-05	1E10	0.314889717309797	1.02728216279164E-05	1E10	5.20975340059914E-02	1.18766103223519E-05	1E10	1.25532551320665E-02	1E-30	1.58301010387429E-10	7.26295709175106E-02	1E-30	2.61949130620137E-11	5.68575633366681E-02	5.40027284063788E-07	3.3747531928836E-11	1.78947064646551E-02	9.77569269819129E-12	1.31878958073941E-10	13.7857339194843	1.26836352421838E-12	4.04563138204417E-10	61.6400802235949	1E10	1E-30	1E-10	1E10	1E-30	1E-10	1E10	1E-30	1E-10
27	1.00331916856826E-07	1E10	5E9	1E-30	1.12623211188958E-10	1E10	1E-30	1E10	0.063412856188501	1.34711952131881E-05	1E10	274.257478628396	1.94483230098222E-05	1E10	34.5269709219884	2.50941153505226E-05	1E10	4.44793548115734	1.77840981557919E-05	1E10	1.34325504085583	1.22925283440026E-05	1E10	0.314889717309797	1.02728216279164E-05	1E10	5.20975340059914E-02	1.18766103223519E-05	1E10	1.25532551320665E-02	1E-30	1.58301010387429E-10	7.26295709175106E-02	1E-30	2.61949130620137E-11	5.68575633366681E-02	5.40027284063788E-07	3.3747531928836E-11	1.78947064646551E-02	9.77569269819129E-12	1.31878958073941E-10	13.7857339194843	1.26836352421838E-12	4.04563138204417E-10	61.6400802235949	1E10	1E-30	1E-10	1E10	1E-30	1E-10	1E10	1E-30	1E-10
28	9.90038296132172E-08	1E10	5E9	1E-30	3.46075029565718E-10	1E10	1E-30	1E10	6.20170911025183E-02	1.35908963654383E-05	1E10	252.417557011366	1.8643499408498E-05	1E10	31.0541437595838	1.8156023675869E-05	1E10	4.0005486776498	1.53348713975999E-05	1E10	0.503639239141288	5.54464972715499E-05	1E10	0.40005486776498	1.35424269995863E-05	1E10	9.84482482280388E-02	8.41682320824335E-06	1E10	3.63079546964093E-02	1E-30	1.50249382093592E-10	0.121902493011852	3.38207155551972E-07	2.97726138322E-11	1.56303786803244E-02	1.12418394841217E-07	3.1198318718293E-11	0.023159671299068	2.021088682046E-11	5.79312490921675E-11	9.96139311180458	1.44931678794661E-12	2.4383797031114E-10	24.9658861693447	1E10	1E-30	1E-10	1E10	1E-30	1E-10	1E10	1E-30	1E-10
29	1.00331916856826E-07	1E10	5E9	1E-30	1.12623211188958E-10	1E10	1E-30	1E10	0.063412856188501	1.34711952131881E-05	1E10	274.257478628396	1.94483230098222E-05	1E10	34.5269709219884	2.50941153505226E-05	1E10	4.44793548115734	1.77840981557919E-05	1E10	1.34325504085583	1.22925283440026E-05	1E10	0.314889717309797	1.02728216279164E-05	1E10	5.20975340059914E-02	1.18766103223519E-05	1E10	1.25532551320665E-02	1E-30	1.58301010387429E-10	7.26295709175106E-02	1E-30	2.61949130620137E-11	5.68575633366681E-02	5.40027284063788E-07	3.3747531928836E-11	1.78947064646551E-02	9.77569269819129E-12	1.31878958073941E-10	13.7857339194843	1.26836352421838E-12	4.04563138204417E-10	61.6400802235949	1E10	1E-30	1E-10	1E10	1E-30	1E-10	1E10	1E-30	1E-10
30	9.90038296132172E-08	1E10	5E9	1E-30	3.46075029565718E-10	1E10	1E-30	1E10	6.20170911025183E-02	1.35908963654383E-05	1E10	252.417557011366	1.8643499408498E-05	1E10	31.0541437595838	1.8156023675869E-05	1E10	4.0005486776498	1.53348713975999E-05	1E10	0.503639239141288	5.54464972715499E-05	1E10	0.40005486776498	1.35424269995863E-05	1E10	9.84482482280388E-02	8.41682320824335E-06	1E10	3.63079546964093E-02	1E-30	1.50249382093592E-10	0.121902493011852	3.38207155551972E-07	2.97726138322E-11	1.56303786803244E-02	1.12418394841217E-07	3.1198318718293E-11	0.023159671299068	2.021088682046E-11	5.79312490921675E-11	9.96139311180458	1.44931678794661E-12	2.4383797031114E-10	24.9658861693447	1E10	1E-30	1E-10	1E10	1E-30	1E-10	1E10	1E-30	1E-10
31	1.00331916856826E-07	1E10	5E9	1E-30	1.12623211188958E-10	1E10	1E-30	1E10	0.063412856188501	1.34711952131881E-05	1E10	274.257478628396	1.94483230098222E-05	1E10	34.5269709219884	2.50941153505226E-05	1E10	4.44793548115734	1.77840981557919E-05	1E10	1.34325504085583	1.22925283440026E-05	1E10	0.314889717309797	1.02728216279164E-05	1E10	5.20975340059914E-02	1.18766103223519E-05	1E10	1.25532551320665E-02	1E-30	1.58301010387429E-10	7.26295709175106E-02	1E-30	2.61949130620137E-11	5.68575633366681E-02	5.40027284063788E-07	3.3747531928836E-11	1.78947064646551E-02	9.77569269819129E-12	1.31878958073941E-10	13.7857339194843	1.26836352421838E-12	4.04563138204417E-10	61.6400802235949	1E10	1E-30	1E-10	1E10	1E-30	1E-10	1E10	1E-30	1E-10
32	9.90038296132172E-08	1E10	5E9	1E-30	3.46075029565718E-10	1E10	1E-30	1E10	6.20170911025183E-02	1.35908963654383E-05	1E10	252.417557011366	1.8643499408498E-05	1E10	31.0541437595838	1.8156023675869E-05	1E10	4.0005486776498	1.53348713975999E-05	1E10	0.503639239141288	5.54464972715499E-05	1E10	0.40005486776498	1.35424269995863E-05	1E10	9.84482482280388E-02	8.41682320824335E-06	1E10	3.63079546964093E-02	1E-30	1.50249382093592E-10	0.121902493011852	3.38207155551972E-07	2.97726138322E-11	1.56303786803244E-02	1.12418394841217E-07	3.1198318718293E-11	0.023159671299068	2.021088682046E-11	5.79312490921675E-11	9.96139311180458	1.44931678794661E-12	2.4383797031114E-10	24.9658861693447	1E10	1E-30	1E-10	1E10	1E-30	1E-10	1E10	1E-30	1E-10
33	9.90038296132172E-08	1E10	5E9	1E-30	3.46075029565718E-10	1E10	1E-30	1E10	6.20170911025183E-02	1.35908963654383E-05	1E10	252.417557011366	1.8643499408498E-05	1E10	31.0541437595838	1.8156023675869E-05	1E10	4.0005486776498	1.53348713975999E-05	1E10	0.503639239141288	5.54464972715499E-05	1E10	0.40005486776498	1.35424269995863E-05	1E10	9.84482482280388E-02	8.41682320824335E-06	1E10	3.63079546964093E-02	1E-30	1.50249382093592E-10	0.121902493011852	3.38207155551972E-07	2.97726138322E-11	1.56303786803244E-02	1.12418394841217E-07	3.1198318718293E-11	0.023159671299068	2.021088682046E-11	5.79312490921675E-11	9.96139311180458	1.44931678794661E-12	2.4383797031114E-10	24.9658861693447	1E10	1E-30	1E-10	1E10	1E-30	1E-10	1E10	1E-30	1E-10
34	1.02957627678069E-07	1E10	1E9	1E-30	5.52310145961794E-10	1E10	1E-30	1E10	2.55341069934772E-02	9.17597476831259E-06	1E10	196.801414903446	1.08613099080555E-05	1E10	37.5923829375489	8.88944381137502E-06	1E10	8.44453706782385	8.1087570107383E-06	1E10	1.57086909100699	7.41331612701903E-06	1E10	0.332766804911791	6.62434602939827E-06	1E10	4.24486492789613E-02	1E-30	3.05075302034202E-11	0.072656470013655	1E-30	1.53942583798014E-10	7.05644742532971E-02	7.24387805964248E-07	2.8393197443363E-11	2.05761957262943E-02	1.07811408825822E-07	7.44611851591769E-11	4.45282183012009E-02	1.77685787339166E-11	9.36108376234264E-11	4.20435534409861	1E10	1E-30	1E-10	1E10	1E-30	1E-10	1E10	1E-30	1E-10	1E10	1E-30	1E-10
35	1.20111816764591E-07	1E10	4166666666.66667	1E-30	6.84964684414425E-11	1E10	1E-30	1E10	2.38564165234197E-02	1.57852800419616E-05	1E10	351.470812849933	1.84457472926021E-05	1E10	43.2403564901316	1.6507864693971E-05	1E10	4.74121080848878	1.46225051768462E-05	1E10	0.570018913206973	1.11983936964698E-05	1E10	7.28293408685548E-02	1.17336399511605E-05	1E10	1.35605022348677E-02	1E-30	1.01183385516912E-10	0.105360362731102	5.00093851106432E-07	4.06980225284003E-11	2.02709425377304E-02	4.9348223675749E-08	7.53084495632555E-11	3.40284102507765E-02	4.68247244258899E-12	2.70596309711996E-10	43.4413287000492	2.07861467923027E-12	3.37875479580041E-10	54.7538643802487	1E10	1E-30	1E-10	1E10	1E-30	1E-10	1E10	1E-30	1E-10	1E10	1E-30	1E-10
36	1.45097524336553E-07	1E10	3333333333.33333	1E-30	1.71773259270953E-10	1E10	1E-30	1E10	7.43742322211425E-02	1.64564734185834E-05	1E10	337.135731714362	2.38472547126571E-05	1E10	28.0417287584196	2.00353093647915E-05	1E10	3.78272512588109	1.72852661147557E-05	1E10	0.274034210826746	9.75482205895163E-05	1E10	0.194001364331829	1.23950585207188E-05	1E10	3.96792118503896E-02	1E-30	1.63052976487586E-10	0.108153470868574	1E-30	8.70459104031779E-12	4.56834211157256E-02	5.40069605517948E-07	4.9253946041319E-11	2.52850449678129E-02	1.2641741690467E-07	4.49530435335156E-11	2.61997491883298E-02	9.94767072545706E-12	1.25401057676029E-10	21.1619458457057	1.75677676901061E-12	3.27473650172343E-10	63.542050291248	1E10	1E-30	1E-10	1E10	1E-30	1E-10	1E10	1E-30	1E-10
37	1.45097524336553E-07	1E10	3333333333.33333	1E-30	1.71773259270953E-10	1E10	1E-30	1E10	7.43742322211425E-02	1.64564734185834E-05	1E10	337.135731714362	2.38472547126571E-05	1E10	28.0417287584196	2.00353093647915E-05	1E10	3.78272512588109	1.72852661147557E-05	1E10	0.274034210826746	9.75482205895163E-05	1E10	0.194001364331829	1.23950585207188E-05	1E10	3.96792118503896E-02	1E-30	1.63052976487586E-10	0.108153470868574	1E-30	8.70459104031779E-12	4.56834211157256E-02	5.40069605517948E-07	4.9253946041319E-11	2.52850449678129E-02	1.2641741690467E-07	4.49530435335156E-11	2.61997491883298E-02	9.94767072545706E-12	1.25401057676029E-10	21.1619458457057	1.75677676901061E-12	3.27473650172343E-10	63.542050291248	1E10	1E-30	1E-10	1E10	1E-30	1E-10	1E10	1E-30	1E-10
38	1.8471634844155E-07	1E10	2777777777.77778	1E-30	8.00823103069654E-11	1E10	1E-30	1E10	5.93643954915651E-02	1.97811044628338E-05	1E10	280.472974491195	3.14305625558719E-05	1E10	21.2760508850753	2.43046373865836E-05	1E10	2.74088630144986	2.39784260313483E-05	1E10	0.287006029320979	1.29621916467938E-05	1E10	4.38669301717378E-02	1E-30	1.5890443484238E-10	0.093173152218042	1E-30	3.42341466792964E-11	8.39586691391851E-02	8.11657464978687E-07	4.05365232068797E-11	2.16531541310002E-02	1.25669372826207E-07	7.06144409034012E-11	2.93535147449085E-02	9.28124972753757E-12	1.03114289441252E-10	16.2470449777186	1.26036074927104E-12	3.83449914227433E-10	75.727170955838	1E10	1E-30	1E-10	1E10	1E-30	1E-10	1E10	1E-30	1E-10	1E10	1E-30	1E-10
39	1.8471634844155E-07	1E10	2777777777.77778	1E-30	8.00823103069654E-11	1E10	1E-30	1E10	5.93643954915651E-02	1.97811044628338E-05	1E10	280.472974491195	3.14305625558719E-05	1E10	21.2760508850753	2.43046373865836E-05	1E10	2.74088630144986	2.39784260313483E-05	1E10	0.287006029320979	1.29621916467938E-05	1E10	4.38669301717378E-02	1E-30	1.5890443484238E-10	0.093173152218042	1E-30	3.42341466792964E-11	8.39586691391851E-02	8.11657464978687E-07	4.05365232068797E-11	2.16531541310002E-02	1.25669372826207E-07	7.06144409034012E-11	2.93535147449085E-02	9.28124972753757E-12	1.03114289441252E-10	16.2470449777186	1.26036074927104E-12	3.83449914227433E-10	75.727170955838	1E10	1E-30	1E-10	1E10	1E-30	1E-10	1E10	1E-30	1E-10	1E10	1E-30	1E-10
40	2.14294538947093E-07	1E10	2272727272.72727	1E-30	4.32574597604698E-11	1E10	1E-30	1E10	6.34730040476165E-02	2.87171216331065E-05	1E10	138.554052461523	3.72415510037516E-05	1E10	15.5460203780151	6.3667008249714E-05	1E10	1.3231809286398	4.476766728148E-05	1E10	0.618898218605862	3.89225153860673E-05	1E10	0.155460203780151	2.15559248347376E-05	1E10	5.86480357317351E-02	2.37691329529199E-05	1E10	0.015166210081827	1E-30	2.9142920161083E-10	8.32673437741667E-02	1E-30	2.67325363376568E-11	8.14465339631514E-02	1.15729245541831E-06	3.35192386560546E-11	1.97311559886255E-02	4.8198679596181E-07	3.20992275640271E-11	2.15052086739147E-02	1.02887588583564E-11	8.15481867975001E-11	12.7281080150382	8.79069112665305E-13	4.33968501888103E-10	85.6590582117562	1E10	1E-30	1E-10	1E10	1E-30	1E-10
41	2.14294538947093E-07	1E10	2272727272.72727	1E-30	4.32574597604698E-11	1E10	1E-30	1E10	6.34730040476165E-02	2.87171216331065E-05	1E10	138.554052461523	3.72415510037516E-05	1E10	15.5460203780151	6.3667008249714E-05	1E10	1.3231809286398	4.476766728148E-05	1E10	0.618898218605862	3.89225153860673E-05	1E10	0.155460203780151	2.15559248347376E-05	1E10	5.86480357317351E-02	2.37691329529199E-05	1E10	0.015166210081827	1E-30	2.9142920161083E-10	8.32673437741667E-02	1E-30	2.67325363376568E-11	8.14465339631514E-02	1.15729245541831E-06	3.35192386560546E-11	1.97311559886255E-02	4.8198679596181E-07	3.20992275640271E-11	2.15052086739147E-02	1.02887588583564E-11	8.15481867975001E-11	12.7281080150382	8.79069112665305E-13	4.33968501888103E-10	85.6590582117562	1E10	1E-30	1E-10	1E10	1E-30	1E-10
42	2.14294538947093E-07	1E10	2272727272.72727	1E-30	4.32574597604698E-11	1E10	1E-30	1E10	6.34730040476165E-02	2.87171216331065E-05	1E10	138.554052461523	3.72415510037516E-05	1E10	15.5460203780151	6.3667008249714E-05	1E10	1.3231809286398	4.476766728148E-05	1E10	0.618898218605862	3.89225153860673E-05	1E10	0.155460203780151	2.15559248347376E-05	1E10	5.86480357317351E-02	2.37691329529199E-05	1E10	0.015166210081827	1E-30	2.9142920161083E-10	8.32673437741667E-02	1E-30	2.67325363376568E-11	8.14465339631514E-02	1.15729245541831E-06	3.35192386560546E-11	1.97311559886255E-02	4.8198679596181E-07	3.20992275640271E-11	2.15052086739147E-02	1.02887588583564E-11	8.15481867975001E-11	12.7281080150382	8.79069112665305E-13	4.33968501888103E-10	85.6590582117562	1E10	1E-30	1E-10	1E10	1E-30	1E-10
43	2.14294538947093E-07	1E10	2272727272.72727	1E-30	4.32574597604698E-11	1E10	1E-30	1E10	6.34730040476165E-02	2.87171216331065E-05	1E10	138.554052461523	3.72415510037516E-05	1E10	15.5460203780151	6.3667008249714E-05	1E10	1.3231809286398	4.476766728148E-05	1E10	0.618898218605862	3.89225153860673E-05	1E10	0.155460203780151	2.15559248347376E-05	1E10	5.86480357317351E-02	2.37691329529199E-05	1E10	0.015166210081827	1E-30	2.9142920161083E-10	8.32673437741667E-02	1E-30	2.67325363376568E-11	8.14465339631514E-02	1.15729245541831E-06	3.35192386560546E-11	1.97311559886255E-02	4.8198679596181E-07	3.20992275640271E-11	2.15052086739147E-02	1.02887588583564E-11	8.15481867975001E-11	12.7281080150382	8.79069112665305E-13	4.33968501888103E-10	85.6590582117562	1E10	1E-30	1E-10	1E10	1E-30	1E-10
44	2.14294538947093E-07	1E10	2272727272.72727	1E-30	4.32574597604698E-11	1E10	1E-30	1E10	6.34730040476165E-02	2.87171216331065E-05	1E10	138.554052461523	3.72415510037516E-05	1E10	15.5460203780151	6.3667008249714E-05	1E10	1.3231809286398	4.476766728148E-05	1E10	0.618898218605862	3.89225153860673E-05	1E10	0.155460203780151	2.15559248347376E-05	1E10	5.86480357317351E-02	2.37691329529199E-05	1E10	0.015166210081827	1E-30	2.9142920161083E-10	8.32673437741667E-02	1E-30	2.67325363376568E-11	8.14465339631514E-02	1.15729245541831E-06	3.35192386560546E-11	1.97311559886255E-02	4.8198679596181E-07	3.20992275640271E-11	2.15052086739147E-02	1.02887588583564E-11	8.15481867975001E-11	12.7281080150382	8.79069112665305E-13	4.33968501888103E-10	85.6590582117562	1E10	1E-30	1E-10	1E10	1E-30	1E-10
45	2.14294538947093E-07	1E10	2272727272.72727	1E-30	4.32574597604698E-11	1E10	1E-30	1E10	6.34730040476165E-02	2.87171216331065E-05	1E10	138.554052461523	3.72415510037516E-05	1E10	15.5460203780151	6.3667008249714E-05	1E10	1.3231809286398	4.476766728148E-05	1E10	0.618898218605862	3.89225153860673E-05	1E10	0.155460203780151	2.15559248347376E-05	1E10	5.86480357317351E-02	2.37691329529199E-05	1E10	0.015166210081827	1E-30	2.9142920161083E-10	8.32673437741667E-02	1E-30	2.67325363376568E-11	8.14465339631514E-02	1.15729245541831E-06	3.35192386560546E-11	1.97311559886255E-02	4.8198679596181E-07	3.20992275640271E-11	2.15052086739147E-02	1.02887588583564E-11	8.15481867975001E-11	12.7281080150382	8.79069112665305E-13	4.33968501888103E-10	85.6590582117562	1E10	1E-30	1E-10	1E10	1E-30	1E-10
46	2.74234743021507E-07	1E10	1851851851.85185	1E-30	1.72535917136118E-10	1E10	1E-30	1E10	4.18611690653706E-02	2.84707474679195E-05	1E10	154.789924195161	4.22182752498026E-05	1E10	15.8395444704577	3.26465639680933E-05	1E10	2.04052860630906	3.1475236712044E-05	1E10	0.223739512542433	1.75074755639295E-05	1E10	3.24782150211358E-02	1E-30	2.57779523826437E-10	7.86976200331927E-02	1E-30	1.80171215533466E-11	0.040588201566791	2.20571811300292E-06	2.86205652554856E-11	1.22171519619979E-02	4.84285712016333E-07	5.5327605460909E-11	2.37030746795967E-02	1.62356256102303E-11	9.38523630179478E-11	14.4497343663016	2.49858978940583E-12	2.93236523151748E-10	28.4379771194266	3.52935188614679E-12	1.14082245667191E-10	34.1899684831503	1E10	1E-30	1E-10	1E10	1E-30	1E-10	1E10	1E-30	1E-10
47	4.12213161438312E-07	1E10	1282051282.05128	1E-30	1.38017189882366E-10	1E10	1E-30	1E10	2.36704703211312E-02	4.32500964204437E-05	1E10	91.9968718362585	6.43979928446809E-05	1E10	8.99027673698932	5.33783385796343E-05	1E10	1.36073344818245	5.22452812369887E-05	1E10	0.129949035456563	5.54271107264755E-05	1E10	2.87142773646098E-02	3.57558332174439E-05	1E10	8.02922278972501E-03	1E-30	2.00090615794294E-11	7.59894754764744E-02	1E-30	1.79920633865005E-10	0.069720063174981	2.47960046687572E-06	3.09239431659788E-11	1.36281483885438E-02	2.67431493747861E-07	9.74346764883235E-11	0.026692279343206	2.19776853057953E-11	7.17147297968125E-11	6.60197359771794	1.12360827894016E-12	3.79014547082995E-10	87.1016743569947	1E10	1E-30	1E-10	1E10	1E-30	1E-10	1E10	1E-30	1E-10
48	4.12213161438312E-07	1E10	1282051282.05128	1E-30	1.38017189882366E-10	1E10	1E-30	1E10	2.36704703211312E-02	4.32500964204437E-05	1E10	91.9968718362585	6.43979928446809E-05	1E10	8.99027673698932	5.33783385796343E-05	1E10	1.36073344818245	5.22452812369887E-05	1E10	0.129949035456563	5.54271107264755E-05	1E10	2.87142773646098E-02	3.57558332174439E-05	1E10	8.02922278972501E-03	1E-30	2.00090615794294E-11	7.59894754764744E-02	1E-30	1.79920633865005E-10	0.069720063174981	2.47960046687572E-06	3.09239431659788E-11	1.36281483885438E-02	2.67431493747861E-07	9.74346764883235E-11	0.026692279343206	2.19776853057953E-11	7.17147297968125E-11	6.60197359771794	1.12360827894016E-12	3.79014547082995E-10	87.1016743569947	1E10	1E-30	1E-10	1E10	1E-30	1E-10	1E10	1E-30	1E-10
49	4.12213161438312E-07	1E10	1282051282.05128	1E-30	1.38017189882366E-10	1E10	1E-30	1E10	2.36704703211312E-02	4.32500964204437E-05	1E10	91.9968718362585	6.43979928446809E-05	1E10	8.99027673698932	5.33783385796343E-05	1E10	1.36073344818245	5.22452812369887E-05	1E10	0.129949035456563	5.54271107264755E-05	1E10	2.87142773646098E-02	3.57558332174439E-05	1E10	8.02922278972501E-03	1E-30	2.00090615794294E-11	7.59894754764744E-02	1E-30	1.79920633865005E-10	0.069720063174981	2.47960046687572E-06	3.09239431659788E-11	1.36281483885438E-02	2.67431493747861E-07	9.74346764883235E-11	0.026692279343206	2.19776853057953E-11	7.17147297968125E-11	6.60197359771794	1.12360827894016E-12	3.79014547082995E-10	87.1016743569947	1E10	1E-30	1E-10	1E10	1E-30	1E-10	1E10	1E-30	1E-10
50	4.12213161438312E-07	1E10	1282051282.05128	1E-30	1.38017189882366E-10	1E10	1E-30	1E10	2.36704703211312E-02	4.32500964204437E-05	1E10	91.9968718362585	6.43979928446809E-05	1E10	8.99027673698932	5.33783385796343E-05	1E10	1.36073344818245	5.22452812369887E-05	1E10	0.129949035456563	5.54271107264755E-05	1E10	2.87142773646098E-02	3.57558332174439E-05	1E10	8.02922278972501E-03	1E-30	2.00090615794294E-11	7.59894754764744E-02	1E-30	1.79920633865005E-10	0.069720063174981	2.47960046687572E-06	3.09239431659788E-11	1.36281483885438E-02	2.67431493747861E-07	9.74346764883235E-11	0.026692279343206	2.19776853057953E-11	7.17147297968125E-11	6.60197359771794	1.12360827894016E-12	3.79014547082995E-10	87.1016743569947	1E10	1E-30	1E-10	1E10	1E-30	1E-10	1E10	1E-30	1E-10
51	4.12213161438312E-07	1E10	1282051282.05128	1E-30	1.38017189882366E-10	1E10	1E-30	1E10	2.36704703211312E-02	4.32500964204437E-05	1E10	91.9968718362585	6.43979928446809E-05	1E10	8.99027673698932	5.33783385796343E-05	1E10	1.36073344818245	5.22452812369887E-05	1E10	0.129949035456563	5.54271107264755E-05	1E10	2.87142773646098E-02	3.57558332174439E-05	1E10	8.02922278972501E-03	1E-30	2.00090615794294E-11	7.59894754764744E-02	1E-30	1.79920633865005E-10	0.069720063174981	2.47960046687572E-06	3.09239431659788E-11	1.36281483885438E-02	2.67431493747861E-07	9.74346764883235E-11	0.026692279343206	2.19776853057953E-11	7.17147297968125E-11	6.60197359771794	1.12360827894016E-12	3.79014547082995E-10	87.1016743569947	1E10	1E-30	1E-10	1E10	1E-30	1E-10	1E10	1E-30	1E-10
52	4.12213161438312E-07	1E10	1282051282.05128	1E-30	1.38017189882366E-10	1E10	1E-30	1E10	2.36704703211312E-02	4.32500964204437E-05	1E10	91.9968718362585	6.43979928446809E-05	1E10	8.99027673698932	5.33783385796343E-05	1E10	1.36073344818245	5.22452812369887E-05	1E10	0.129949035456563	5.54271107264755E-05	1E10	2.87142773646098E-02	3.57558332174439E-05	1E10	8.02922278972501E-03	1E-30	2.00090615794294E-11	7.59894754764744E-02	1E-30	1.79920633865005E-10	0.069720063174981	2.47960046687572E-06	3.09239431659788E-11	1.36281483885438E-02	2.67431493747861E-07	9.74346764883235E-11	0.026692279343206	2.19776853057953E-11	7.17147297968125E-11	6.60197359771794	1.12360827894016E-12	3.79014547082995E-10	87.1016743569947	1E10	1E-30	1E-10	1E10	1E-30	1E-10	1E10	1E-30	1E-10
53	4.50514720242612E-07	1E10	1063829787.23404	1E-30	3.13423963285837E-10	1E10	1E-30	1E10	3.81617017171389E-02	5.77613181267323E-05	1E10	68.8847433946618	7.66517980750306E-05	1E10	7.5530619179165	5.92945895949762E-05	1E10	1.22496320844542	5.70288644126163E-05	1E10	0.131257172605506	2.93485612446721E-05	1E10	3.59903719188366E-02	1E-30	2.66608608730965E-11	0.104989788257221	1E-30	2.15777126356158E-10	6.52045055879566E-02	1.26371402320915E-06	6.80324809465733E-11	1.81104868637432E-02	4.92054761852711E-07	6.33525916533198E-11	2.25960629225544E-02	1.81831949283362E-11	6.82367428385715E-11	5.71422066774402	2.46930738677597E-12	1.39895962254809E-10	29.7741793115642	1E10	1E-30	1E-10	1E10	1E-30	1E-10	1E10	1E-30	1E-10	1E10	1E-30	1E-10
54	4.50514720242612E-07	1E10	1063829787.23404	1E-30	3.13423963285837E-10	1E10	1E-30	1E10	3.81617017171389E-02	5.77613181267323E-05	1E10	68.8847433946618	7.66517980750306E-05	1E10	7.5530619179165	5.92945895949762E-05	1E10	1.22496320844542	5.70288644126163E-05	1E10	0.131257172605506	2.93485612446721E-05	1E10	3.59903719188366E-02	1E-30	2.66608608730965E-11	0.104989788257221	1E-30	2.15777126356158E-10	6.52045055879566E-02	1.26371402320915E-06	6.80324809465733E-11	1.81104868637432E-02	4.92054761852711E-07	6.33525916533198E-11	2.25960629225544E-02	1.81831949283362E-11	6.82367428385715E-11	5.71422066774402	2.46930738677597E-12	1.39895962254809E-10	29.7741793115642	1E10	1E-30	1E-10	1E10	1E-30	1E-10	1E10	1E-30	1E-10	1E10	1E-30	1E-10
55	4.50514720242612E-07	1E10	1063829787.23404	1E-30	3.13423963285837E-10	1E10	1E-30	1E10	3.81617017171389E-02	5.77613181267323E-05	1E10	68.8847433946618	7.66517980750306E-05	1E10	7.5530619179165	5.92945895949762E-05	1E10	1.22496320844542	5.70288644126163E-05	1E10	0.131257172605506	2.93485612446721E-05	1E10	3.59903719188366E-02	1E-30	2.66608608730965E-11	0.104989788257221	1E-30	2.15777126356158E-10	6.52045055879566E-02	1.26371402320915E-06	6.80324809465733E-11	1.81104868637432E-02	4.92054761852711E-07	6.33525916533198E-11	2.25960629225544E-02	1.81831949283362E-11	6.82367428385715E-11	5.71422066774402	2.46930738677597E-12	1.39895962254809E-10	29.7741793115642	1E10	1E-30	1E-10	1E10	1E-30	1E-10	1E10	1E-30	1E-10	1E10	1E-30	1E-10
56	4.50514720242612E-07	1E10	1063829787.23404	1E-30	3.13423963285837E-10	1E10	1E-30	1E10	3.81617017171389E-02	5.77613181267323E-05	1E10	68.8847433946618	7.66517980750306E-05	1E10	7.5530619179165	5.92945895949762E-05	1E10	1.22496320844542	5.70288644126163E-05	1E10	0.131257172605506	2.93485612446721E-05	1E10	3.59903719188366E-02	1E-30	2.66608608730965E-11	0.104989788257221	1E-30	2.15777126356158E-10	6.52045055879566E-02	1.26371402320915E-06	6.80324809465733E-11	1.81104868637432E-02	4.92054761852711E-07	6.33525916533198E-11	2.25960629225544E-02	1.81831949283362E-11	6.82367428385715E-11	5.71422066774402	2.46930738677597E-12	1.39895962254809E-10	29.7741793115642	1E10	1E-30	1E-10	1E10	1E-30	1E-10	1E10	1E-30	1E-10	1E10	1E-30	1E-10
57	4.50514720242612E-07	1E10	1063829787.23404	1E-30	3.13423963285837E-10	1E10	1E-30	1E10	3.81617017171389E-02	5.77613181267323E-05	1E10	68.8847433946618	7.66517980750306E-05	1E10	7.5530619179165	5.92945895949762E-05	1E10	1.22496320844542	5.70288644126163E-05	1E10	0.131257172605506	2.93485612446721E-05	1E10	3.59903719188366E-02	1E-30	2.66608608730965E-11	0.104989788257221	1E-30	2.15777126356158E-10	6.52045055879566E-02	1.26371402320915E-06	6.80324809465733E-11	1.81104868637432E-02	4.92054761852711E-07	6.33525916533198E-11	2.25960629225544E-02	1.81831949283362E-11	6.82367428385715E-11	5.71422066774402	2.46930738677597E-12	1.39895962254809E-10	29.7741793115642	1E10	1E-30	1E-10	1E10	1E-30	1E-10	1E10	1E-30	1E-10	1E10	1E-30	1E-10
58	4.50514720242612E-07	1E10	1063829787.23404	1E-30	3.13423963285837E-10	1E10	1E-30	1E10	3.81617017171389E-02	5.77613181267323E-05	1E10	68.8847433946618	7.66517980750306E-05	1E10	7.5530619179165	5.92945895949762E-05	1E10	1.22496320844542	5.70288644126163E-05	1E10	0.131257172605506	2.93485612446721E-05	1E10	3.59903719188366E-02	1E-30	2.66608608730965E-11	0.104989788257221	1E-30	2.15777126356158E-10	6.52045055879566E-02	1.26371402320915E-06	6.80324809465733E-11	1.81104868637432E-02	4.92054761852711E-07	6.33525916533198E-11	2.25960629225544E-02	1.81831949283362E-11	6.82367428385715E-11	5.71422066774402	2.46930738677597E-12	1.39895962254809E-10	29.7741793115642	1E10	1E-30	1E-10	1E10	1E-30	1E-10	1E10	1E-30	1E-10	1E10	1E-30	1E-10
59	5.46772725969443E-07	1E10	892857142.857143	1E-30	1.18927104848451E-10	1E10	1E-30	1E10	9.29149420505304E-03	7.91767253121315E-05	1E10	29.2891078985844	8.33286393049727E-05	1E10	3.86105638536145	7.01155499381969E-05	1E10	0.443308587165642	1.11689151481722E-04	1E10	4.33217651747598E-02	3.87224582187315E-05	1E10	2.45008369811029E-02	1E-30	1.41771833522569E-11	6.02523229147876E-02	1E-30	2.83325232390675E-10	5.56541882686696E-02	2.41290093245178E-06	5.11837238829676E-11	1.91344579706278E-02	8.26791082749219E-07	5.99674573814071E-11	2.09471812803339E-02	1.40518895842805E-11	1.47929690712083E-10	25.9706750004395	3.48007461314565E-12	2.85533987214085E-10	50.4904431745362	2.16358751905246E-12	1.58175508825721E-10	18.1015598513759	1E10	1E-30	1E-10	1E10	1E-30	1E-10	1E10	1E-30	1E-10
60	5.46772725969443E-07	1E10	892857142.857143	1E-30	1.18927104848451E-10	1E10	1E-30	1E10	9.29149420505304E-03	7.91767253121315E-05	1E10	29.2891078985844	8.33286393049727E-05	1E10	3.86105638536145	7.01155499381969E-05	1E10	0.443308587165642	1.11689151481722E-04	1E10	4.33217651747598E-02	3.87224582187315E-05	1E10	2.45008369811029E-02	1E-30	1.41771833522569E-11	6.02523229147876E-02	1E-30	2.83325232390675E-10	5.56541882686696E-02	2.41290093245178E-06	5.11837238829676E-11	1.91344579706278E-02	8.26791082749219E-07	5.99674573814071E-11	2.09471812803339E-02	1.40518895842805E-11	1.47929690712083E-10	25.9706750004395	3.48007461314565E-12	2.85533987214085E-10	50.4904431745362	2.16358751905246E-12	1.58175508825721E-10	18.1015598513759	1E10	1E-30	1E-10	1E10	1E-30	1E-10	1E10	1E-30	1E-10
61	5.59932623900748E-07	1E10	892857142.857143	1E-30	1.81860454266619E-10	1E10	1E-30	1E10	3.12032200128843E-02	6.75853326580508E-05	1E10	58.871850160575	8.76471315177432E-05	1E10	6.60553023190652	8.29921948489238E-05	1E10	0.812657755897165	6.98731116651196E-05	1E10	0.107129156285157	3.99162179949708E-05	1E10	2.43216907712368E-02	1E-30	3.61558907341882E-11	0.133225993605121	1E-30	2.61942271695727E-10	5.70797929529329E-02	2.54032386133696E-06	4.50534396527561E-11	1.27466522448313E-02	7.95067939013359E-07	5.795669602222E-11	1.81601915809741E-02	1.59897303053123E-11	6.69715610722837E-11	7.10888307755138	1.38990191264122E-12	2.61581671055432E-10	108.988233383504	1E10	1E-30	1E-10	1E10	1E-30	1E-10	1E10	1E-30	1E-10	1E10	1E-30	1E-10
62	5.59932623900748E-07	1E10	892857142.857143	1E-30	1.81860454266619E-10	1E10	1E-30	1E10	3.12032200128843E-02	6.75853326580508E-05	1E10	58.871850160575	8.76471315177432E-05	1E10	6.60553023190652	8.29921948489238E-05	1E10	0.812657755897165	6.98731116651196E-05	1E10	0.107129156285157	3.99162179949708E-05	1E10	2.43216907712368E-02	1E-30	3.61558907341882E-11	0.133225993605121	1E-30	2.61942271695727E-10	5.70797929529329E-02	2.54032386133696E-06	4.50534396527561E-11	1.27466522448313E-02	7.95067939013359E-07	5.795669602222E-11	1.81601915809741E-02	1.59897303053123E-11	6.69715610722837E-11	7.10888307755138	1.38990191264122E-12	2.61581671055432E-10	108.988233383504	1E10	1E-30	1E-10	1E10	1E-30	1E-10	1E10	1E-30	1E-10	1E10	1E-30	1E-10
63	6.78227119903238E-07	1E10	735294117.647059	1E-30	3.48225805235541E-10	1E10	1E-30	1E10	1.42602350318433E-02	9.34579193973482E-05	1E10	42.5739584505481	1.08019300306875E-04	1E10	5.35974381740641	1.02800228600651E-04	1E10	0.706551840423204	8.17854598046757E-05	1E10	0.104506675384565	4.68998707041025E-05	1E10	1.70307929849322E-02	1E-30	2.90349400971195E-11	7.61314991689947E-02	1E-30	3.26596164957547E-10	4.96967283440016E-02	2.52089006567348E-06	6.40260043471197E-11	1.80637278813755E-02	1.19783169922893E-06	5.66883116997393E-11	1.76124121182141E-02	2.54885024745192E-11	6.28892971948562E-11	5.09198837694549	2.45278235386279E-12	1.4916263921907E-10	29.272935236618	1E10	1E-30	1E-10	1E10	1E-30	1E-10	1E10	1E-30	1E-10	1E10	1E-30	1E-10
64	6.78227119903238E-07	1E10	735294117.647059	1E-30	3.48225805235541E-10	1E10	1E-30	1E10	1.42602350318433E-02	9.34579193973482E-05	1E10	42.5739584505481	1.08019300306875E-04	1E10	5.35974381740641	1.02800228600651E-04	1E10	0.706551840423204	8.17854598046757E-05	1E10	0.104506675384565	4.68998707041025E-05	1E10	1.70307929849322E-02	1E-30	2.90349400971195E-11	7.61314991689947E-02	1E-30	3.26596164957547E-10	4.96967283440016E-02	2.52089006567348E-06	6.40260043471197E-11	1.80637278813755E-02	1.19783169922893E-06	5.66883116997393E-11	1.76124121182141E-02	2.54885024745192E-11	6.28892971948562E-11	5.09198837694549	2.45278235386279E-12	1.4916263921907E-10	29.272935236618	1E10	1E-30	1E-10	1E10	1E-30	1E-10	1E10	1E-30	1E-10	1E10	1E-30	1E-10
65	6.78227119903238E-07	1E10	735294117.647059	1E-30	3.48225805235541E-10	1E10	1E-30	1E10	1.42602350318433E-02	9.34579193973482E-05	1E10	42.5739584505481	1.08019300306875E-04	1E10	5.35974381740641	1.02800228600651E-04	1E10	0.706551840423204	8.17854598046757E-05	1E10	0.104506675384565	4.68998707041025E-05	1E10	1.70307929849322E-02	1E-30	2.90349400971195E-11	7.61314991689947E-02	1E-30	3.26596164957547E-10	4.96967283440016E-02	2.52089006567348E-06	6.40260043471197E-11	1.80637278813755E-02	1.19783169922893E-06	5.66883116997393E-11	1.76124121182141E-02	2.54885024745192E-11	6.28892971948562E-11	5.09198837694549	2.45278235386279E-12	1.4916263921907E-10	29.272935236618	1E10	1E-30	1E-10	1E10	1E-30	1E-10	1E10	1E-30	1E-10	1E10	1E-30	1E-10
66	6.78227119903238E-07	1E10	735294117.647059	1E-30	3.48225805235541E-10	1E10	1E-30	1E10	1.42602350318433E-02	9.34579193973482E-05	1E10	42.5739584505481	1.08019300306875E-04	1E10	5.35974381740641	1.02800228600651E-04	1E10	0.706551840423204	8.17854598046757E-05	1E10	0.104506675384565	4.68998707041025E-05	1E10	1.70307929849322E-02	1E-30	2.90349400971195E-11	7.61314991689947E-02	1E-30	3.26596164957547E-10	4.96967283440016E-02	2.52089006567348E-06	6.40260043471197E-11	1.80637278813755E-02	1.19783169922893E-06	5.66883116997393E-11	1.76124121182141E-02	2.54885024745192E-11	6.28892971948562E-11	5.09198837694549	2.45278235386279E-12	1.4916263921907E-10	29.272935236618	1E10	1E-30	1E-10	1E10	1E-30	1E-10	1E10	1E-30	1E-10	1E10	1E-30	1E-10
67	6.78227119903238E-07	1E10	735294117.647059	1E-30	3.48225805235541E-10	1E10	1E-30	1E10	1.42602350318433E-02	9.34579193973482E-05	1E10	42.5739584505481	1.08019300306875E-04	1E10	5.35974381740641	1.02800228600651E-04	1E10	0.706551840423204	8.17854598046757E-05	1E10	0.104506675384565	4.68998707041025E-05	1E10	1.70307929849322E-02	1E-30	2.90349400971195E-11	7.61314991689947E-02	1E-30	3.26596164957547E-10	4.96967283440016E-02	2.52089006567348E-06	6.40260043471197E-11	1.80637278813755E-02	1.19783169922893E-06	5.66883116997393E-11	1.76124121182141E-02	2.54885024745192E-11	6.28892971948562E-11	5.09198837694549	2.45278235386279E-12	1.4916263921907E-10	29.272935236618	1E10	1E-30	1E-10	1E10	1E-30	1E-10	1E10	1E-30	1E-10	1E10	1E-30	1E-10
68	6.77327905207336E-07	1E10	735294118	1E-30	1.58251346870268E-10	1E10	1E-30	1E10	1.68267815048961E-02	8.49471600166796E-05	1E10	14.7351616021647	1.0092383172612E-04	1E10	1.61567834134199	1.00155421759142E-04	1E10	0.244542812739293	8.13514839065224E-05	1E10	4.44994766308592E-02	5.6824770182425E-05	1E10	9.65701252965844E-03	1E-30	2.27613794436315E-10	4.68138429597805E-02	1E-30	2.88614717536544E-11	4.47751933072391E-02	3.43640105460349E-06	3.52980509079715E-11	8.93861137428444E-03	9.26286402013182E-07	4.90891690455472E-11	1.43316466302412E-02	1.54211065509357E-11	1.22094108852772E-10	14.3484565515449	1.80853474809542E-12	3.82475759914737E-10	73.026206765376	1E10	1E-30	1E-10	1E10	1E-30	1E-10	1E10	1E-30	1E-10	1E10	1E-30	1E-10
69	6.78227119903238E-07	1E10	735294117.647059	1E-30	3.48225805235541E-10	1E10	1E-30	1E10	1.42602350318433E-02	9.34579193973482E-05	1E10	42.5739584505481	1.08019300306875E-04	1E10	5.35974381740641	1.02800228600651E-04	1E10	0.706551840423204	8.17854598046757E-05	1E10	0.104506675384565	4.68998707041025E-05	1E10	1.70307929849322E-02	1E-30	2.90349400971195E-11	7.61314991689947E-02	1E-30	3.26596164957547E-10	4.96967283440016E-02	2.52089006567348E-06	6.40260043471197E-11	1.80637278813755E-02	1.19783169922893E-06	5.66883116997393E-11	1.76124121182141E-02	2.54885024745192E-11	6.28892971948562E-11	5.09198837694549	2.45278235386279E-12	1.4916263921907E-10	29.272935236618	1E10	1E-30	1E-10	1E10	1E-30	1E-10	1E10	1E-30	1E-10	1E10	1E-30	1E-10
70	8.0343521098208E-07	1E10	609756097.560976	1E-30	1.90157691470234E-10	1E10	1E-30	1E10	7.45793536915663E-03	9.88601710378172E-05	1E10	24.9121594441309	1.27068902020385E-04	1E10	1.97884316344263	1.24439721635018E-04	1E10	0.254924381817599	1.787471205349E-04	1E10	3.36055784153377E-02	6.51317178328007E-05	1E10	1.67155733659371E-02	1E-30	2.57734545583948E-11	0.054793526473445	1E-30	3.30309233647032E-10	4.91077444076703E-02	2.74075558259239E-06	7.06606688675181E-11	1.84917098787588E-02	1.32606768153467E-06	6.09133333075987E-11	0.019412480199224	9.70606716043641E-12	1.53010367330493E-10	19.6299750563937	2.48622140858854E-12	2.93925655811061E-10	61.8852342290395	1E10	1E-30	1E-10	1E10	1E-30	1E-10	1E10	1E-30	1E-10	1E10	1E-30	1E-10
71	8.0343521098208E-07	1E10	609756097.560976	1E-30	1.90157691470234E-10	1E10	1E-30	1E10	7.45793536915663E-03	9.88601710378172E-05	1E10	24.9121594441309	1.27068902020385E-04	1E10	1.97884316344263	1.24439721635018E-04	1E10	0.254924381817599	1.787471205349E-04	1E10	3.36055784153377E-02	6.51317178328007E-05	1E10	1.67155733659371E-02	1E-30	2.57734545583948E-11	0.054793526473445	1E-30	3.30309233647032E-10	4.91077444076703E-02	2.74075558259239E-06	7.06606688675181E-11	1.84917098787588E-02	1.32606768153467E-06	6.09133333075987E-11	0.019412480199224	9.70606716043641E-12	1.53010367330493E-10	19.6299750563937	2.48622140858854E-12	2.93925655811061E-10	61.8852342290395	1E10	1E-30	1E-10	1E10	1E-30	1E-10	1E10	1E-30	1E-10	1E10	1E-30	1E-10
72	1.00045675145904E-06	1E10	5E8	1E-30	8.35411683644835E-11	1E10	1E-30	1E10	0.012271939390557	1.13476481497623E-04	1E10	7.8178438164807	1.06531700950274E-04	1E10	0.793896069892937	9.4844053928622E-05	1E10	9.03887132091646E-02	8.75244394017652E-05	1E10	9.98367029981456E-03	6.62940013669479E-05	1E10	1.2912801911539E-03	1E-30	3.59873309019938E-11	5.24949277283391E-02	1E-30	2.55819477832205E-10	4.19977711485413E-02	3.64226302242042E-06	5.77712504799917E-11	1.26012733933475E-02	1.00180205959146E-06	8.34443525403543E-11	1.75138521105495E-02	9.41215103859723E-13	4.54162357475152E-10	90.0737587633375	1E10	1E-30	1E-10	1E10	1E-30	1E-10	1E10	1E-30	1E-10	1E10	1E-30	1E-10	1E10	1E-30	1E-10
73	1.00045675145904E-06	1E10	5E8	1E-30	8.35411683644835E-11	1E10	1E-30	1E10	0.012271939390557	1.13476481497623E-04	1E10	7.8178438164807	1.06531700950274E-04	1E10	0.793896069892937	9.4844053928622E-05	1E10	9.03887132091646E-02	8.75244394017652E-05	1E10	9.98367029981456E-03	6.62940013669479E-05	1E10	1.2912801911539E-03	1E-30	3.59873309019938E-11	5.24949277283391E-02	1E-30	2.55819477832205E-10	4.19977711485413E-02	3.64226302242042E-06	5.77712504799917E-11	1.26012733933475E-02	1.00180205959146E-06	8.34443525403543E-11	1.75138521105495E-02	9.41215103859723E-13	4.54162357475152E-10	90.0737587633375	1E10	1E-30	1E-10	1E10	1E-30	1E-10	1E10	1E-30	1E-10	1E10	1E-30	1E-10	1E10	1E-30	1E-10
74	9.95865199925721E-07	1E10	5E8	1E-30	1.43720768532753E-10	1E10	1E-30	1E10	9.96973840574493E-03	1.37885116376045E-04	1E10	19.3397949946239	1.33937283032334E-04	1E10	2.84001937241174	1.2403654610964E-04	1E10	0.412686998266277	1.10518279711043E-04	1E10	6.11396743485719E-02	7.81678724798629E-05	1E10	1.10467126516653E-02	1E-30	1.6769119805124E-11	9.43831010729987E-02	1E-30	3.21730473533583E-10	4.24397547390178E-02	1E-30	3.22318515637168E-11	3.22709218522623E-02	2.81425256014713E-06	9.10815041937618E-11	1.94146238535866E-02	1.62295482816222E-06	6.52092531097725E-11	1.74036817542088E-02	1.419611379208E-11	8.58253762874862E-11	13.9020176347568	2.09975909892559E-12	2.90814272034628E-10	83.7679399159746	1E10	1E-30	1E-10	1E10	1E-30	1E-10	1E10	1E-30	1E-10
75	9.95865199925721E-07	1E10	5E8	1E-30	1.43720768532753E-10	1E10	1E-30	1E10	9.96973840574493E-03	1.37885116376045E-04	1E10	19.3397949946239	1.33937283032334E-04	1E10	2.84001937241174	1.2403654610964E-04	1E10	0.412686998266277	1.10518279711043E-04	1E10	6.11396743485719E-02	7.81678724798629E-05	1E10	1.10467126516653E-02	1E-30	1.6769119805124E-11	9.43831010729987E-02	1E-30	3.21730473533583E-10	4.24397547390178E-02	1E-30	3.22318515637168E-11	3.22709218522623E-02	2.81425256014713E-06	9.10815041937618E-11	1.94146238535866E-02	1.62295482816222E-06	6.52092531097725E-11	1.74036817542088E-02	1.419611379208E-11	8.58253762874862E-11	13.9020176347568	2.09975909892559E-12	2.90814272034628E-10	83.7679399159746	1E10	1E-30	1E-10	1E10	1E-30	1E-10	1E10	1E-30	1E-10
76	9.60097025024352E-07	1E10	5E8	1E-30	1.04470039598288E-10	1E10	1E-30	1E10	7.8979238766547E-03	2.78737038832759E-04	1E10	6.85596874797135	1.53075670317098E-04	1E10	2.27480221183861	1.36373256815958E-04	1E10	0.369334419856203	1.24044709004181E-04	1E10	5.30215567592822E-02	9.26187581774388E-05	1E10	9.17637190009634E-03	1E-30	2.59929356460718E-10	4.01608939855993E-02	1E-30	2.62932131297632E-11	1.99696190013092E-02	2.1509132444267E-06	1.14249853960455E-10	2.74128950445322E-02	1.21883835641395E-06	8.20636808024965E-11	2.33988243511398E-02	4.26039915640639E-10	5.82636349716038E-11	0.383870254393176	1.49730060364717E-12	3.40919946326127E-10	105.429283127695	1E10	1E-30	1E-10	1E10	1E-30	1E-10	1E10	1E-30	1E-10	1E10	1E-30	1E-10
77	9.95865199925721E-07	1E10	5E8	1E-30	1.43720768532753E-10	1E10	1E-30	1E10	9.96973840574493E-03	1.37885116376045E-04	1E10	19.3397949946239	1.33937283032334E-04	1E10	2.84001937241174	1.2403654610964E-04	1E10	0.412686998266277	1.10518279711043E-04	1E10	6.11396743485719E-02	7.81678724798629E-05	1E10	1.10467126516653E-02	1E-30	1.6769119805124E-11	9.43831010729987E-02	1E-30	3.21730473533583E-10	4.24397547390178E-02	1E-30	3.22318515637168E-11	3.22709218522623E-02	2.81425256014713E-06	9.10815041937618E-11	1.94146238535866E-02	1.62295482816222E-06	6.52092531097725E-11	1.74036817542088E-02	1.419611379208E-11	8.58253762874862E-11	13.9020176347568	2.09975909892559E-12	2.90814272034628E-10	83.7679399159746	1E10	1E-30	1E-10	1E10	1E-30	1E-10	1E10	1E-30	1E-10
78	9.95865199925721E-07	1E10	5E8	1E-30	1.43720768532753E-10	1E10	1E-30	1E10	9.96973840574493E-03	1.37885116376045E-04	1E10	19.3397949946239	1.33937283032334E-04	1E10	2.84001937241174	1.2403654610964E-04	1E10	0.412686998266277	1.10518279711043E-04	1E10	6.11396743485719E-02	7.81678724798629E-05	1E10	1.10467126516653E-02	1E-30	1.6769119805124E-11	9.43831010729987E-02	1E-30	3.21730473533583E-10	4.24397547390178E-02	1E-30	3.22318515637168E-11	3.22709218522623E-02	2.81425256014713E-06	9.10815041937618E-11	1.94146238535866E-02	1.62295482816222E-06	6.52092531097725E-11	1.74036817542088E-02	1.419611379208E-11	8.58253762874862E-11	13.9020176347568	2.09975909892559E-12	2.90814272034628E-10	83.7679399159746	1E10	1E-30	1E-10	1E10	1E-30	1E-10	1E10	1E-30	1E-10
79	1.00045675145904E-06	1E10	5E8	1E-30	8.35411683644835E-11	1E10	1E-30	1E10	0.012271939390557	1.13476481497623E-04	1E10	7.8178438164807	1.06531700950274E-04	1E10	0.793896069892937	9.4844053928622E-05	1E10	9.03887132091646E-02	8.75244394017652E-05	1E10	9.98367029981456E-03	6.62940013669479E-05	1E10	1.2912801911539E-03	1E-30	3.59873309019938E-11	5.24949277283391E-02	1E-30	2.55819477832205E-10	4.19977711485413E-02	3.64226302242042E-06	5.77712504799917E-11	1.26012733933475E-02	1.00180205959146E-06	8.34443525403543E-11	1.75138521105495E-02	9.41215103859723E-13	4.54162357475152E-10	90.0737587633375	1E10	1E-30	1E-10	1E10	1E-30	1E-10	1E10	1E-30	1E-10	1E10	1E-30	1E-10	1E10	1E-30	1E-10
80	1.00045675145904E-06	1E10	5E8	1E-30	8.35411683644835E-11	1E10	1E-30	1E10	0.012271939390557	1.13476481497623E-04	1E10	7.8178438164807	1.06531700950274E-04	1E10	0.793896069892937	9.4844053928622E-05	1E10	9.03887132091646E-02	8.75244394017652E-05	1E10	9.98367029981456E-03	6.62940013669479E-05	1E10	1.2912801911539E-03	1E-30	3.59873309019938E-11	5.24949277283391E-02	1E-30	2.55819477832205E-10	4.19977711485413E-02	3.64226302242042E-06	5.77712504799917E-11	1.26012733933475E-02	1.00180205959146E-06	8.34443525403543E-11	1.75138521105495E-02	9.41215103859723E-13	4.54162357475152E-10	90.0737587633375	1E10	1E-30	1E-10	1E10	1E-30	1E-10	1E10	1E-30	1E-10	1E10	1E-30	1E-10	1E10	1E-30	1E-10
81	1.00045675145904E-06	1E10	5E8	1E-30	8.35411683644835E-11	1E10	1E-30	1E10	0.012271939390557	1.13476481497623E-04	1E10	7.8178438164807	1.06531700950274E-04	1E10	0.793896069892937	9.4844053928622E-05	1E10	9.03887132091646E-02	8.75244394017652E-05	1E10	9.98367029981456E-03	6.62940013669479E-05	1E10	1.2912801911539E-03	1E-30	3.59873309019938E-11	5.24949277283391E-02	1E-30	2.55819477832205E-10	4.19977711485413E-02	3.64226302242042E-06	5.77712504799917E-11	1.26012733933475E-02	1.00180205959146E-06	8.34443525403543E-11	1.75138521105495E-02	9.41215103859723E-13	4.54162357475152E-10	90.0737587633375	1E10	1E-30	1E-10	1E10	1E-30	1E-10	1E10	1E-30	1E-10	1E10	1E-30	1E-10	1E10	1E-30	1E-10
82	1.00045675145904E-06	1E10	5E8	1E-30	8.35411683644835E-11	1E10	1E-30	1E10	0.012271939390557	1.13476481497623E-04	1E10	7.8178438164807	1.06531700950274E-04	1E10	0.793896069892937	9.4844053928622E-05	1E10	9.03887132091646E-02	8.75244394017652E-05	1E10	9.98367029981456E-03	6.62940013669479E-05	1E10	1.2912801911539E-03	1E-30	3.59873309019938E-11	5.24949277283391E-02	1E-30	2.55819477832205E-10	4.19977711485413E-02	3.64226302242042E-06	5.77712504799917E-11	1.26012733933475E-02	1.00180205959146E-06	8.34443525403543E-11	1.75138521105495E-02	9.41215103859723E-13	4.54162357475152E-10	90.0737587633375	1E10	1E-30	1E-10	1E10	1E-30	1E-10	1E10	1E-30	1E-10	1E10	1E-30	1E-10	1E10	1E-30	1E-10
83	9.95865199925721E-07	1E10	5E8	1E-30	1.43720768532753E-10	1E10	1E-30	1E10	9.96973840574493E-03	1.37885116376045E-04	1E10	19.3397949946239	1.33937283032334E-04	1E10	2.84001937241174	1.2403654610964E-04	1E10	0.412686998266277	1.10518279711043E-04	1E10	6.11396743485719E-02	7.81678724798629E-05	1E10	1.10467126516653E-02	1E-30	1.6769119805124E-11	9.43831010729987E-02	1E-30	3.21730473533583E-10	4.24397547390178E-02	1E-30	3.22318515637168E-11	3.22709218522623E-02	2.81425256014713E-06	9.10815041937618E-11	1.94146238535866E-02	1.62295482816222E-06	6.52092531097725E-11	1.74036817542088E-02	1.419611379208E-11	8.58253762874862E-11	13.9020176347568	2.09975909892559E-12	2.90814272034628E-10	83.7679399159746	1E10	1E-30	1E-10	1E10	1E-30	1E-10	1E10	1E-30	1E-10
84	1.00045675145904E-06	1E10	5E8	1E-30	8.35411683644835E-11	1E10	1E-30	1E10	0.012271939390557	1.13476481497623E-04	1E10	7.8178438164807	1.06531700950274E-04	1E10	0.793896069892937	9.4844053928622E-05	1E10	9.03887132091646E-02	8.75244394017652E-05	1E10	9.98367029981456E-03	6.62940013669479E-05	1E10	1.2912801911539E-03	1E-30	3.59873309019938E-11	5.24949277283391E-02	1E-30	2.55819477832205E-10	4.19977711485413E-02	3.64226302242042E-06	5.77712504799917E-11	1.26012733933475E-02	1.00180205959146E-06	8.34443525403543E-11	1.75138521105495E-02	9.41215103859723E-13	4.54162357475152E-10	90.0737587633375	1E10	1E-30	1E-10	1E10	1E-30	1E-10	1E10	1E-30	1E-10	1E10	1E-30	1E-10	1E10	1E-30	1E-10
85	9.95865199925721E-07	1E10	5E8	1E-30	1.43720768532753E-10	1E10	1E-30	1E10	9.96973840574493E-03	1.37885116376045E-04	1E10	19.3397949946239	1.33937283032334E-04	1E10	2.84001937241174	1.2403654610964E-04	1E10	0.412686998266277	1.10518279711043E-04	1E10	6.11396743485719E-02	7.81678724798629E-05	1E10	1.10467126516653E-02	1E-30	1.6769119805124E-11	9.43831010729987E-02	1E-30	3.21730473533583E-10	4.24397547390178E-02	1E-30	3.22318515637168E-11	3.22709218522623E-02	2.81425256014713E-06	9.10815041937618E-11	1.94146238535866E-02	1.62295482816222E-06	6.52092531097725E-11	1.74036817542088E-02	1.419611379208E-11	8.58253762874862E-11	13.9020176347568	2.09975909892559E-12	2.90814272034628E-10	83.7679399159746	1E10	1E-30	1E-10	1E10	1E-30	1E-10	1E10	1E-30	1E-10
86	1.00045675145904E-06	1E10	5E8	1E-30	8.35411683644835E-11	1E10	1E-30	1E10	0.012271939390557	1.13476481497623E-04	1E10	7.8178438164807	1.06531700950274E-04	1E10	0.793896069892937	9.4844053928622E-05	1E10	9.03887132091646E-02	8.75244394017652E-05	1E10	9.98367029981456E-03	6.62940013669479E-05	1E10	1.2912801911539E-03	1E-30	3.59873309019938E-11	5.24949277283391E-02	1E-30	2.55819477832205E-10	4.19977711485413E-02	3.64226302242042E-06	5.77712504799917E-11	1.26012733933475E-02	1.00180205959146E-06	8.34443525403543E-11	1.75138521105495E-02	9.41215103859723E-13	4.54162357475152E-10	90.0737587633375	1E10	1E-30	1E-10	1E10	1E-30	1E-10	1E10	1E-30	1E-10	1E10	1E-30	1E-10	1E10	1E-30	1E-10
87	9.60097025024352E-07	1E10	5E8	1E-30	1.04470039598288E-10	1E10	1E-30	1E10	7.8979238766547E-03	2.78737038832759E-04	1E10	6.85596874797135	1.53075670317098E-04	1E10	2.27480221183861	1.36373256815958E-04	1E10	0.369334419856203	1.24044709004181E-04	1E10	5.30215567592822E-02	9.26187581774388E-05	1E10	9.17637190009634E-03	1E-30	2.59929356460718E-10	4.01608939855993E-02	1E-30	2.62932131297632E-11	1.99696190013092E-02	2.1509132444267E-06	1.14249853960455E-10	2.74128950445322E-02	1.21883835641395E-06	8.20636808024965E-11	2.33988243511398E-02	4.26039915640639E-10	5.82636349716038E-11	0.383870254393176	1.49730060364717E-12	3.40919946326127E-10	105.429283127695	1E10	1E-30	1E-10	1E10	1E-30	1E-10	1E10	1E-30	1E-10	1E10	1E-30	1E-10
88	9.60097025024352E-07	1E10	5E8	1E-30	1.04470039598288E-10	1E10	1E-30	1E10	7.8979238766547E-03	2.78737038832759E-04	1E10	6.85596874797135	1.53075670317098E-04	1E10	2.27480221183861	1.36373256815958E-04	1E10	0.369334419856203	1.24044709004181E-04	1E10	5.30215567592822E-02	9.26187581774388E-05	1E10	9.17637190009634E-03	1E-30	2.59929356460718E-10	4.01608939855993E-02	1E-30	2.62932131297632E-11	1.99696190013092E-02	2.1509132444267E-06	1.14249853960455E-10	2.74128950445322E-02	1.21883835641395E-06	8.20636808024965E-11	2.33988243511398E-02	4.26039915640639E-10	5.82636349716038E-11	0.383870254393176	1.49730060364717E-12	3.40919946326127E-10	105.429283127695	1E10	1E-30	1E-10	1E10	1E-30	1E-10	1E10	1E-30	1E-10	1E10	1E-30	1E-10
89	1.47139787023702E-06	1E10	333333333	1E-30	1.72563903858664E-10	1E10	1E-30	1E10	5.96914386442025E-03	2.38165193806884E-04	1E10	13.7203616776672	2.2819008570044E-04	1E10	2.58003382254692	1.75576672092344E-04	1E10	0.479565279670259	1.61252799376316E-04	1E10	0.065925435026284	1.15262854413757E-04	1E10	1.06774393245588E-02	1E-30	2.69681096247758E-10	3.68825213770103E-02	1E-30	3.38969522645029E-11	3.06039898528706E-02	4.45542995286709E-06	7.91806206032782E-11	1.42752518519411E-02	1.73490523501143E-06	8.21876742992942E-11	0.01678874520909	8.3659080923959E-12	1.77944198884682E-10	27.3404546762521	2.41275424907316E-12	3.23805211495121E-10	62.6333632297894	1E10	1E-30	1E-10	1E10	1E-30	1E-10	1E10	1E-30	1E-10	1E10	1E-30	1E-10
90	1.47139787023702E-06	1E10	333333333	1E-30	1.72563903858664E-10	1E10	1E-30	1E10	5.96914386442025E-03	2.38165193806884E-04	1E10	13.7203616776672	2.2819008570044E-04	1E10	2.58003382254692	1.75576672092344E-04	1E10	0.479565279670259	1.61252799376316E-04	1E10	0.065925435026284	1.15262854413757E-04	1E10	1.06774393245588E-02	1E-30	2.69681096247758E-10	3.68825213770103E-02	1E-30	3.38969522645029E-11	3.06039898528706E-02	4.45542995286709E-06	7.91806206032782E-11	1.42752518519411E-02	1.73490523501143E-06	8.21876742992942E-11	0.01678874520909	8.3659080923959E-12	1.77944198884682E-10	27.3404546762521	2.41275424907316E-12	3.23805211495121E-10	62.6333632297894	1E10	1E-30	1E-10	1E10	1E-30	1E-10	1E10	1E-30	1E-10	1E10	1E-30	1E-10
91	2.08068859478948E-06	1E10	22727272.7272727	1E-30	2.68892250174493E-10	1E10	1E-30	1E10	6.5778705895441E-03	2.7821369205384E-04	1E10	19.0686688730732	2.16453611285535E-04	1E10	3.12763747004691	1.70331170352491E-04	1E10	0.530285066503832	1.87270119614452E-04	1E10	5.21903569638336E-02	1.20441478427532E-04	1E10	9.03740063780095E-03	1E-30	4.37363172195677E-11	7.05363339600189E-02	1E-30	3.56123094136216E-10	3.33416520250834E-02	5.94824315917887E-06	9.33857683079711E-11	1.27652272126048E-02	2.56703412749886E-06	8.88829842688445E-11	1.21417068873667E-02	2.28410139544886E-12	2.16028723466307E-10	24.2199339775066	1E10	1E-30	1E-10	1E10	1E-30	1E-10	1E10	1E-30	1E-10	1E10	1E-30	1E-10	1E10	1E-30	1E-10
92	2.09322425157195E-06	1E10	227272727	1E-30	1.04679108771726E-10	1E10	1E-30	1E10	9.09284850929439E-03	2.6146244905602E-04	1E10	3.11784259856895	2.7456206282973E-04	1E10	0.374464736416264	2.58459476157506E-04	1E10	5.19993749334817E-02	1.77539239202508E-04	1E10	8.5827918608424E-03	1E-30	1.45636406434078E-11	7.21999621026973E-02	1E-30	3.65930889328821E-11	3.56943077654298E-02	1E-30	3.04253184682001E-10	3.44052063560763E-02	7.49994956312667E-06	7.2782747632442E-11	1.06725619305318E-02	2.47357261825068E-06	9.55229925584492E-11	1.47350259808007E-02	2.45226738545444E-11	4.90623501923598E-11	8.54906303807468	1.39151166055237E-12	3.05258225871522E-10	155.567373506954	1E10	1E-30	1E-10	1E10	1E-30	1E-10	1E10	1E-30	1E-10	1E10	1E-30	1E-10
93	2.09322425157195E-06	1E10	227272727	1E-30	1.04679108771726E-10	1E10	1E-30	1E10	9.09284850929439E-03	2.6146244905602E-04	1E10	3.11784259856895	2.7456206282973E-04	1E10	0.374464736416264	2.58459476157506E-04	1E10	5.19993749334817E-02	1.77539239202508E-04	1E10	8.5827918608424E-03	1E-30	1.45636406434078E-11	7.21999621026973E-02	1E-30	3.65930889328821E-11	3.56943077654298E-02	1E-30	3.04253184682001E-10	3.44052063560763E-02	7.49994956312667E-06	7.2782747632442E-11	1.06725619305318E-02	2.47357261825068E-06	9.55229925584492E-11	1.47350259808007E-02	2.45226738545444E-11	4.90623501923598E-11	8.54906303807468	1.39151166055237E-12	3.05258225871522E-10	155.567373506954	1E10	1E-30	1E-10	1E10	1E-30	1E-10	1E10	1E-30	1E-10	1E10	1E-30	1E-10
94	2.13936746293178E-06	1E10	227272727	1E-30	1.10509358122971E-10	1E10	1E-30	1E10	1.01303585680275E-02	3.06807663813547E-04	1E10	13.1061721420143	2.87894859120724E-04	1E10	1.92333344406222	2.4902978861623E-04	1E10	0.314502446760921	2.17708766605855E-04	1E10	4.87895470324505E-02	1.54116556315793E-04	1E10	8.71523605559542E-03	1E-30	2.42071342427357E-11	0.15559762828709	1E-30	4.72419457776692E-11	3.95091990128119E-02	1E-30	3.39703342562283E-10	3.54942725134264E-02	5.56325361573508E-06	1.04703715431218E-10	1.20437539526653E-02	2.63747840834359E-06	9.12499801017571E-11	1.27391688744867E-02	4.02071125544829E-11	3.83948307112191E-11	5.87088147251014	1.52214476995708E-12	3.3298589011812E-10	134.494124586071	1E10	1E-30	1E-10	1E10	1E-30	1E-10	1E10	1E-30	1E-10
95	2.13936746293178E-06	1E10	227272727	1E-30	1.10509358122971E-10	1E10	1E-30	1E10	1.01303585680275E-02	3.06807663813547E-04	1E10	13.1061721420143	2.87894859120724E-04	1E10	1.92333344406222	2.4902978861623E-04	1E10	0.314502446760921	2.17708766605855E-04	1E10	4.87895470324505E-02	1.54116556315793E-04	1E10	8.71523605559542E-03	1E-30	2.42071342427357E-11	0.15559762828709	1E-30	4.72419457776692E-11	3.95091990128119E-02	1E-30	3.39703342562283E-10	3.54942725134264E-02	5.56325361573508E-06	1.04703715431218E-10	1.20437539526653E-02	2.63747840834359E-06	9.12499801017571E-11	1.27391688744867E-02	4.02071125544829E-11	3.83948307112191E-11	5.87088147251014	1.52214476995708E-12	3.3298589011812E-10	134.494124586071	1E10	1E-30	1E-10	1E10	1E-30	1E-10	1E10	1E-30	1E-10
96	3.17417813016855E-06	1E10	151515152	1E-30	1.61631920034681E-10	1E10	1E-30	1E10	8.759272441662E-3	4.28562096010856E-04	1E10	2.08241597129107	4.44155633888313E-04	1E10	0.262849610631778	4.34120832582979E-04	1E10	4.01859863912664E-02	2.82958928982932E-04	1E10	6.92250667889523E-03	1E-30	4.21012992280074E-11	3.03293811445446E-02	1E-30	2.93534343314602E-10	2.56479429706896E-02	1E-30	8.96194933572016E-12	2.55009530231276E-02	1.33119140637433E-05	6.43990562301462E-11	7.2685886295594E-03	3.76966966943372E-06	9.74369440703499E-11	0.010717770567139	2.37395994676216E-11	8.04315866307201E-11	12.1153824987632	1.69325167939826E-12	3.91629068142925E-10	72.9317971250262	1E10	1E-30	1E-10	1E10	1E-30	1E-10	1E10	1E-30	1E-10	1E10	1E-30	1E-10
97	4.33041726144648E-06	1E10	106382979	1E-30	1.08574866106154E-10	1E10	1E-30	1E10	7.0049986913613E-03	9.47546539365079E-04	1E10	3.0201416627362	7.51007620244537E-04	1E10	0.552778865320802	6.58709571060427E-04	1E10	7.47403265003945E-02	5.1014130224546E-04	1E10	8.14325076216427E-03	1E-30	3.12455791338839E-11	9.21286309217357E-02	1E-30	5.92307548682685E-11	2.55423263260718E-02	1E-30	4.37701259466996E-10	2.38119333350801E-02	1.30819624091155E-05	1.11599310333995E-10	1.07482233035452E-02	7.66728602171822E-06	8.4459189552228E-11	1.02513708187909E-02	2.34978003392137E-11	4.95409230334907E-11	5.19632132696018	1.69787871497655E-12	2.47652974551532E-10	139.86079703901	1E10	1E-30	1E-10	1E10	1E-30	1E-10	1E10	1E-30	1E-10	1E10	1E-30	1E-10
98	4.33041726144648E-06	1E10	106382979	1E-30	1.08574866106154E-10	1E10	1E-30	1E10	7.0049986913613E-03	9.47546539365079E-04	1E10	3.0201416627362	7.51007620244537E-04	1E10	0.552778865320802	6.58709571060427E-04	1E10	7.47403265003945E-02	5.1014130224546E-04	1E10	8.14325076216427E-03	1E-30	3.12455791338839E-11	9.21286309217357E-02	1E-30	5.92307548682685E-11	2.55423263260718E-02	1E-30	4.37701259466996E-10	2.38119333350801E-02	1.30819624091155E-05	1.11599310333995E-10	1.07482233035452E-02	7.66728602171822E-06	8.4459189552228E-11	1.02513708187909E-02	2.34978003392137E-11	4.95409230334907E-11	5.19632132696018	1.69787871497655E-12	2.47652974551532E-10	139.86079703901	1E10	1E-30	1E-10	1E10	1E-30	1E-10	1E10	1E-30	1E-10	1E10	1E-30	1E-10
99	4.4962073325888E-06	1E10	106382979	1E-30	1.0098845975914E-10	1E10	1E-30	1E10	7.70299577508549E-03	9.95531879955394E-04	1E10	3.45314627475208	6.63666343066188E-04	1E10	0.722156708250902	5.63371073960373E-04	1E10	0.121166472064868	6.32733541341396E-04	1E10	1.50282998753929E-02	3.40784535756184E-04	1E10	3.14856240748822E-03	1E-30	2.42126431357936E-11	6.68980191779794E-02	1E-30	3.60150407676328E-10	2.26170486316383E-02	1E-30	4.86781174534842E-11	0.020981375973906	1.06432815692591E-05	1.24614441791823E-10	1.06696509594568E-02	6.33611273999993E-06	8.9020742948892E-11	1.01279289890465E-02	1.94583930773214E-11	6.30185883380592E-11	11.5850850344026	1.51045215204984E-12	3.08651697944808E-10	115.850850344026	1E10	1E-30	1E-10	1E10	1E-30	1E-10	1E10	1E-30	1E-10
100	4.4962073325888E-06	1E10	106382979	1E-30	1.0098845975914E-10	1E10	1E-30	1E10	7.70299577508549E-03	9.95531879955394E-04	1E10	3.45314627475208	6.63666343066188E-04	1E10	0.722156708250902	5.63371073960373E-04	1E10	0.121166472064868	6.32733541341396E-04	1E10	1.50282998753929E-02	3.40784535756184E-04	1E10	3.14856240748822E-03	1E-30	2.42126431357936E-11	6.68980191779794E-02	1E-30	3.60150407676328E-10	2.26170486316383E-02	1E-30	4.86781174534842E-11	0.020981375973906	1.06432815692591E-05	1.24614441791823E-10	1.06696509594568E-02	6.33611273999993E-06	8.9020742948892E-11	1.01279289890465E-02	1.94583930773214E-11	6.30185883380592E-11	11.5850850344026	1.51045215204984E-12	3.08651697944808E-10	115.850850344026	1E10	1E-30	1E-10	1E10	1E-30	1E-10	1E10	1E-30	1E-10
101	4.56384686492004E-06	1E10	106382979	1E-30	1.08666974212695E-10	1E10	1E-30	1E10	8.22779853561313E-03	5.51505085552654E-04	1E10	8.77302476678754	7.11488358571241E-04	1E10	0.827474029595192	5.81717457390301E-04	1E10	0.145388620590574	6.20259500894056E-04	1E10	1.89942811313727E-02	4.73889147675695E-04	1E10	3.65217590972465E-03	1E-30	1.52532030318068E-11	6.97222347712231E-02	1E-30	4.8863453404185E-11	0.032105759740135	1E-30	3.65928801145794E-10	2.44149746938432E-02	1.14208806887975E-05	1.17975465652542E-10	1.05150182769445E-02	6.15210329045163E-06	9.32113845285851E-11	0.010181187650059	1.69730079422249E-11	7.11092376401803E-11	8.68203231716435	1.56297103240868E-12	2.99670291502395E-10	122.254345245462	1E10	1E-30	1E-10	1E10	1E-30	1E-10	1E10	1E-30	1E-10
102	4.56384686492004E-06	1E10	106382979	1E-30	1.08666974212695E-10	1E10	1E-30	1E10	8.22779853561313E-03	5.51505085552654E-04	1E10	8.77302476678754	7.11488358571241E-04	1E10	0.827474029595192	5.81717457390301E-04	1E10	0.145388620590574	6.20259500894056E-04	1E10	1.89942811313727E-02	4.73889147675695E-04	1E10	3.65217590972465E-03	1E-30	1.52532030318068E-11	6.97222347712231E-02	1E-30	4.8863453404185E-11	0.032105759740135	1E-30	3.65928801145794E-10	2.44149746938432E-02	1.14208806887975E-05	1.17975465652542E-10	1.05150182769445E-02	6.15210329045163E-06	9.32113845285851E-11	0.010181187650059	1.69730079422249E-11	7.11092376401803E-11	8.68203231716435	1.56297103240868E-12	2.99670291502395E-10	122.254345245462	1E10	1E-30	1E-10	1E10	1E-30	1E-10	1E10	1E-30	1E-10
103	9.00905725182531E-06	1E10	5E7	1E-30	1.15891836908001E-10	1E10	1E-30	1E10	5.58157159207387E-03	1.41414659130064E-03	1E10	2.25864325281981	1.70837441462943E-03	1E10	0.222658730570215	1.43150183761658E-03	1E10	3.92083477345473E-02	1.06277620234677E-03	1E10	4.08873438303574E-03	1E-30	2.45204532960908E-11	6.91691548906476E-02	1E-30	5.0222517336242E-11	2.29705121625585E-02	1E-30	4.41594479710093E-10	1.75947751570253E-02	2.42899760705845E-05	1.38892532764062E-10	8.51646305621149E-03	1.43806925599884E-05	1.05874410659337E-10	8.54267134021936E-03	1.79576916412743E-11	5.20841851429578E-11	12.4818465764805	1.52844744341974E-12	2.67119672764798E-10	143.310773497546	1E10	1E-30	1E-10	1E10	1E-30	1E-10	1E10	1E-30	1E-10	1E10	1E-30	1E-10
104	9.00905725182531E-06	1E10	5E7	1E-30	1.15891836908001E-10	1E10	1E-30	1E10	5.58157159207387E-03	1.41414659130064E-03	1E10	2.25864325281981	1.70837441462943E-03	1E10	0.222658730570215	1.43150183761658E-03	1E10	3.92083477345473E-02	1.06277620234677E-03	1E10	4.08873438303574E-03	1E-30	2.45204532960908E-11	6.91691548906476E-02	1E-30	5.0222517336242E-11	2.29705121625585E-02	1E-30	4.41594479710093E-10	1.75947751570253E-02	2.42899760705845E-05	1.38892532764062E-10	8.51646305621149E-03	1.43806925599884E-05	1.05874410659337E-10	8.54267134021936E-03	1.79576916412743E-11	5.20841851429578E-11	12.4818465764805	1.52844744341974E-12	2.67119672764798E-10	143.310773497546	1E10	1E-30	1E-10	1E10	1E-30	1E-10	1E10	1E-30	1E-10	1E10	1E-30	1E-10
105	9.45480784110946E-06	1E10	5E7	1E-30	2.09503899196473E-10	1E10	1E-30	1E10	6.84203878986881E-03	1.32733187913128E-03	1E10	1.91301930093359	1.34778802632639E-03	1E10	0.258361750226505	1.34210725669508E-03	1E10	4.58546334881261E-02	2.28147780116802E-03	1E10	6.75794218553165E-03	8.49435401787298E-04	1E10	3.95485888594666E-03	1E-30	3.14653848914726E-11	8.48292031763632E-02	1E-30	7.10726028444607E-11	2.68868711430045E-02	1E-30	5.04097091435546E-10	2.05997637336458E-02	3.0033639785678E-05	1.1369792393419E-10	6.41111326423069E-03	1.37590246558487E-05	1.11730430369145E-10	7.22956423821894E-03	1.36394391106491E-12	1.80645326965154E-10	27.0442888660918	1E10	1E-30	1E-10	1E10	1E-30	1E-10	1E10	1E-30	1E-10	1E10	1E-30	1E-10
106	6.63250667953568E-06	1E10	5E6	1E-30	1.70522395479609E-10	1E10	1E-30	1E10	8.20563991414056E-03	1.68237446348337E-04	1E10	25.6105794088987	2.39183223937337E-04	1E10	2.22605554300154	2.16088367145165E-04	1E10	0.388368449008184	1.84982670213747E-04	1E10	5.87450997793464E-02	1.26763139115477E-04	1E10	1.05234247060634E-02	1E-30	2.12430365948714E-11	7.30782063974344E-02	1E-30	4.62589063060779E-11	2.42428941495745E-02	1E-30	3.2277906815024E-10	2.09030850134583E-02	1.74949881515283E-05	1.03567017372063E-10	7.42733409399278E-03	7.19649393419901E-06	1.10090262620846E-10	9.03593672261953E-03	1.58206084574336E-11	7.50889187705983E-11	16.0790770844707	1.73469522232944E-12	2.85480106977574E-10	119.19584513385	1E10	1E-30	1E-10	1E10	1E-30	1E-10	1E10	1E-30	1E-10
107	6.63250667953568E-06	1E10	5E6	1E-30	1.70522395479609E-10	1E10	1E-30	1E10	8.20563991414056E-03	1.68237446348337E-04	1E10	25.6105794088987	2.39183223937337E-04	1E10	2.22605554300154	2.16088367145165E-04	1E10	0.388368449008184	1.84982670213747E-04	1E10	5.87450997793464E-02	1.26763139115477E-04	1E10	1.05234247060634E-02	1E-30	2.12430365948714E-11	7.30782063974344E-02	1E-30	4.62589063060779E-11	2.42428941495745E-02	1E-30	3.2277906815024E-10	2.09030850134583E-02	1.74949881515283E-05	1.03567017372063E-10	7.42733409399278E-03	7.19649393419901E-06	1.10090262620846E-10	9.03593672261953E-03	1.58206084574336E-11	7.50889187705983E-11	16.0790770844707	1.73469522232944E-12	2.85480106977574E-10	119.19584513385	1E10	1E-30	1E-10	1E10	1E-30	1E-10	1E10	1E-30	1E-10
108	1.53905582711797E-05	1E10	2272727	1E-30	1.08068791026392E-10	1E10	1E-30	1E10	4.20360001194069E-03	3.97247493979439E-04	1E10	13.0508173238515	5.6912496364525E-04	1E10	1.09915534513457	4.85512187044698E-04	1E10	0.176217416054553	4.66650235715909E-04	1E10	2.25011542813785E-02	3.0357728394876E-04	1E10	4.26102152594424E-03	1E-30	2.61050983625503E-11	6.94199420506209E-02	1E-30	7.69977004994087E-11	2.52595305266481E-02	1E-30	4.5564696357993E-10	1.44331906626068E-02	3.34711764752318E-05	1.25375229371378E-10	4.81778856767893E-03	2.08203433939177E-05	9.00774980418488E-11	4.71887052068744E-03	1.89892906175329E-11	5.33927834810315E-11	11.1741492301061	1.44796659539193E-12	2.94939108942093E-10	119.733166196647	1E10	1E-30	1E-10	1E10	1E-30	1E-10	1E10	1E-30	1E-10
109	1.53905582711797E-05	1E10	2272727	1E-30	1.08068791026392E-10	1E10	1E-30	1E10	4.20360001194069E-03	3.97247493979439E-04	1E10	13.0508173238515	5.6912496364525E-04	1E10	1.09915534513457	4.85512187044698E-04	1E10	0.176217416054553	4.66650235715909E-04	1E10	2.25011542813785E-02	3.0357728394876E-04	1E10	4.26102152594424E-03	1E-30	2.61050983625503E-11	6.94199420506209E-02	1E-30	7.69977004994087E-11	2.52595305266481E-02	1E-30	4.5564696357993E-10	1.44331906626068E-02	3.34711764752318E-05	1.25375229371378E-10	4.81778856767893E-03	2.08203433939177E-05	9.00774980418488E-11	4.71887052068744E-03	1.89892906175329E-11	5.33927834810315E-11	11.1741492301061	1.44796659539193E-12	2.94939108942093E-10	119.733166196647	1E10	1E-30	1E-10	1E10	1E-30	1E-10	1E10	1E-30	1E-10
110	1.53905582711797E-05	1E10	2272727	1E-30	1.08068791026392E-10	1E10	1E-30	1E10	4.20360001194069E-03	3.97247493979439E-04	1E10	13.0508173238515	5.6912496364525E-04	1E10	1.09915534513457	4.85512187044698E-04	1E10	0.176217416054553	4.66650235715909E-04	1E10	2.25011542813785E-02	3.0357728394876E-04	1E10	4.26102152594424E-03	1E-30	2.61050983625503E-11	6.94199420506209E-02	1E-30	7.69977004994087E-11	2.52595305266481E-02	1E-30	4.5564696357993E-10	1.44331906626068E-02	3.34711764752318E-05	1.25375229371378E-10	4.81778856767893E-03	2.08203433939177E-05	9.00774980418488E-11	4.71887052068744E-03	1.89892906175329E-11	5.33927834810315E-11	11.1741492301061	1.44796659539193E-12	2.94939108942093E-10	119.733166196647	1E10	1E-30	1E-10	1E10	1E-30	1E-10	1E10	1E-30	1E-10
111	1.53905582711797E-05	1E10	2272727	1E-30	1.08068791026392E-10	1E10	1E-30	1E10	4.20360001194069E-03	3.97247493979439E-04	1E10	13.0508173238515	5.6912496364525E-04	1E10	1.09915534513457	4.85512187044698E-04	1E10	0.176217416054553	4.66650235715909E-04	1E10	2.25011542813785E-02	3.0357728394876E-04	1E10	4.26102152594424E-03	1E-30	2.61050983625503E-11	6.94199420506209E-02	1E-30	7.69977004994087E-11	2.52595305266481E-02	1E-30	4.5564696357993E-10	1.44331906626068E-02	3.34711764752318E-05	1.25375229371378E-10	4.81778856767893E-03	2.08203433939177E-05	9.00774980418488E-11	4.71887052068744E-03	1.89892906175329E-11	5.33927834810315E-11	11.1741492301061	1.44796659539193E-12	2.94939108942093E-10	119.733166196647	1E10	1E-30	1E-10	1E10	1E-30	1E-10	1E10	1E-30	1E-10
112	1.53905582711797E-05	1E10	2272727	1E-30	1.08068791026392E-10	1E10	1E-30	1E10	4.20360001194069E-03	3.97247493979439E-04	1E10	13.0508173238515	5.6912496364525E-04	1E10	1.09915534513457	4.85512187044698E-04	1E10	0.176217416054553	4.66650235715909E-04	1E10	2.25011542813785E-02	3.0357728394876E-04	1E10	4.26102152594424E-03	1E-30	2.61050983625503E-11	6.94199420506209E-02	1E-30	7.69977004994087E-11	2.52595305266481E-02	1E-30	4.5564696357993E-10	1.44331906626068E-02	3.34711764752318E-05	1.25375229371378E-10	4.81778856767893E-03	2.08203433939177E-05	9.00774980418488E-11	4.71887052068744E-03	1.89892906175329E-11	5.33927834810315E-11	11.1741492301061	1.44796659539193E-12	2.94939108942093E-10	119.733166196647	1E10	1E-30	1E-10	1E10	1E-30	1E-10	1E10	1E-30	1E-10
END DSCRDATA
