BEGIN DSCRDATA
% INDEX	K01	L01	M01	K02	L02	M02	K03	L03	M03	K04	L04	M04	K05	L05	M05	K06	L06	M06	K07	L07	M07	K08	L08	M08	K09	L09	M09	K10	L10	M10	K11	L11	M11	K12	L12	M12	K13	L13	M13	K14	L14	M14	K15	L15	M15	K16	L16	M16	K17	L17	M17	K18	L18	M18	T01	T02	T03
0	0	0	0	0	0	0	0	0	0	0	0	0	0	0	0	0	0	0	0	0	0	0	0	0	0	0	0	0	0	0	0	0	0	0	0	0	0	0	0	0	0	0	0	0	0	0	0	0	0	0	0	0	0	0	0	0	0
1	1E-11	1E10	1E11	1E-30	6.46401149372556E-11	1E10	1E-30	1E10	0.234100138810515	6.65534382500494E-11	1E10	2807.09684340182	1E-30	3.12354332868112E-11	0.304461290623304	6.87917445871724E-13	5.2528315243422E-10	265.362772583081	1E10	1E-30	1E-10	1E10	1E-30	1E-10	1E10	1E-30	1E-10	1E10	1E-30	1E-10	1E10	1E-30	1E-10	1E10	1E-30	1E-10	1E10	1E-30	1E-10	1E10	1E-30	1E-10	1E10	1E-30	1E-10	1E10	1E-30	1E-10	1E10	1E-30	1E-10	1E10	1E-30	1E-10	2	-1	1
2	1E-11	1E10	1E11	1E-30	6.46401149372556E-11	1E10	1E-30	1E10	0.234100138810515	6.65534382500494E-11	1E10	2807.09684340182	1E-30	3.12354332868112E-11	0.304461290623304	6.87917445871724E-13	5.2528315243422E-10	265.362772583081	1E10	1E-30	1E-10	1E10	1E-30	1E-10	1E10	1E-30	1E-10	1E10	1E-30	1E-10	1E10	1E-30	1E-10	1E10	1E-30	1E-10	1E10	1E-30	1E-10	1E10	1E-30	1E-10	1E10	1E-30	1E-10	1E10	1E-30	1E-10	1E10	1E-30	1E-10	1E10	1E-30	1E-10	2	-2	2
3	1E-11	1E10	1E11	1E-30	6.46401149372556E-11	1E10	1E-30	1E10	0.234100138810515	6.65534382500494E-11	1E10	2807.09684340182	1E-30	3.12354332868112E-11	0.304461290623304	6.87917445871724E-13	5.2528315243422E-10	265.362772583081	1E10	1E-30	1E-10	1E10	1E-30	1E-10	1E10	1E-30	1E-10	1E10	1E-30	1E-10	1E10	1E-30	1E-10	1E10	1E-30	1E-10	1E10	1E-30	1E-10	1E10	1E-30	1E-10	1E10	1E-30	1E-10	1E10	1E-30	1E-10	1E10	1E-30	1E-10	1E10	1E-30	1E-10	2	-5	5
4	1E-11	1E10	1E11	1E-30	6.46401149372556E-11	1E10	1E-30	1E10	0.234100138810515	6.65534382500494E-11	1E10	2807.09684340182	1E-30	3.12354332868112E-11	0.304461290623304	6.87917445871724E-13	5.2528315243422E-10	265.362772583081	1E10	1E-30	1E-10	1E10	1E-30	1E-10	1E10	1E-30	1E-10	1E10	1E-30	1E-10	1E10	1E-30	1E-10	1E10	1E-30	1E-10	1E10	1E-30	1E-10	1E10	1E-30	1E-10	1E10	1E-30	1E-10	1E10	1E-30	1E-10	1E10	1E-30	1E-10	1E10	1E-30	1E-10	2	-1	1
5	1E-11	1E10	1E11	1E-30	6.46401149372556E-11	1E10	1E-30	1E10	0.234100138810515	6.65534382500494E-11	1E10	2807.09684340182	1E-30	3.12354332868112E-11	0.304461290623304	6.87917445871724E-13	5.2528315243422E-10	265.362772583081	1E10	1E-30	1E-10	1E10	1E-30	1E-10	1E10	1E-30	1E-10	1E10	1E-30	1E-10	1E10	1E-30	1E-10	1E10	1E-30	1E-10	1E10	1E-30	1E-10	1E10	1E-30	1E-10	1E10	1E-30	1E-10	1E10	1E-30	1E-10	1E10	1E-30	1E-10	1E10	1E-30	1E-10	2	-2	2
6	1E-11	1E10	1E11	1E-30	6.46401149372556E-11	1E10	1E-30	1E10	0.234100138810515	6.65534382500494E-11	1E10	2807.09684340182	1E-30	3.12354332868112E-11	0.304461290623304	6.87917445871724E-13	5.2528315243422E-10	265.362772583081	1E10	1E-30	1E-10	1E10	1E-30	1E-10	1E10	1E-30	1E-10	1E10	1E-30	1E-10	1E10	1E-30	1E-10	1E10	1E-30	1E-10	1E10	1E-30	1E-10	1E10	1E-30	1E-10	1E10	1E-30	1E-10	1E10	1E-30	1E-10	1E10	1E-30	1E-10	1E10	1E-30	1E-10	2	-5	5
7	1.2E-11	1E10	1E11	1E-30	6.86476016946641E-11	1E10	1E-30	1E10	0.294529257967689	5.21849974247104E-09	1E10	14.9238964204322	1E-30	1.59833897094195E-11	0.726444051289562	1.14464500018212E-11	5.04275209024138E-11	14.8719356450623	8.4225073206845E-13	4.54028375475467E-10	206.003657520242	1E10	1E-30	1E-10	1E10	1E-30	1E-10	1E10	1E-30	1E-10	1E10	1E-30	1E-10	1E10	1E-30	1E-10	1E10	1E-30	1E-10	1E10	1E-30	1E-10	1E10	1E-30	1E-10	1E10	1E-30	1E-10	1E10	1E-30	1E-10	1E10	1E-30	1E-10	2	-1	1
8	1.2E-11	1E10	1E11	1E-30	6.86476016946641E-11	1E10	1E-30	1E10	0.294529257967689	5.21849974247104E-09	1E10	14.9238964204322	1E-30	1.59833897094195E-11	0.726444051289562	1.14464500018212E-11	5.04275209024138E-11	14.8719356450623	8.4225073206845E-13	4.54028375475467E-10	206.003657520242	1E10	1E-30	1E-10	1E10	1E-30	1E-10	1E10	1E-30	1E-10	1E10	1E-30	1E-10	1E10	1E-30	1E-10	1E10	1E-30	1E-10	1E10	1E-30	1E-10	1E10	1E-30	1E-10	1E10	1E-30	1E-10	1E10	1E-30	1E-10	1E10	1E-30	1E-10	2	-2	2
9	1.2E-11	1E10	1E11	1E-30	6.86476016946641E-11	1E10	1E-30	1E10	0.294529257967689	5.21849974247104E-09	1E10	14.9238964204322	1E-30	1.59833897094195E-11	0.726444051289562	1.14464500018212E-11	5.04275209024138E-11	14.8719356450623	8.4225073206845E-13	4.54028375475467E-10	206.003657520242	1E10	1E-30	1E-10	1E10	1E-30	1E-10	1E10	1E-30	1E-10	1E10	1E-30	1E-10	1E10	1E-30	1E-10	1E10	1E-30	1E-10	1E10	1E-30	1E-10	1E10	1E-30	1E-10	1E10	1E-30	1E-10	1E10	1E-30	1E-10	1E10	1E-30	1E-10	2	-5	5
10	1.2E-11	1E10	1E11	1E-30	6.86476016946641E-11	1E10	1E-30	1E10	0.294529257967689	5.21849974247104E-09	1E10	14.9238964204322	1E-30	1.59833897094195E-11	0.726444051289562	1.14464500018212E-11	5.04275209024138E-11	14.8719356450623	8.4225073206845E-13	4.54028375475467E-10	206.003657520242	1E10	1E-30	1E-10	1E10	1E-30	1E-10	1E10	1E-30	1E-10	1E10	1E-30	1E-10	1E10	1E-30	1E-10	1E10	1E-30	1E-10	1E10	1E-30	1E-10	1E10	1E-30	1E-10	1E10	1E-30	1E-10	1E10	1E-30	1E-10	1E10	1E-30	1E-10	2	-1	1
11	1.2E-11	1E10	1E11	1E-30	6.86476016946641E-11	1E10	1E-30	1E10	0.294529257967689	5.21849974247104E-09	1E10	14.9238964204322	1E-30	1.59833897094195E-11	0.726444051289562	1.14464500018212E-11	5.04275209024138E-11	14.8719356450623	8.4225073206845E-13	4.54028375475467E-10	206.003657520242	1E10	1E-30	1E-10	1E10	1E-30	1E-10	1E10	1E-30	1E-10	1E10	1E-30	1E-10	1E10	1E-30	1E-10	1E10	1E-30	1E-10	1E10	1E-30	1E-10	1E10	1E-30	1E-10	1E10	1E-30	1E-10	1E10	1E-30	1E-10	1E10	1E-30	1E-10	2	-2	2
12	1.2E-11	1E10	1E11	1E-30	6.86476016946641E-11	1E10	1E-30	1E10	0.294529257967689	5.21849974247104E-09	1E10	14.9238964204322	1E-30	1.59833897094195E-11	0.726444051289562	1.14464500018212E-11	5.04275209024138E-11	14.8719356450623	8.4225073206845E-13	4.54028375475467E-10	206.003657520242	1E10	1E-30	1E-10	1E10	1E-30	1E-10	1E10	1E-30	1E-10	1E10	1E-30	1E-10	1E10	1E-30	1E-10	1E10	1E-30	1E-10	1E10	1E-30	1E-10	1E10	1E-30	1E-10	1E10	1E-30	1E-10	1E10	1E-30	1E-10	1E10	1E-30	1E-10	2	-5	5
13	1.5E-11	1E10	1E11	1E-30	1.32605521563122E-10	1E10	1E-30	1E10	0.250190209961243	3.57455402294841E-10	1E10	38.7441401916599	3.12279749719782E-11	3.29456071531891E-11	8.92028126819858	8.86180153365783E-12	8.77445031769148E-11	15.052330231995	2.89107882221248E-12	2.14153960219407E-10	74.3914481850906	4.23695975147178E-12	9.567124092465E-11	37.5145252143276	1E10	1E-30	1E-10	1E10	1E-30	1E-10	1E10	1E-30	1E-10	1E10	1E-30	1E-10	1E10	1E-30	1E-10	1E10	1E-30	1E-10	1E10	1E-30	1E-10	1E10	1E-30	1E-10	1E10	1E-30	1E-10	1E10	1E-30	1E-10	2	-1	1
14	1.5E-11	1E10	1E11	1E-30	1.32605521563122E-10	1E10	1E-30	1E10	0.250190209961243	3.57455402294841E-10	1E10	38.7441401916599	3.12279749719782E-11	3.29456071531891E-11	8.92028126819858	8.86180153365783E-12	8.77445031769148E-11	15.052330231995	2.89107882221248E-12	2.14153960219407E-10	74.3914481850906	4.23695975147178E-12	9.567124092465E-11	37.5145252143276	1E10	1E-30	1E-10	1E10	1E-30	1E-10	1E10	1E-30	1E-10	1E10	1E-30	1E-10	1E10	1E-30	1E-10	1E10	1E-30	1E-10	1E10	1E-30	1E-10	1E10	1E-30	1E-10	1E10	1E-30	1E-10	1E10	1E-30	1E-10	2	-2	2
15	1.5E-11	1E10	1E11	1E-30	1.32605521563122E-10	1E10	1E-30	1E10	0.250190209961243	3.57455402294841E-10	1E10	38.7441401916599	3.12279749719782E-11	3.29456071531891E-11	8.92028126819858	8.86180153365783E-12	8.77445031769148E-11	15.052330231995	2.89107882221248E-12	2.14153960219407E-10	74.3914481850906	4.23695975147178E-12	9.567124092465E-11	37.5145252143276	1E10	1E-30	1E-10	1E10	1E-30	1E-10	1E10	1E-30	1E-10	1E10	1E-30	1E-10	1E10	1E-30	1E-10	1E10	1E-30	1E-10	1E10	1E-30	1E-10	1E10	1E-30	1E-10	1E10	1E-30	1E-10	1E10	1E-30	1E-10	2	-5	5
16	1.5E-11	1E10	1E11	1E-30	1.32605521563122E-10	1E10	1E-30	1E10	0.250190209961243	3.57455402294841E-10	1E10	38.7441401916599	3.12279749719782E-11	3.29456071531891E-11	8.92028126819858	8.86180153365783E-12	8.77445031769148E-11	15.052330231995	2.89107882221248E-12	2.14153960219407E-10	74.3914481850906	4.23695975147178E-12	9.567124092465E-11	37.5145252143276	1E10	1E-30	1E-10	1E10	1E-30	1E-10	1E10	1E-30	1E-10	1E10	1E-30	1E-10	1E10	1E-30	1E-10	1E10	1E-30	1E-10	1E10	1E-30	1E-10	1E10	1E-30	1E-10	1E10	1E-30	1E-10	1E10	1E-30	1E-10	2	-1	1
17	1.5E-11	1E10	1E11	1E-30	1.32605521563122E-10	1E10	1E-30	1E10	0.250190209961243	3.57455402294841E-10	1E10	38.7441401916599	3.12279749719782E-11	3.29456071531891E-11	8.92028126819858	8.86180153365783E-12	8.77445031769148E-11	15.052330231995	2.89107882221248E-12	2.14153960219407E-10	74.3914481850906	4.23695975147178E-12	9.567124092465E-11	37.5145252143276	1E10	1E-30	1E-10	1E10	1E-30	1E-10	1E10	1E-30	1E-10	1E10	1E-30	1E-10	1E10	1E-30	1E-10	1E10	1E-30	1E-10	1E10	1E-30	1E-10	1E10	1E-30	1E-10	1E10	1E-30	1E-10	1E10	1E-30	1E-10	2	-2	2
18	1.5E-11	1E10	1E11	1E-30	1.32605521563122E-10	1E10	1E-30	1E10	0.250190209961243	3.57455402294841E-10	1E10	38.7441401916599	3.12279749719782E-11	3.29456071531891E-11	8.92028126819858	8.86180153365783E-12	8.77445031769148E-11	15.052330231995	2.89107882221248E-12	2.14153960219407E-10	74.3914481850906	4.23695975147178E-12	9.567124092465E-11	37.5145252143276	1E10	1E-30	1E-10	1E10	1E-30	1E-10	1E10	1E-30	1E-10	1E10	1E-30	1E-10	1E10	1E-30	1E-10	1E10	1E-30	1E-10	1E10	1E-30	1E-10	1E10	1E-30	1E-10	1E10	1E-30	1E-10	1E10	1E-30	1E-10	2	-5	5
19	1.8E-11	1E10	1E11	1E-30	1.0187070134128E-10	1E10	1E-30	1E10	0.24227144050757	2.77990671156372E-06	1E10	106.511786840322	2.08142079474975E-10	5.61986750981521E-12	2.42075113835625	4.09064719038601E-12	1.27851403403369E-10	55.8047207008361	9.28254279073471E-13	3.30605152361359E-10	96.1293474911971	1E10	1E-30	1E-10	1E10	1E-30	1E-10	1E10	1E-30	1E-10	1E10	1E-30	1E-10	1E10	1E-30	1E-10	1E10	1E-30	1E-10	1E10	1E-30	1E-10	1E10	1E-30	1E-10	1E10	1E-30	1E-10	1E10	1E-30	1E-10	1E10	1E-30	1E-10	2	-1	1
20	1.8E-11	1E10	1E11	1E-30	1.0187070134128E-10	1E10	1E-30	1E10	0.24227144050757	2.77990671156372E-06	1E10	106.511786840322	2.08142079474975E-10	5.61986750981521E-12	2.42075113835625	4.09064719038601E-12	1.27851403403369E-10	55.8047207008361	9.28254279073471E-13	3.30605152361359E-10	96.1293474911971	1E10	1E-30	1E-10	1E10	1E-30	1E-10	1E10	1E-30	1E-10	1E10	1E-30	1E-10	1E10	1E-30	1E-10	1E10	1E-30	1E-10	1E10	1E-30	1E-10	1E10	1E-30	1E-10	1E10	1E-30	1E-10	1E10	1E-30	1E-10	1E10	1E-30	1E-10	2	-2	2
21	1.8E-11	1E10	1E11	1E-30	1.0187070134128E-10	1E10	1E-30	1E10	0.24227144050757	2.77990671156372E-06	1E10	106.511786840322	2.08142079474975E-10	5.61986750981521E-12	2.42075113835625	4.09064719038601E-12	1.27851403403369E-10	55.8047207008361	9.28254279073471E-13	3.30605152361359E-10	96.1293474911971	1E10	1E-30	1E-10	1E10	1E-30	1E-10	1E10	1E-30	1E-10	1E10	1E-30	1E-10	1E10	1E-30	1E-10	1E10	1E-30	1E-10	1E10	1E-30	1E-10	1E10	1E-30	1E-10	1E10	1E-30	1E-10	1E10	1E-30	1E-10	1E10	1E-30	1E-10	2	-5	5
22	1.8E-11	1E10	1E11	1E-30	1.0187070134128E-10	1E10	1E-30	1E10	0.24227144050757	2.77990671156372E-06	1E10	106.511786840322	2.08142079474975E-10	5.61986750981521E-12	2.42075113835625	4.09064719038601E-12	1.27851403403369E-10	55.8047207008361	9.28254279073471E-13	3.30605152361359E-10	96.1293474911971	1E10	1E-30	1E-10	1E10	1E-30	1E-10	1E10	1E-30	1E-10	1E10	1E-30	1E-10	1E10	1E-30	1E-10	1E10	1E-30	1E-10	1E10	1E-30	1E-10	1E10	1E-30	1E-10	1E10	1E-30	1E-10	1E10	1E-30	1E-10	1E10	1E-30	1E-10	2	-1	1
23	1.8E-11	1E10	1E11	1E-30	1.0187070134128E-10	1E10	1E-30	1E10	0.24227144050757	2.77990671156372E-06	1E10	106.511786840322	2.08142079474975E-10	5.61986750981521E-12	2.42075113835625	4.09064719038601E-12	1.27851403403369E-10	55.8047207008361	9.28254279073471E-13	3.30605152361359E-10	96.1293474911971	1E10	1E-30	1E-10	1E10	1E-30	1E-10	1E10	1E-30	1E-10	1E10	1E-30	1E-10	1E10	1E-30	1E-10	1E10	1E-30	1E-10	1E10	1E-30	1E-10	1E10	1E-30	1E-10	1E10	1E-30	1E-10	1E10	1E-30	1E-10	1E10	1E-30	1E-10	2	-2	2
24	1.8E-11	1E10	1E11	1E-30	1.0187070134128E-10	1E10	1E-30	1E10	0.24227144050757	2.77990671156372E-06	1E10	106.511786840322	2.08142079474975E-10	5.61986750981521E-12	2.42075113835625	4.09064719038601E-12	1.27851403403369E-10	55.8047207008361	9.28254279073471E-13	3.30605152361359E-10	96.1293474911971	1E10	1E-30	1E-10	1E10	1E-30	1E-10	1E10	1E-30	1E-10	1E10	1E-30	1E-10	1E10	1E-30	1E-10	1E10	1E-30	1E-10	1E10	1E-30	1E-10	1E10	1E-30	1E-10	1E10	1E-30	1E-10	1E10	1E-30	1E-10	1E10	1E-30	1E-10	2	-5	5
25	2.2E-11	1E10	1E11	1E-30	4.81038216751855E-12	1E10	1E-30	1E10	0.225478813882611	6.61754793059382E-10	1E10	109.832481757574	1.50291861090487E-10	1.05278403463795E-11	2.37833208886192	8.05883059699401E-12	8.29990787857544E-11	23.8419772005311	1.37086275162675E-11	2.9081469518609E-11	4.04222346513236	7.53658727735835E-13	4.08216891892548E-10	241.641537920808	1E10	1E-30	1E-10	1E10	1E-30	1E-10	1E10	1E-30	1E-10	1E10	1E-30	1E-10	1E10	1E-30	1E-10	1E10	1E-30	1E-10	1E10	1E-30	1E-10	1E10	1E-30	1E-10	1E10	1E-30	1E-10	1E10	1E-30	1E-10	2	-1	1
26	2.2E-11	1E10	1E11	1E-30	4.81038216751855E-12	1E10	1E-30	1E10	0.225478813882611	6.61754793059382E-10	1E10	109.832481757574	1.50291861090487E-10	1.05278403463795E-11	2.37833208886192	8.05883059699401E-12	8.29990787857544E-11	23.8419772005311	1.37086275162675E-11	2.9081469518609E-11	4.04222346513236	7.53658727735835E-13	4.08216891892548E-10	241.641537920808	1E10	1E-30	1E-10	1E10	1E-30	1E-10	1E10	1E-30	1E-10	1E10	1E-30	1E-10	1E10	1E-30	1E-10	1E10	1E-30	1E-10	1E10	1E-30	1E-10	1E10	1E-30	1E-10	1E10	1E-30	1E-10	1E10	1E-30	1E-10	2	-2	2
27	2.2E-11	1E10	1E11	1E-30	4.81038216751855E-12	1E10	1E-30	1E10	0.225478813882611	6.61754793059382E-10	1E10	109.832481757574	1.50291861090487E-10	1.05278403463795E-11	2.37833208886192	8.05883059699401E-12	8.29990787857544E-11	23.8419772005311	1.37086275162675E-11	2.9081469518609E-11	4.04222346513236	7.53658727735835E-13	4.08216891892548E-10	241.641537920808	1E10	1E-30	1E-10	1E10	1E-30	1E-10	1E10	1E-30	1E-10	1E10	1E-30	1E-10	1E10	1E-30	1E-10	1E10	1E-30	1E-10	1E10	1E-30	1E-10	1E10	1E-30	1E-10	1E10	1E-30	1E-10	1E10	1E-30	1E-10	2	-5	5
28	2.2E-11	1E10	1E11	1E-30	4.81038216751855E-12	1E10	1E-30	1E10	0.225478813882611	6.61754793059382E-10	1E10	109.832481757574	1.50291861090487E-10	1.05278403463795E-11	2.37833208886192	8.05883059699401E-12	8.29990787857544E-11	23.8419772005311	1.37086275162675E-11	2.9081469518609E-11	4.04222346513236	7.53658727735835E-13	4.08216891892548E-10	241.641537920808	1E10	1E-30	1E-10	1E10	1E-30	1E-10	1E10	1E-30	1E-10	1E10	1E-30	1E-10	1E10	1E-30	1E-10	1E10	1E-30	1E-10	1E10	1E-30	1E-10	1E10	1E-30	1E-10	1E10	1E-30	1E-10	1E10	1E-30	1E-10	2	-1	1
29	2.2E-11	1E10	1E11	1E-30	4.81038216751855E-12	1E10	1E-30	1E10	0.225478813882611	6.61754793059382E-10	1E10	109.832481757574	1.50291861090487E-10	1.05278403463795E-11	2.37833208886192	8.05883059699401E-12	8.29990787857544E-11	23.8419772005311	1.37086275162675E-11	2.9081469518609E-11	4.04222346513236	7.53658727735835E-13	4.08216891892548E-10	241.641537920808	1E10	1E-30	1E-10	1E10	1E-30	1E-10	1E10	1E-30	1E-10	1E10	1E-30	1E-10	1E10	1E-30	1E-10	1E10	1E-30	1E-10	1E10	1E-30	1E-10	1E10	1E-30	1E-10	1E10	1E-30	1E-10	1E10	1E-30	1E-10	2	-2	2
30	2.2E-11	1E10	1E11	1E-30	4.81038216751855E-12	1E10	1E-30	1E10	0.225478813882611	6.61754793059382E-10	1E10	109.832481757574	1.50291861090487E-10	1.05278403463795E-11	2.37833208886192	8.05883059699401E-12	8.29990787857544E-11	23.8419772005311	1.37086275162675E-11	2.9081469518609E-11	4.04222346513236	7.53658727735835E-13	4.08216891892548E-10	241.641537920808	1E10	1E-30	1E-10	1E10	1E-30	1E-10	1E10	1E-30	1E-10	1E10	1E-30	1E-10	1E10	1E-30	1E-10	1E10	1E-30	1E-10	1E10	1E-30	1E-10	1E10	1E-30	1E-10	1E10	1E-30	1E-10	1E10	1E-30	1E-10	2	-5	5
31	2.7E-11	1E10	1E11	1E-30	1.63850042580796E-10	1E10	1E-30	1E10	0.206819445951765	2.13606830362613E-09	1E10	11.6788353616989	1E-30	1.56463920477472E-11	0.198335080211509	7.48973249529501E-13	4.78148763635905E-10	126.633428512579	1E10	1E-30	1E-10	1E10	1E-30	1E-10	1E10	1E-30	1E-10	1E10	1E-30	1E-10	1E10	1E-30	1E-10	1E10	1E-30	1E-10	1E10	1E-30	1E-10	1E10	1E-30	1E-10	1E10	1E-30	1E-10	1E10	1E-30	1E-10	1E10	1E-30	1E-10	1E10	1E-30	1E-10	2	-1	1
32	2.7E-11	1E10	1E11	1E-30	1.63850042580796E-10	1E10	1E-30	1E10	0.206819445951765	2.13606830362613E-09	1E10	11.6788353616989	1E-30	1.56463920477472E-11	0.198335080211509	7.48973249529501E-13	4.78148763635905E-10	126.633428512579	1E10	1E-30	1E-10	1E10	1E-30	1E-10	1E10	1E-30	1E-10	1E10	1E-30	1E-10	1E10	1E-30	1E-10	1E10	1E-30	1E-10	1E10	1E-30	1E-10	1E10	1E-30	1E-10	1E10	1E-30	1E-10	1E10	1E-30	1E-10	1E10	1E-30	1E-10	1E10	1E-30	1E-10	2	-2	2
33	2.7E-11	1E10	1E11	1E-30	1.63850042580796E-10	1E10	1E-30	1E10	0.206819445951765	2.13606830362613E-09	1E10	11.6788353616989	1E-30	1.56463920477472E-11	0.198335080211509	7.48973249529501E-13	4.78148763635905E-10	126.633428512579	1E10	1E-30	1E-10	1E10	1E-30	1E-10	1E10	1E-30	1E-10	1E10	1E-30	1E-10	1E10	1E-30	1E-10	1E10	1E-30	1E-10	1E10	1E-30	1E-10	1E10	1E-30	1E-10	1E10	1E-30	1E-10	1E10	1E-30	1E-10	1E10	1E-30	1E-10	1E10	1E-30	1E-10	2	-5	5
34	2.7E-11	1E10	1E11	1E-30	1.63850042580796E-10	1E10	1E-30	1E10	0.206819445951765	2.13606830362613E-09	1E10	11.6788353616989	1E-30	1.56463920477472E-11	0.198335080211509	7.48973249529501E-13	4.78148763635905E-10	126.633428512579	1E10	1E-30	1E-10	1E10	1E-30	1E-10	1E10	1E-30	1E-10	1E10	1E-30	1E-10	1E10	1E-30	1E-10	1E10	1E-30	1E-10	1E10	1E-30	1E-10	1E10	1E-30	1E-10	1E10	1E-30	1E-10	1E10	1E-30	1E-10	1E10	1E-30	1E-10	1E10	1E-30	1E-10	2	-1	1
35	2.7E-11	1E10	1E11	1E-30	1.63850042580796E-10	1E10	1E-30	1E10	0.206819445951765	2.13606830362613E-09	1E10	11.6788353616989	1E-30	1.56463920477472E-11	0.198335080211509	7.48973249529501E-13	4.78148763635905E-10	126.633428512579	1E10	1E-30	1E-10	1E10	1E-30	1E-10	1E10	1E-30	1E-10	1E10	1E-30	1E-10	1E10	1E-30	1E-10	1E10	1E-30	1E-10	1E10	1E-30	1E-10	1E10	1E-30	1E-10	1E10	1E-30	1E-10	1E10	1E-30	1E-10	1E10	1E-30	1E-10	1E10	1E-30	1E-10	2	-2	2
36	2.7E-11	1E10	1E11	1E-30	1.63850042580796E-10	1E10	1E-30	1E10	0.206819445951765	2.13606830362613E-09	1E10	11.6788353616989	1E-30	1.56463920477472E-11	0.198335080211509	7.48973249529501E-13	4.78148763635905E-10	126.633428512579	1E10	1E-30	1E-10	1E10	1E-30	1E-10	1E10	1E-30	1E-10	1E10	1E-30	1E-10	1E10	1E-30	1E-10	1E10	1E-30	1E-10	1E10	1E-30	1E-10	1E10	1E-30	1E-10	1E10	1E-30	1E-10	1E10	1E-30	1E-10	1E10	1E-30	1E-10	1E10	1E-30	1E-10	2	-5	5
37	3.3E-11	1E10	1E11	1E-30	3.97626502883163E-10	1E10	1E-30	1E10	0.263847718788836	1E-30	7.47840422738896E-12	0.13360458128587	4.91025884588619E-10	8.98184634760043E-12	0.181449894906242	4.61745177984532E-10	4.03559641274588E-12	0.277273313092351	7.62065228545408E-11	1.54635317157871E-11	1.92761904105767	2.83182506877718E-12	2.0511579163485E-10	62.7915832060237	1E10	1E-30	1E-10	1E10	1E-30	1E-10	1E10	1E-30	1E-10	1E10	1E-30	1E-10	1E10	1E-30	1E-10	1E10	1E-30	1E-10	1E10	1E-30	1E-10	1E10	1E-30	1E-10	1E10	1E-30	1E-10	1E10	1E-30	1E-10	2	-1	1
38	3.3E-11	1E10	1E11	1E-30	3.97626502883163E-10	1E10	1E-30	1E10	0.263847718788836	1E-30	7.47840422738896E-12	0.13360458128587	4.91025884588619E-10	8.98184634760043E-12	0.181449894906242	4.61745177984532E-10	4.03559641274588E-12	0.277273313092351	7.62065228545408E-11	1.54635317157871E-11	1.92761904105767	2.83182506877718E-12	2.0511579163485E-10	62.7915832060237	1E10	1E-30	1E-10	1E10	1E-30	1E-10	1E10	1E-30	1E-10	1E10	1E-30	1E-10	1E10	1E-30	1E-10	1E10	1E-30	1E-10	1E10	1E-30	1E-10	1E10	1E-30	1E-10	1E10	1E-30	1E-10	1E10	1E-30	1E-10	2	-2	2
39	3.3E-11	1E10	1E11	1E-30	3.97626502883163E-10	1E10	1E-30	1E10	0.263847718788836	1E-30	7.47840422738896E-12	0.13360458128587	4.91025884588619E-10	8.98184634760043E-12	0.181449894906242	4.61745177984532E-10	4.03559641274588E-12	0.277273313092351	7.62065228545408E-11	1.54635317157871E-11	1.92761904105767	2.83182506877718E-12	2.0511579163485E-10	62.7915832060237	1E10	1E-30	1E-10	1E10	1E-30	1E-10	1E10	1E-30	1E-10	1E10	1E-30	1E-10	1E10	1E-30	1E-10	1E10	1E-30	1E-10	1E10	1E-30	1E-10	1E10	1E-30	1E-10	1E10	1E-30	1E-10	1E10	1E-30	1E-10	2	-5	5
40	3.3E-11	1E10	1E11	1E-30	3.97626502883163E-10	1E10	1E-30	1E10	0.263847718788836	1E-30	7.47840422738896E-12	0.13360458128587	4.91025884588619E-10	8.98184634760043E-12	0.181449894906242	4.61745177984532E-10	4.03559641274588E-12	0.277273313092351	7.62065228545408E-11	1.54635317157871E-11	1.92761904105767	2.83182506877718E-12	2.0511579163485E-10	62.7915832060237	1E10	1E-30	1E-10	1E10	1E-30	1E-10	1E10	1E-30	1E-10	1E10	1E-30	1E-10	1E10	1E-30	1E-10	1E10	1E-30	1E-10	1E10	1E-30	1E-10	1E10	1E-30	1E-10	1E10	1E-30	1E-10	1E10	1E-30	1E-10	2	-1	1
41	3.3E-11	1E10	1E11	1E-30	3.97626502883163E-10	1E10	1E-30	1E10	0.263847718788836	1E-30	7.47840422738896E-12	0.13360458128587	4.91025884588619E-10	8.98184634760043E-12	0.181449894906242	4.61745177984532E-10	4.03559641274588E-12	0.277273313092351	7.62065228545408E-11	1.54635317157871E-11	1.92761904105767	2.83182506877718E-12	2.0511579163485E-10	62.7915832060237	1E10	1E-30	1E-10	1E10	1E-30	1E-10	1E10	1E-30	1E-10	1E10	1E-30	1E-10	1E10	1E-30	1E-10	1E10	1E-30	1E-10	1E10	1E-30	1E-10	1E10	1E-30	1E-10	1E10	1E-30	1E-10	1E10	1E-30	1E-10	2	-2	2
42	3.3E-11	1E10	1E11	1E-30	3.97626502883163E-10	1E10	1E-30	1E10	0.263847718788836	1E-30	7.47840422738896E-12	0.13360458128587	4.91025884588619E-10	8.98184634760043E-12	0.181449894906242	4.61745177984532E-10	4.03559641274588E-12	0.277273313092351	7.62065228545408E-11	1.54635317157871E-11	1.92761904105767	2.83182506877718E-12	2.0511579163485E-10	62.7915832060237	1E10	1E-30	1E-10	1E10	1E-30	1E-10	1E10	1E-30	1E-10	1E10	1E-30	1E-10	1E10	1E-30	1E-10	1E10	1E-30	1E-10	1E10	1E-30	1E-10	1E10	1E-30	1E-10	1E10	1E-30	1E-10	1E10	1E-30	1E-10	2	-5	5
43	3.9E-11	1E10	1E11	1E-30	5.9803569223174E-11	1E10	1E-30	1E10	0.204200730870274	1.11044283349863E-09	1E10	153.43756115407	5.32395118809305E-13	5.98335009286898E-10	164.502404470059	1E10	1E-30	1E-10	1E10	1E-30	1E-10	1E10	1E-30	1E-10	1E10	1E-30	1E-10	1E10	1E-30	1E-10	1E10	1E-30	1E-10	1E10	1E-30	1E-10	1E10	1E-30	1E-10	1E10	1E-30	1E-10	1E10	1E-30	1E-10	1E10	1E-30	1E-10	1E10	1E-30	1E-10	1E10	1E-30	1E-10	2	-1	1
44	3.9E-11	1E10	1E11	1E-30	5.9803569223174E-11	1E10	1E-30	1E10	0.204200730870274	1.11044283349863E-09	1E10	153.43756115407	5.32395118809305E-13	5.98335009286898E-10	164.502404470059	1E10	1E-30	1E-10	1E10	1E-30	1E-10	1E10	1E-30	1E-10	1E10	1E-30	1E-10	1E10	1E-30	1E-10	1E10	1E-30	1E-10	1E10	1E-30	1E-10	1E10	1E-30	1E-10	1E10	1E-30	1E-10	1E10	1E-30	1E-10	1E10	1E-30	1E-10	1E10	1E-30	1E-10	1E10	1E-30	1E-10	2	-2	2
45	3.9E-11	1E10	1E11	1E-30	5.9803569223174E-11	1E10	1E-30	1E10	0.204200730870274	1.11044283349863E-09	1E10	153.43756115407	5.32395118809305E-13	5.98335009286898E-10	164.502404470059	1E10	1E-30	1E-10	1E10	1E-30	1E-10	1E10	1E-30	1E-10	1E10	1E-30	1E-10	1E10	1E-30	1E-10	1E10	1E-30	1E-10	1E10	1E-30	1E-10	1E10	1E-30	1E-10	1E10	1E-30	1E-10	1E10	1E-30	1E-10	1E10	1E-30	1E-10	1E10	1E-30	1E-10	1E10	1E-30	1E-10	2	-5	5
46	3.9E-11	1E10	1E11	1E-30	5.9803569223174E-11	1E10	1E-30	1E10	0.204200730870274	1.11044283349863E-09	1E10	153.43756115407	5.32395118809305E-13	5.98335009286898E-10	164.502404470059	1E10	1E-30	1E-10	1E10	1E-30	1E-10	1E10	1E-30	1E-10	1E10	1E-30	1E-10	1E10	1E-30	1E-10	1E10	1E-30	1E-10	1E10	1E-30	1E-10	1E10	1E-30	1E-10	1E10	1E-30	1E-10	1E10	1E-30	1E-10	1E10	1E-30	1E-10	1E10	1E-30	1E-10	1E10	1E-30	1E-10	2	-1	1
47	3.9E-11	1E10	1E11	1E-30	5.9803569223174E-11	1E10	1E-30	1E10	0.204200730870274	1.11044283349863E-09	1E10	153.43756115407	5.32395118809305E-13	5.98335009286898E-10	164.502404470059	1E10	1E-30	1E-10	1E10	1E-30	1E-10	1E10	1E-30	1E-10	1E10	1E-30	1E-10	1E10	1E-30	1E-10	1E10	1E-30	1E-10	1E10	1E-30	1E-10	1E10	1E-30	1E-10	1E10	1E-30	1E-10	1E10	1E-30	1E-10	1E10	1E-30	1E-10	1E10	1E-30	1E-10	1E10	1E-30	1E-10	2	-2	2
48	3.9E-11	1E10	1E11	1E-30	5.9803569223174E-11	1E10	1E-30	1E10	0.204200730870274	1.11044283349863E-09	1E10	153.43756115407	5.32395118809305E-13	5.98335009286898E-10	164.502404470059	1E10	1E-30	1E-10	1E10	1E-30	1E-10	1E10	1E-30	1E-10	1E10	1E-30	1E-10	1E10	1E-30	1E-10	1E10	1E-30	1E-10	1E10	1E-30	1E-10	1E10	1E-30	1E-10	1E10	1E-30	1E-10	1E10	1E-30	1E-10	1E10	1E-30	1E-10	1E10	1E-30	1E-10	1E10	1E-30	1E-10	2	-5	5
49	4.7E-11	1E10	1E11	1E-30	4.26075454294655E-10	1E10	1E-30	1E10	0.179142454231346	1E-30	8.72649231384016E-12	8.82974790588025E-02	2.42698636129859E-10	1.03384563965493E-11	0.753368194559051	2.19901344109027E-11	4.25669910021462E-11	5.58782197384414	2.43939816633259E-11	2.92561671216996E-11	5.68067256107407	3.71934861229976E-12	1.01821583930505E-10	21.4799519476704	1E10	1E-30	1E-10	1E10	1E-30	1E-10	1E10	1E-30	1E-10	1E10	1E-30	1E-10	1E10	1E-30	1E-10	1E10	1E-30	1E-10	1E10	1E-30	1E-10	1E10	1E-30	1E-10	1E10	1E-30	1E-10	1E10	1E-30	1E-10	2	-1	1
50	4.7E-11	1E10	1E11	1E-30	4.26075454294655E-10	1E10	1E-30	1E10	0.179142454231346	1E-30	8.72649231384016E-12	8.82974790588025E-02	2.42698636129859E-10	1.03384563965493E-11	0.753368194559051	2.19901344109027E-11	4.25669910021462E-11	5.58782197384414	2.43939816633259E-11	2.92561671216996E-11	5.68067256107407	3.71934861229976E-12	1.01821583930505E-10	21.4799519476704	1E10	1E-30	1E-10	1E10	1E-30	1E-10	1E10	1E-30	1E-10	1E10	1E-30	1E-10	1E10	1E-30	1E-10	1E10	1E-30	1E-10	1E10	1E-30	1E-10	1E10	1E-30	1E-10	1E10	1E-30	1E-10	1E10	1E-30	1E-10	2	-2	2
51	4.7E-11	1E10	1E11	1E-30	4.26075454294655E-10	1E10	1E-30	1E10	0.179142454231346	1E-30	8.72649231384016E-12	8.82974790588025E-02	2.42698636129859E-10	1.03384563965493E-11	0.753368194559051	2.19901344109027E-11	4.25669910021462E-11	5.58782197384414	2.43939816633259E-11	2.92561671216996E-11	5.68067256107407	3.71934861229976E-12	1.01821583930505E-10	21.4799519476704	1E10	1E-30	1E-10	1E10	1E-30	1E-10	1E10	1E-30	1E-10	1E10	1E-30	1E-10	1E10	1E-30	1E-10	1E10	1E-30	1E-10	1E10	1E-30	1E-10	1E10	1E-30	1E-10	1E10	1E-30	1E-10	1E10	1E-30	1E-10	2	-5	5
52	4.7E-11	1E10	1E11	1E-30	4.26075454294655E-10	1E10	1E-30	1E10	0.179142454231346	1E-30	8.72649231384016E-12	8.82974790588025E-02	2.42698636129859E-10	1.03384563965493E-11	0.753368194559051	2.19901344109027E-11	4.25669910021462E-11	5.58782197384414	2.43939816633259E-11	2.92561671216996E-11	5.68067256107407	3.71934861229976E-12	1.01821583930505E-10	21.4799519476704	1E10	1E-30	1E-10	1E10	1E-30	1E-10	1E10	1E-30	1E-10	1E10	1E-30	1E-10	1E10	1E-30	1E-10	1E10	1E-30	1E-10	1E10	1E-30	1E-10	1E10	1E-30	1E-10	1E10	1E-30	1E-10	1E10	1E-30	1E-10	2	-1	1
53	4.7E-11	1E10	1E11	1E-30	4.26075454294655E-10	1E10	1E-30	1E10	0.179142454231346	1E-30	8.72649231384016E-12	8.82974790588025E-02	2.42698636129859E-10	1.03384563965493E-11	0.753368194559051	2.19901344109027E-11	4.25669910021462E-11	5.58782197384414	2.43939816633259E-11	2.92561671216996E-11	5.68067256107407	3.71934861229976E-12	1.01821583930505E-10	21.4799519476704	1E10	1E-30	1E-10	1E10	1E-30	1E-10	1E10	1E-30	1E-10	1E10	1E-30	1E-10	1E10	1E-30	1E-10	1E10	1E-30	1E-10	1E10	1E-30	1E-10	1E10	1E-30	1E-10	1E10	1E-30	1E-10	1E10	1E-30	1E-10	2	-2	2
54	4.7E-11	1E10	1E11	1E-30	4.26075454294655E-10	1E10	1E-30	1E10	0.179142454231346	1E-30	8.72649231384016E-12	8.82974790588025E-02	2.42698636129859E-10	1.03384563965493E-11	0.753368194559051	2.19901344109027E-11	4.25669910021462E-11	5.58782197384414	2.43939816633259E-11	2.92561671216996E-11	5.68067256107407	3.71934861229976E-12	1.01821583930505E-10	21.4799519476704	1E10	1E-30	1E-10	1E10	1E-30	1E-10	1E10	1E-30	1E-10	1E10	1E-30	1E-10	1E10	1E-30	1E-10	1E10	1E-30	1E-10	1E10	1E-30	1E-10	1E10	1E-30	1E-10	1E10	1E-30	1E-10	1E10	1E-30	1E-10	2	-5	5
55	5.6E-11	1E10	1E11	1E-30	7.28026155644637E-15	1E10	1E-30	1E10	2.71976855209625E-02	1.14086451934257E-08	1E10	1.18629805581598	1E-30	3.93039136949568E-11	2.65989921941701	1E-30	2.5917818041361E-10	0.142713747228238	5.22586329677946E-10	6.70750809607799E-12	0.553197575715661	3.02073616003989E-11	3.84093197885053E-11	5.41983897358455	8.46788241131794E-13	5.1831558642882E-10	395.831399644944	1E10	1E-30	1E-10	1E10	1E-30	1E-10	1E10	1E-30	1E-10	1E10	1E-30	1E-10	1E10	1E-30	1E-10	1E10	1E-30	1E-10	1E10	1E-30	1E-10	1E10	1E-30	1E-10	1E10	1E-30	1E-10	2	-1	1
56	5.6E-11	1E10	1E11	1E-30	7.28026155644637E-15	1E10	1E-30	1E10	2.71976855209625E-02	1.14086451934257E-08	1E10	1.18629805581598	1E-30	3.93039136949568E-11	2.65989921941701	1E-30	2.5917818041361E-10	0.142713747228238	5.22586329677946E-10	6.70750809607799E-12	0.553197575715661	3.02073616003989E-11	3.84093197885053E-11	5.41983897358455	8.46788241131794E-13	5.1831558642882E-10	395.831399644944	1E10	1E-30	1E-10	1E10	1E-30	1E-10	1E10	1E-30	1E-10	1E10	1E-30	1E-10	1E10	1E-30	1E-10	1E10	1E-30	1E-10	1E10	1E-30	1E-10	1E10	1E-30	1E-10	1E10	1E-30	1E-10	2	-2	2
57	5.6E-11	1E10	1E11	1E-30	7.28026155644637E-15	1E10	1E-30	1E10	2.71976855209625E-02	1.14086451934257E-08	1E10	1.18629805581598	1E-30	3.93039136949568E-11	2.65989921941701	1E-30	2.5917818041361E-10	0.142713747228238	5.22586329677946E-10	6.70750809607799E-12	0.553197575715661	3.02073616003989E-11	3.84093197885053E-11	5.41983897358455	8.46788241131794E-13	5.1831558642882E-10	395.831399644944	1E10	1E-30	1E-10	1E10	1E-30	1E-10	1E10	1E-30	1E-10	1E10	1E-30	1E-10	1E10	1E-30	1E-10	1E10	1E-30	1E-10	1E10	1E-30	1E-10	1E10	1E-30	1E-10	1E10	1E-30	1E-10	2	-5	5
58	5.6E-11	1E10	1E11	1E-30	7.28026155644637E-15	1E10	1E-30	1E10	2.71976855209625E-02	1.14086451934257E-08	1E10	1.18629805581598	1E-30	3.93039136949568E-11	2.65989921941701	1E-30	2.5917818041361E-10	0.142713747228238	5.22586329677946E-10	6.70750809607799E-12	0.553197575715661	3.02073616003989E-11	3.84093197885053E-11	5.41983897358455	8.46788241131794E-13	5.1831558642882E-10	395.831399644944	1E10	1E-30	1E-10	1E10	1E-30	1E-10	1E10	1E-30	1E-10	1E10	1E-30	1E-10	1E10	1E-30	1E-10	1E10	1E-30	1E-10	1E10	1E-30	1E-10	1E10	1E-30	1E-10	1E10	1E-30	1E-10	2	-1	1
59	5.6E-11	1E10	1E11	1E-30	7.28026155644637E-15	1E10	1E-30	1E10	2.71976855209625E-02	1.14086451934257E-08	1E10	1.18629805581598	1E-30	3.93039136949568E-11	2.65989921941701	1E-30	2.5917818041361E-10	0.142713747228238	5.22586329677946E-10	6.70750809607799E-12	0.553197575715661	3.02073616003989E-11	3.84093197885053E-11	5.41983897358455	8.46788241131794E-13	5.1831558642882E-10	395.831399644944	1E10	1E-30	1E-10	1E10	1E-30	1E-10	1E10	1E-30	1E-10	1E10	1E-30	1E-10	1E10	1E-30	1E-10	1E10	1E-30	1E-10	1E10	1E-30	1E-10	1E10	1E-30	1E-10	1E10	1E-30	1E-10	2	-2	2
60	5.6E-11	1E10	1E11	1E-30	7.28026155644637E-15	1E10	1E-30	1E10	2.71976855209625E-02	1.14086451934257E-08	1E10	1.18629805581598	1E-30	3.93039136949568E-11	2.65989921941701	1E-30	2.5917818041361E-10	0.142713747228238	5.22586329677946E-10	6.70750809607799E-12	0.553197575715661	3.02073616003989E-11	3.84093197885053E-11	5.41983897358455	8.46788241131794E-13	5.1831558642882E-10	395.831399644944	1E10	1E-30	1E-10	1E10	1E-30	1E-10	1E10	1E-30	1E-10	1E10	1E-30	1E-10	1E10	1E-30	1E-10	1E10	1E-30	1E-10	1E10	1E-30	1E-10	1E10	1E-30	1E-10	1E10	1E-30	1E-10	2	-5	5
61	6.8E-11	1E10	1E11	1E-30	3.77434902213324E-10	1E10	1E-30	1E10	0.130797378717886	1E-30	1.74346367957846E-11	0.42330167282165	6.48425703360292E-10	7.55451912370767E-12	0.806496972071029	5.45286718487215E-11	3.01530075029102E-11	3.69002897218509	2.02194482834896E-12	1.74160360703737E-10	32.2963222679203	1E10	1E-30	1E-10	1E10	1E-30	1E-10	1E10	1E-30	1E-10	1E10	1E-30	1E-10	1E10	1E-30	1E-10	1E10	1E-30	1E-10	1E10	1E-30	1E-10	1E10	1E-30	1E-10	1E10	1E-30	1E-10	1E10	1E-30	1E-10	1E10	1E-30	1E-10	2	-1	1
62	6.8E-11	1E10	1E11	1E-30	3.77434902213324E-10	1E10	1E-30	1E10	0.130797378717886	1E-30	1.74346367957846E-11	0.42330167282165	6.48425703360292E-10	7.55451912370767E-12	0.806496972071029	5.45286718487215E-11	3.01530075029102E-11	3.69002897218509	2.02194482834896E-12	1.74160360703737E-10	32.2963222679203	1E10	1E-30	1E-10	1E10	1E-30	1E-10	1E10	1E-30	1E-10	1E10	1E-30	1E-10	1E10	1E-30	1E-10	1E10	1E-30	1E-10	1E10	1E-30	1E-10	1E10	1E-30	1E-10	1E10	1E-30	1E-10	1E10	1E-30	1E-10	1E10	1E-30	1E-10	2	-2	2
63	6.8E-11	1E10	1E11	1E-30	3.77434902213324E-10	1E10	1E-30	1E10	0.130797378717886	1E-30	1.74346367957846E-11	0.42330167282165	6.48425703360292E-10	7.55451912370767E-12	0.806496972071029	5.45286718487215E-11	3.01530075029102E-11	3.69002897218509	2.02194482834896E-12	1.74160360703737E-10	32.2963222679203	1E10	1E-30	1E-10	1E10	1E-30	1E-10	1E10	1E-30	1E-10	1E10	1E-30	1E-10	1E10	1E-30	1E-10	1E10	1E-30	1E-10	1E10	1E-30	1E-10	1E10	1E-30	1E-10	1E10	1E-30	1E-10	1E10	1E-30	1E-10	1E10	1E-30	1E-10	2	-5	5
64	6.8E-11	1E10	1E11	1E-30	3.77434902213324E-10	1E10	1E-30	1E10	0.130797378717886	1E-30	1.74346367957846E-11	0.42330167282165	6.48425703360292E-10	7.55451912370767E-12	0.806496972071029	5.45286718487215E-11	3.01530075029102E-11	3.69002897218509	2.02194482834896E-12	1.74160360703737E-10	32.2963222679203	1E10	1E-30	1E-10	1E10	1E-30	1E-10	1E10	1E-30	1E-10	1E10	1E-30	1E-10	1E10	1E-30	1E-10	1E10	1E-30	1E-10	1E10	1E-30	1E-10	1E10	1E-30	1E-10	1E10	1E-30	1E-10	1E10	1E-30	1E-10	1E10	1E-30	1E-10	2	-1	1
65	6.8E-11	1E10	1E11	1E-30	3.77434902213324E-10	1E10	1E-30	1E10	0.130797378717886	1E-30	1.74346367957846E-11	0.42330167282165	6.48425703360292E-10	7.55451912370767E-12	0.806496972071029	5.45286718487215E-11	3.01530075029102E-11	3.69002897218509	2.02194482834896E-12	1.74160360703737E-10	32.2963222679203	1E10	1E-30	1E-10	1E10	1E-30	1E-10	1E10	1E-30	1E-10	1E10	1E-30	1E-10	1E10	1E-30	1E-10	1E10	1E-30	1E-10	1E10	1E-30	1E-10	1E10	1E-30	1E-10	1E10	1E-30	1E-10	1E10	1E-30	1E-10	1E10	1E-30	1E-10	2	-2	2
66	6.8E-11	1E10	1E11	1E-30	3.77434902213324E-10	1E10	1E-30	1E10	0.130797378717886	1E-30	1.74346367957846E-11	0.42330167282165	6.48425703360292E-10	7.55451912370767E-12	0.806496972071029	5.45286718487215E-11	3.01530075029102E-11	3.69002897218509	2.02194482834896E-12	1.74160360703737E-10	32.2963222679203	1E10	1E-30	1E-10	1E10	1E-30	1E-10	1E10	1E-30	1E-10	1E10	1E-30	1E-10	1E10	1E-30	1E-10	1E10	1E-30	1E-10	1E10	1E-30	1E-10	1E10	1E-30	1E-10	1E10	1E-30	1E-10	1E10	1E-30	1E-10	1E10	1E-30	1E-10	2	-5	5
67	8.2E-11	1E10	1E11	1E-30	3.34097361446838E-10	1E10	1E-30	1E10	0.123380916107027	5.15158446864208E-08	1E10	0.288062726755634	4.26745561620981E-06	1E10	1.74686090276582E-03	5.70356233184914E-10	1.20072650625342E-11	0.727154179829604	7.17423529932859E-11	3.38409798765954E-11	2.67842246710433	1.49924137213268E-12	2.33846488937018E-10	75.3756350656364	1E10	1E-30	1E-10	1E10	1E-30	1E-10	1E10	1E-30	1E-10	1E10	1E-30	1E-10	1E10	1E-30	1E-10	1E10	1E-30	1E-10	1E10	1E-30	1E-10	1E10	1E-30	1E-10	1E10	1E-30	1E-10	1E10	1E-30	1E-10	2	-1	1
68	8.2E-11	1E10	1E11	1E-30	3.34097361446838E-10	1E10	1E-30	1E10	0.123380916107027	5.15158446864208E-08	1E10	0.288062726755634	4.26745561620981E-06	1E10	1.74686090276582E-03	5.70356233184914E-10	1.20072650625342E-11	0.727154179829604	7.17423529932859E-11	3.38409798765954E-11	2.67842246710433	1.49924137213268E-12	2.33846488937018E-10	75.3756350656364	1E10	1E-30	1E-10	1E10	1E-30	1E-10	1E10	1E-30	1E-10	1E10	1E-30	1E-10	1E10	1E-30	1E-10	1E10	1E-30	1E-10	1E10	1E-30	1E-10	1E10	1E-30	1E-10	1E10	1E-30	1E-10	1E10	1E-30	1E-10	2	-2	2
69	8.2E-11	1E10	1E11	1E-30	3.34097361446838E-10	1E10	1E-30	1E10	0.123380916107027	5.15158446864208E-08	1E10	0.288062726755634	4.26745561620981E-06	1E10	1.74686090276582E-03	5.70356233184914E-10	1.20072650625342E-11	0.727154179829604	7.17423529932859E-11	3.38409798765954E-11	2.67842246710433	1.49924137213268E-12	2.33846488937018E-10	75.3756350656364	1E10	1E-30	1E-10	1E10	1E-30	1E-10	1E10	1E-30	1E-10	1E10	1E-30	1E-10	1E10	1E-30	1E-10	1E10	1E-30	1E-10	1E10	1E-30	1E-10	1E10	1E-30	1E-10	1E10	1E-30	1E-10	1E10	1E-30	1E-10	2	-5	5
70	8.2E-11	1E10	1E11	1E-30	3.34097361446838E-10	1E10	1E-30	1E10	0.123380916107027	5.15158446864208E-08	1E10	0.288062726755634	4.26745561620981E-06	1E10	1.74686090276582E-03	5.70356233184914E-10	1.20072650625342E-11	0.727154179829604	7.17423529932859E-11	3.38409798765954E-11	2.67842246710433	1.49924137213268E-12	2.33846488937018E-10	75.3756350656364	1E10	1E-30	1E-10	1E10	1E-30	1E-10	1E10	1E-30	1E-10	1E10	1E-30	1E-10	1E10	1E-30	1E-10	1E10	1E-30	1E-10	1E10	1E-30	1E-10	1E10	1E-30	1E-10	1E10	1E-30	1E-10	1E10	1E-30	1E-10	2	-1	1
71	8.2E-11	1E10	1E11	1E-30	3.34097361446838E-10	1E10	1E-30	1E10	0.123380916107027	5.15158446864208E-08	1E10	0.288062726755634	4.26745561620981E-06	1E10	1.74686090276582E-03	5.70356233184914E-10	1.20072650625342E-11	0.727154179829604	7.17423529932859E-11	3.38409798765954E-11	2.67842246710433	1.49924137213268E-12	2.33846488937018E-10	75.3756350656364	1E10	1E-30	1E-10	1E10	1E-30	1E-10	1E10	1E-30	1E-10	1E10	1E-30	1E-10	1E10	1E-30	1E-10	1E10	1E-30	1E-10	1E10	1E-30	1E-10	1E10	1E-30	1E-10	1E10	1E-30	1E-10	1E10	1E-30	1E-10	2	-2	2
72	8.2E-11	1E10	1E11	1E-30	3.34097361446838E-10	1E10	1E-30	1E10	0.123380916107027	5.15158446864208E-08	1E10	0.288062726755634	4.26745561620981E-06	1E10	1.74686090276582E-03	5.70356233184914E-10	1.20072650625342E-11	0.727154179829604	7.17423529932859E-11	3.38409798765954E-11	2.67842246710433	1.49924137213268E-12	2.33846488937018E-10	75.3756350656364	1E10	1E-30	1E-10	1E10	1E-30	1E-10	1E10	1E-30	1E-10	1E10	1E-30	1E-10	1E10	1E-30	1E-10	1E10	1E-30	1E-10	1E10	1E-30	1E-10	1E10	1E-30	1E-10	1E10	1E-30	1E-10	1E10	1E-30	1E-10	2	-5	5
73	1E-10	1E10	1E11	1E-30	7.37985460808022E-11	1E10	1E-30	1E10	0.11	1E-30	1.43628944499973E-11	0.314358164486091	5.90847824990454E-10	9.54572790146811E-12	0.715128908801837	7.23690954377048E-11	2.36984008681195E-11	1.7100527879331	2.64541569427554E-12	7.16627566048377E-11	9.04922356426035	6.38853853400517E-13	2.96232929038841E-10	1E5	1E10	1E-30	1E-10	1E10	1E-30	1E-10	1E10	1E-30	1E-10	1E10	1E-30	1E-10	1E10	1E-30	1E-10	1E10	1E-30	1E-10	1E10	1E-30	1E-10	1E10	1E-30	1E-10	1E10	1E-30	1E-10	1E10	1E-30	1E-10	2	-5	5
74	1E-10	1E10	1E11	1E-30	2.80320492922355E-10	1E10	1E-30	1E10	0.114375911176589	5.46244468315051E-08	1E10	0.271669473143867	7.33842791157892E-10	1.23110486480257E-11	0.895913701961041	9.93563238580858E-11	3.39596783796401E-11	2.48647625790351	4.55669838872964E-10	1.89268260481899E-12	0.140430758426336	1.2550189494694E-12	2.49504159775112E-10	52.1749740042182	1E10	1E-30	1E-10	1E10	1E-30	1E-10	1E10	1E-30	1E-10	1E10	1E-30	1E-10	1E10	1E-30	1E-10	1E10	1E-30	1E-10	1E10	1E-30	1E-10	1E10	1E-30	1E-10	1E10	1E-30	1E-10	1E10	1E-30	1E-10	2	-1	1
75	1E-10	1E10	1E11	1E-30	2.80320492922355E-10	1E10	1E-30	1E10	0.114375911176589	5.46244468315051E-08	1E10	0.271669473143867	7.33842791157892E-10	1.23110486480257E-11	0.895913701961041	9.93563238580858E-11	3.39596783796401E-11	2.48647625790351	4.55669838872964E-10	1.89268260481899E-12	0.140430758426336	1.2550189494694E-12	2.49504159775112E-10	52.1749740042182	1E10	1E-30	1E-10	1E10	1E-30	1E-10	1E10	1E-30	1E-10	1E10	1E-30	1E-10	1E10	1E-30	1E-10	1E10	1E-30	1E-10	1E10	1E-30	1E-10	1E10	1E-30	1E-10	1E10	1E-30	1E-10	1E10	1E-30	1E-10	2	-2	2
76	1E-10	1E10	1E11	1E-30	2.80320492922355E-10	1E10	1E-30	1E10	0.114375911176589	5.46244468315051E-08	1E10	0.271669473143867	7.33842791157892E-10	1.23110486480257E-11	0.895913701961041	9.93563238580858E-11	3.39596783796401E-11	2.48647625790351	4.55669838872964E-10	1.89268260481899E-12	0.140430758426336	1.2550189494694E-12	2.49504159775112E-10	52.1749740042182	1E10	1E-30	1E-10	1E10	1E-30	1E-10	1E10	1E-30	1E-10	1E10	1E-30	1E-10	1E10	1E-30	1E-10	1E10	1E-30	1E-10	1E10	1E-30	1E-10	1E10	1E-30	1E-10	1E10	1E-30	1E-10	1E10	1E-30	1E-10	2	-5	5
77	1E-10	1E10	1E11	1E-30	1.99852773902183E-10	1E10	1E-30	1E10	0.118429679832234	7.8657101770298E-08	1E10	0.149861457588224	6.4641198187924E-10	1.37964410519386E-11	0.947331297363694	8.48603149642128E-11	3.94145773367773E-11	2.68724781688903	4.51207872133925E-11	2.04599946517832E-11	1.8821655930665	1.19448121897667E-12	2.7594416285115E-10	143.073481403279	1E10	1E-30	1E-10	1E10	1E-30	1E-10	1E10	1E-30	1E-10	1E10	1E-30	1E-10	1E10	1E-30	1E-10	1E10	1E-30	1E-10	1E10	1E-30	1E-10	1E10	1E-30	1E-10	1E10	1E-30	1E-10	1E10	1E-30	1E-10	2	-1	1
78	1E-10	1E10	1E11	1E-30	1.99852773902183E-10	1E10	1E-30	1E10	0.118429679832234	7.8657101770298E-08	1E10	0.149861457588224	6.4641198187924E-10	1.37964410519386E-11	0.947331297363694	8.48603149642128E-11	3.94145773367773E-11	2.68724781688903	4.51207872133925E-11	2.04599946517832E-11	1.8821655930665	1.19448121897667E-12	2.7594416285115E-10	143.073481403279	1E10	1E-30	1E-10	1E10	1E-30	1E-10	1E10	1E-30	1E-10	1E10	1E-30	1E-10	1E10	1E-30	1E-10	1E10	1E-30	1E-10	1E10	1E-30	1E-10	1E10	1E-30	1E-10	1E10	1E-30	1E-10	1E10	1E-30	1E-10	2	-2	2
79	1E-10	1E10	1E11	1E-30	1.99852773902183E-10	1E10	1E-30	1E10	0.118429679832234	7.8657101770298E-08	1E10	0.149861457588224	6.4641198187924E-10	1.37964410519386E-11	0.947331297363694	8.48603149642128E-11	3.94145773367773E-11	2.68724781688903	4.51207872133925E-11	2.04599946517832E-11	1.8821655930665	1.19448121897667E-12	2.7594416285115E-10	143.073481403279	1E10	1E-30	1E-10	1E10	1E-30	1E-10	1E10	1E-30	1E-10	1E10	1E-30	1E-10	1E10	1E-30	1E-10	1E10	1E-30	1E-10	1E10	1E-30	1E-10	1E10	1E-30	1E-10	1E10	1E-30	1E-10	1E10	1E-30	1E-10	2	-5	5
80	1E-10	1E10	1E11	1E-30	1.37616429982371E-11	1E10	1E-30	1E10	0.155875583727852	2.10053154430906E-09	5.90610852872729E-12	0.342224195572998	1.19103194713733E-10	4.11853629340589E-11	2.04332006386626	4.50568097970002E-11	2.89488933756642E-11	1.49330889332268	7.96150387975219E-13	6.07369666883548E-10	365.466565762988	1E10	1E-30	1E-10	1E10	1E-30	1E-10	1E10	1E-30	1E-10	1E10	1E-30	1E-10	1E10	1E-30	1E-10	1E10	1E-30	1E-10	1E10	1E-30	1E-10	1E10	1E-30	1E-10	1E10	1E-30	1E-10	1E10	1E-30	1E-10	1E10	1E-30	1E-10	2	-5	5
81	1.2E-10	1E10	1E11	1E-30	7.52215725621667E-11	1E10	1E-30	1E10	0.1	3.89970922559844E-10	1.82059314683718E-11	1.12525658375834	9.55748245624494E-11	2.4268805746169E-11	1.98972456672314	1.37266937397929E-12	2.29297029909915E-10	89.2892885226657	2.13593795018301E-12	1.04944973972468E-10	1E5	1E10	1E-30	1E-10	1E10	1E-30	1E-10	1E10	1E-30	1E-10	1E10	1E-30	1E-10	1E10	1E-30	1E-10	1E10	1E-30	1E-10	1E10	1E-30	1E-10	1E10	1E-30	1E-10	1E10	1E-30	1E-10	1E10	1E-30	1E-10	1E10	1E-30	1E-10	2	-5	5
82	1.2E-10	1E10	1E11	1E-30	5.95344182183328E-14	1E10	1E-30	1E10	0.122104621864682	2.49873174418458E-04	1E10	0.149179194680245	6.60520172844876E-10	1.00118905383485E-11	0.45121563585827	8.32900957263084E-11	2.37200272518613E-11	2.00404205352484	6.34039081281381E-13	5.6991982868266E-10	266.342373493009	1E10	1E-30	1E-10	1E10	1E-30	1E-10	1E10	1E-30	1E-10	1E10	1E-30	1E-10	1E10	1E-30	1E-10	1E10	1E-30	1E-10	1E10	1E-30	1E-10	1E10	1E-30	1E-10	1E10	1E-30	1E-10	1E10	1E-30	1E-10	1E10	1E-30	1E-10	2	-1	1
83	1.2E-10	1E10	1E11	1E-30	5.95344182183328E-14	1E10	1E-30	1E10	0.122104621864682	2.49873174418458E-04	1E10	0.149179194680245	6.60520172844876E-10	1.00118905383485E-11	0.45121563585827	8.32900957263084E-11	2.37200272518613E-11	2.00404205352484	6.34039081281381E-13	5.6991982868266E-10	266.342373493009	1E10	1E-30	1E-10	1E10	1E-30	1E-10	1E10	1E-30	1E-10	1E10	1E-30	1E-10	1E10	1E-30	1E-10	1E10	1E-30	1E-10	1E10	1E-30	1E-10	1E10	1E-30	1E-10	1E10	1E-30	1E-10	1E10	1E-30	1E-10	1E10	1E-30	1E-10	2	-2	2
84	1.2E-10	1E10	1E11	1E-30	5.95344182183328E-14	1E10	1E-30	1E10	0.122104621864682	2.49873174418458E-04	1E10	0.149179194680245	6.60520172844876E-10	1.00118905383485E-11	0.45121563585827	8.32900957263084E-11	2.37200272518613E-11	2.00404205352484	6.34039081281381E-13	5.6991982868266E-10	266.342373493009	1E10	1E-30	1E-10	1E10	1E-30	1E-10	1E10	1E-30	1E-10	1E10	1E-30	1E-10	1E10	1E-30	1E-10	1E10	1E-30	1E-10	1E10	1E-30	1E-10	1E10	1E-30	1E-10	1E10	1E-30	1E-10	1E10	1E-30	1E-10	1E10	1E-30	1E-10	2	-5	5
85	1.2E-10	1E10	1E11	1E-30	5.95344182183328E-14	1E10	1E-30	1E10	0.122104621864682	2.49873174418458E-04	1E10	0.149179194680245	6.60520172844876E-10	1.00118905383485E-11	0.45121563585827	8.32900957263084E-11	2.37200272518613E-11	2.00404205352484	6.34039081281381E-13	5.6991982868266E-10	266.342373493009	1E10	1E-30	1E-10	1E10	1E-30	1E-10	1E10	1E-30	1E-10	1E10	1E-30	1E-10	1E10	1E-30	1E-10	1E10	1E-30	1E-10	1E10	1E-30	1E-10	1E10	1E-30	1E-10	1E10	1E-30	1E-10	1E10	1E-30	1E-10	1E10	1E-30	1E-10	2	-1	1
86	1.2E-10	1E10	1E11	1E-30	5.95344182183328E-14	1E10	1E-30	1E10	0.122104621864682	2.49873174418458E-04	1E10	0.149179194680245	6.60520172844876E-10	1.00118905383485E-11	0.45121563585827	8.32900957263084E-11	2.37200272518613E-11	2.00404205352484	6.34039081281381E-13	5.6991982868266E-10	266.342373493009	1E10	1E-30	1E-10	1E10	1E-30	1E-10	1E10	1E-30	1E-10	1E10	1E-30	1E-10	1E10	1E-30	1E-10	1E10	1E-30	1E-10	1E10	1E-30	1E-10	1E10	1E-30	1E-10	1E10	1E-30	1E-10	1E10	1E-30	1E-10	1E10	1E-30	1E-10	2	-2	2
87	1.2E-10	1E10	1E11	1E-30	5.95344182183328E-14	1E10	1E-30	1E10	0.122104621864682	2.49873174418458E-04	1E10	0.149179194680245	6.60520172844876E-10	1.00118905383485E-11	0.45121563585827	8.32900957263084E-11	2.37200272518613E-11	2.00404205352484	6.34039081281381E-13	5.6991982868266E-10	266.342373493009	1E10	1E-30	1E-10	1E10	1E-30	1E-10	1E10	1E-30	1E-10	1E10	1E-30	1E-10	1E10	1E-30	1E-10	1E10	1E-30	1E-10	1E10	1E-30	1E-10	1E10	1E-30	1E-10	1E10	1E-30	1E-10	1E10	1E-30	1E-10	1E10	1E-30	1E-10	2	-5	5
88	1.2E-10	1E10	1E11	1E-30	1.22216453600135E-11	1E10	1E-30	1E10	0.135915299382811	1E-30	1.34205329658207E-10	5.28699822803773	2.52855846408233E-09	6.18595551235113E-12	0.365823581575026	2.10254126079984E-10	3.0215734112017E-11	1.54559262552302	8.23112572541381E-13	4.79035255042621E-10	825.217846046833	1E10	1E-30	1E-10	1E10	1E-30	1E-10	1E10	1E-30	1E-10	1E10	1E-30	1E-10	1E10	1E-30	1E-10	1E10	1E-30	1E-10	1E10	1E-30	1E-10	1E10	1E-30	1E-10	1E10	1E-30	1E-10	1E10	1E-30	1E-10	1E10	1E-30	1E-10	2	-5	5
89	1.5E-10	1E10	1E11	1E-30	1E-11	1E10	1E-30	1E10	6E-3	5.4982917112141E-09	1E10	0.115785012110063	1E-30	4.16108235333335E-11	0.14077996963923	1E-30	1.44686577248513E-10	19.6970058201358	8.00742163073375E-13	2.63612694559119E-10	1E10	3.32860145108962E-11	9.39492778558511E-12	2.2500874589066	1.18715402752265E-10	2.37077688164148E-11	1.55610318295688	6.25242585024294E-10	1.40182522487941E-11	0.809335629454975	1E10	1E-30	1E-10	1E10	1E-30	1E-10	1E10	1E-30	1E-10	1E10	1E-30	1E-10	1E10	1E-30	1E-10	1E10	1E-30	1E-10	1E10	1E-30	1E-10	1E10	1E-30	1E-10	2	-5	5
90	1.5E-10	1E10	1E11	1E-30	2.07571104226165E-10	1E10	1E-30	1E10	0.104218356312125	9.33278239160026E-09	1E10	33.2213099273628	9.70170545670681E-10	1.04163872683659E-11	0.457259985339779	8.98521963442552E-11	3.52991533736751E-11	1.94885712156994	3.71535425895829E-11	1.89600794123921E-11	1.58483263059008	1.07246940953052E-12	3.21821921747934E-10	161.736815569207	1E10	1E-30	1E-10	1E10	1E-30	1E-10	1E10	1E-30	1E-10	1E10	1E-30	1E-10	1E10	1E-30	1E-10	1E10	1E-30	1E-10	1E10	1E-30	1E-10	1E10	1E-30	1E-10	1E10	1E-30	1E-10	1E10	1E-30	1E-10	2	-1	1
91	1.5E-10	1E10	1E11	1E-30	2.07571104226165E-10	1E10	1E-30	1E10	0.104218356312125	9.33278239160026E-09	1E10	33.2213099273628	9.70170545670681E-10	1.04163872683659E-11	0.457259985339779	8.98521963442552E-11	3.52991533736751E-11	1.94885712156994	3.71535425895829E-11	1.89600794123921E-11	1.58483263059008	1.07246940953052E-12	3.21821921747934E-10	161.736815569207	1E10	1E-30	1E-10	1E10	1E-30	1E-10	1E10	1E-30	1E-10	1E10	1E-30	1E-10	1E10	1E-30	1E-10	1E10	1E-30	1E-10	1E10	1E-30	1E-10	1E10	1E-30	1E-10	1E10	1E-30	1E-10	1E10	1E-30	1E-10	2	-2	2
92	1.5E-10	1E10	1E11	1E-30	2.07571104226165E-10	1E10	1E-30	1E10	0.104218356312125	9.33278239160026E-09	1E10	33.2213099273628	9.70170545670681E-10	1.04163872683659E-11	0.457259985339779	8.98521963442552E-11	3.52991533736751E-11	1.94885712156994	3.71535425895829E-11	1.89600794123921E-11	1.58483263059008	1.07246940953052E-12	3.21821921747934E-10	161.736815569207	1E10	1E-30	1E-10	1E10	1E-30	1E-10	1E10	1E-30	1E-10	1E10	1E-30	1E-10	1E10	1E-30	1E-10	1E10	1E-30	1E-10	1E10	1E-30	1E-10	1E10	1E-30	1E-10	1E10	1E-30	1E-10	1E10	1E-30	1E-10	2	-5	5
93	1.5E-10	1E10	1E11	1E-30	2.07571104226165E-10	1E10	1E-30	1E10	0.104218356312125	9.33278239160026E-09	1E10	33.2213099273628	9.70170545670681E-10	1.04163872683659E-11	0.457259985339779	8.98521963442552E-11	3.52991533736751E-11	1.94885712156994	3.71535425895829E-11	1.89600794123921E-11	1.58483263059008	1.07246940953052E-12	3.21821921747934E-10	161.736815569207	1E10	1E-30	1E-10	1E10	1E-30	1E-10	1E10	1E-30	1E-10	1E10	1E-30	1E-10	1E10	1E-30	1E-10	1E10	1E-30	1E-10	1E10	1E-30	1E-10	1E10	1E-30	1E-10	1E10	1E-30	1E-10	1E10	1E-30	1E-10	2	-1	1
94	1.5E-10	1E10	1E11	1E-30	2.07571104226165E-10	1E10	1E-30	1E10	0.104218356312125	9.33278239160026E-09	1E10	33.2213099273628	9.70170545670681E-10	1.04163872683659E-11	0.457259985339779	8.98521963442552E-11	3.52991533736751E-11	1.94885712156994	3.71535425895829E-11	1.89600794123921E-11	1.58483263059008	1.07246940953052E-12	3.21821921747934E-10	161.736815569207	1E10	1E-30	1E-10	1E10	1E-30	1E-10	1E10	1E-30	1E-10	1E10	1E-30	1E-10	1E10	1E-30	1E-10	1E10	1E-30	1E-10	1E10	1E-30	1E-10	1E10	1E-30	1E-10	1E10	1E-30	1E-10	1E10	1E-30	1E-10	2	-2	2
95	1.5E-10	1E10	1E11	1E-30	2.07571104226165E-10	1E10	1E-30	1E10	0.104218356312125	9.33278239160026E-09	1E10	33.2213099273628	9.70170545670681E-10	1.04163872683659E-11	0.457259985339779	8.98521963442552E-11	3.52991533736751E-11	1.94885712156994	3.71535425895829E-11	1.89600794123921E-11	1.58483263059008	1.07246940953052E-12	3.21821921747934E-10	161.736815569207	1E10	1E-30	1E-10	1E10	1E-30	1E-10	1E10	1E-30	1E-10	1E10	1E-30	1E-10	1E10	1E-30	1E-10	1E10	1E-30	1E-10	1E10	1E-30	1E-10	1E10	1E-30	1E-10	1E10	1E-30	1E-10	1E10	1E-30	1E-10	2	-5	5
96	1.5E-10	1E10	1E11	1E-30	1.23034440915678E-11	1E10	1E-30	1E10	0.107204082706784	1E-30	1.20894345248021E-10	4.76261405365865	1.75346784994437E-09	1.20332235376343E-11	0.558640771199351	2.60270219658328E-10	3.66680061765452E-11	1.74855429559969	8.80004074811219E-13	4.58502838964042E-10	444.163803647337	1E10	1E-30	1E-10	1E10	1E-30	1E-10	1E10	1E-30	1E-10	1E10	1E-30	1E-10	1E10	1E-30	1E-10	1E10	1E-30	1E-10	1E10	1E-30	1E-10	1E10	1E-30	1E-10	1E10	1E-30	1E-10	1E10	1E-30	1E-10	1E10	1E-30	1E-10	2	-5	5
97	1.8E-10	1E10	1E11	1E-30	2.09330342313501E-10	1E10	1E-30	1E10	0.085	1E-30	2.47113320842329E-11	0.655730656210194	6.34830972388198E-10	1.56256530789368E-11	0.725177691212585	1.32639402317026E-10	2.37463724016476E-11	1.68034031860057	1.79995186882292E-12	1.49723297757675E-10	1E5	4.0932246249658E-12	6.06475737723661E-11	10.4944774293887	1E10	1E-30	1E-10	1E10	1E-30	1E-10	1E10	1E-30	1E-10	1E10	1E-30	1E-10	1E10	1E-30	1E-10	1E10	1E-30	1E-10	1E10	1E-30	1E-10	1E10	1E-30	1E-10	1E10	1E-30	1E-10	1E10	1E-30	1E-10	2	-5	5
98	1.8E-10	1E10	1E11	1E-30	1.56833961111643E-10	1E10	1E-30	1E10	9.34693931198776E-02	2.1822369665042E-07	1E10	6.80026730335456E-02	1.27753443037975E-09	1.07185536621471E-11	0.483087331632362	1.36587381831564E-10	3.39365024920352E-11	1.71393545524435	8.86030381954839E-11	1.30926013818019E-11	0.858795655890296	2.46041827697452E-12	1.38240235153027E-10	37.3330608349711	1.24694403888207E-12	2.24936654542249E-10	315.708772322903	1E10	1E-30	1E-10	1E10	1E-30	1E-10	1E10	1E-30	1E-10	1E10	1E-30	1E-10	1E10	1E-30	1E-10	1E10	1E-30	1E-10	1E10	1E-30	1E-10	1E10	1E-30	1E-10	1E10	1E-30	1E-10	2	-1	1
99	1.8E-10	1E10	1E11	1E-30	1.56833961111643E-10	1E10	1E-30	1E10	9.34693931198776E-02	2.1822369665042E-07	1E10	6.80026730335456E-02	1.27753443037975E-09	1.07185536621471E-11	0.483087331632362	1.36587381831564E-10	3.39365024920352E-11	1.71393545524435	8.86030381954839E-11	1.30926013818019E-11	0.858795655890296	2.46041827697452E-12	1.38240235153027E-10	37.3330608349711	1.24694403888207E-12	2.24936654542249E-10	315.708772322903	1E10	1E-30	1E-10	1E10	1E-30	1E-10	1E10	1E-30	1E-10	1E10	1E-30	1E-10	1E10	1E-30	1E-10	1E10	1E-30	1E-10	1E10	1E-30	1E-10	1E10	1E-30	1E-10	1E10	1E-30	1E-10	2	-2	2
100	1.8E-10	1E10	1E11	1E-30	1.56833961111643E-10	1E10	1E-30	1E10	9.34693931198776E-02	2.1822369665042E-07	1E10	6.80026730335456E-02	1.27753443037975E-09	1.07185536621471E-11	0.483087331632362	1.36587381831564E-10	3.39365024920352E-11	1.71393545524435	8.86030381954839E-11	1.30926013818019E-11	0.858795655890296	2.46041827697452E-12	1.38240235153027E-10	37.3330608349711	1.24694403888207E-12	2.24936654542249E-10	315.708772322903	1E10	1E-30	1E-10	1E10	1E-30	1E-10	1E10	1E-30	1E-10	1E10	1E-30	1E-10	1E10	1E-30	1E-10	1E10	1E-30	1E-10	1E10	1E-30	1E-10	1E10	1E-30	1E-10	1E10	1E-30	1E-10	2	-5	5
101	1.8E-10	1E10	1E11	1E-30	1.56833961111643E-10	1E10	1E-30	1E10	9.34693931198776E-02	2.1822369665042E-07	1E10	6.80026730335456E-02	1.27753443037975E-09	1.07185536621471E-11	0.483087331632362	1.36587381831564E-10	3.39365024920352E-11	1.71393545524435	8.86030381954839E-11	1.30926013818019E-11	0.858795655890296	2.46041827697452E-12	1.38240235153027E-10	37.3330608349711	1.24694403888207E-12	2.24936654542249E-10	315.708772322903	1E10	1E-30	1E-10	1E10	1E-30	1E-10	1E10	1E-30	1E-10	1E10	1E-30	1E-10	1E10	1E-30	1E-10	1E10	1E-30	1E-10	1E10	1E-30	1E-10	1E10	1E-30	1E-10	1E10	1E-30	1E-10	2	-1	1
102	1.8E-10	1E10	1E11	1E-30	1.56833961111643E-10	1E10	1E-30	1E10	9.34693931198776E-02	2.1822369665042E-07	1E10	6.80026730335456E-02	1.27753443037975E-09	1.07185536621471E-11	0.483087331632362	1.36587381831564E-10	3.39365024920352E-11	1.71393545524435	8.86030381954839E-11	1.30926013818019E-11	0.858795655890296	2.46041827697452E-12	1.38240235153027E-10	37.3330608349711	1.24694403888207E-12	2.24936654542249E-10	315.708772322903	1E10	1E-30	1E-10	1E10	1E-30	1E-10	1E10	1E-30	1E-10	1E10	1E-30	1E-10	1E10	1E-30	1E-10	1E10	1E-30	1E-10	1E10	1E-30	1E-10	1E10	1E-30	1E-10	1E10	1E-30	1E-10	2	-2	2
103	1.8E-10	1E10	1E11	1E-30	1.56833961111643E-10	1E10	1E-30	1E10	9.34693931198776E-02	2.1822369665042E-07	1E10	6.80026730335456E-02	1.27753443037975E-09	1.07185536621471E-11	0.483087331632362	1.36587381831564E-10	3.39365024920352E-11	1.71393545524435	8.86030381954839E-11	1.30926013818019E-11	0.858795655890296	2.46041827697452E-12	1.38240235153027E-10	37.3330608349711	1.24694403888207E-12	2.24936654542249E-10	315.708772322903	1E10	1E-30	1E-10	1E10	1E-30	1E-10	1E10	1E-30	1E-10	1E10	1E-30	1E-10	1E10	1E-30	1E-10	1E10	1E-30	1E-10	1E10	1E-30	1E-10	1E10	1E-30	1E-10	1E10	1E-30	1E-10	2	-5	5
104	1.8E-10	1E10	1E11	1E-30	9.74293380886808E-12	1E10	1E-30	1E10	0.117904858308555	1E-30	1.49743369677447E-10	4.79498224617586	4.34256787756781E-09	5.19720122159479E-12	0.218299198558	3.2596266293652E-10	2.73239773931148E-11	1.08165077539349	9.72345593988204E-13	5.10512125327825E-10	879.441986803947	1E10	1E-30	1E-10	1E10	1E-30	1E-10	1E10	1E-30	1E-10	1E10	1E-30	1E-10	1E10	1E-30	1E-10	1E10	1E-30	1E-10	1E10	1E-30	1E-10	1E10	1E-30	1E-10	1E10	1E-30	1E-10	1E10	1E-30	1E-10	1E10	1E-30	1E-10	2	-5	5
105	2.2E-10	1E10	1E11	1E-30	2.78873838257643E-11	1E10	1E-30	1E10	7.72007080886243E-02	5.84391163454925E-10	2.44632086402586E-11	0.898757822994773	1.7055388965888E-10	2.79099124715132E-11	1.58688219345221	3.45271532116175E-10	5.94569592739465E-12	0.376770751713841	7.61635615741297E-11	1.40252424249404E-11	1.0972998059602	2.81057835569273E-11	1.64238276452955E-11	2.01578650540989	5.26422843122819E-13	3.46111117753053E-10	1E5	1E10	1E-30	1E-10	1E10	1E-30	1E-10	1E10	1E-30	1E-10	1E10	1E-30	1E-10	1E10	1E-30	1E-10	1E10	1E-30	1E-10	1E10	1E-30	1E-10	1E10	1E-30	1E-10	1E10	1E-30	1E-10	2	-5	5
106	2.2E-10	1E10	1E11	1E-30	2.6211328419875E-12	1E10	1E-30	1E10	1.29265032869801E-02	2.43115759932294E-08	1E10	7.70218995007497	1E-30	6.63178596577076E-11	7.55161285731403E-02	4.9891961124294E-08	7.27107910060521E-11	3.39113026078376E-02	1.57152768913368E-09	1.22390402952085E-11	0.563619795365855	1.93155847853505E-10	3.50105402831275E-11	1.54524992404456	8.79581267271538E-11	1.89392261343691E-11	0.863726974086384	7.981848421449E-13	4.55023299861151E-10	332.148912522598	1E10	1E-30	1E-10	1E10	1E-30	1E-10	1E10	1E-30	1E-10	1E10	1E-30	1E-10	1E10	1E-30	1E-10	1E10	1E-30	1E-10	1E10	1E-30	1E-10	1E10	1E-30	1E-10	2	-1	1
107	2.2E-10	1E10	1E11	1E-30	2.6211328419875E-12	1E10	1E-30	1E10	1.29265032869801E-02	2.43115759932294E-08	1E10	7.70218995007497	1E-30	6.63178596577076E-11	7.55161285731403E-02	4.9891961124294E-08	7.27107910060521E-11	3.39113026078376E-02	1.57152768913368E-09	1.22390402952085E-11	0.563619795365855	1.93155847853505E-10	3.50105402831275E-11	1.54524992404456	8.79581267271538E-11	1.89392261343691E-11	0.863726974086384	7.981848421449E-13	4.55023299861151E-10	332.148912522598	1E10	1E-30	1E-10	1E10	1E-30	1E-10	1E10	1E-30	1E-10	1E10	1E-30	1E-10	1E10	1E-30	1E-10	1E10	1E-30	1E-10	1E10	1E-30	1E-10	1E10	1E-30	1E-10	2	-2	2
108	2.2E-10	1E10	1E11	1E-30	2.6211328419875E-12	1E10	1E-30	1E10	1.29265032869801E-02	2.43115759932294E-08	1E10	7.70218995007497	1E-30	6.63178596577076E-11	7.55161285731403E-02	4.9891961124294E-08	7.27107910060521E-11	3.39113026078376E-02	1.57152768913368E-09	1.22390402952085E-11	0.563619795365855	1.93155847853505E-10	3.50105402831275E-11	1.54524992404456	8.79581267271538E-11	1.89392261343691E-11	0.863726974086384	7.981848421449E-13	4.55023299861151E-10	332.148912522598	1E10	1E-30	1E-10	1E10	1E-30	1E-10	1E10	1E-30	1E-10	1E10	1E-30	1E-10	1E10	1E-30	1E-10	1E10	1E-30	1E-10	1E10	1E-30	1E-10	1E10	1E-30	1E-10	2	-5	5
109	2.2E-10	1E10	1E11	1E-30	1.60603613182327E-10	1E10	1E-30	1E10	1.20993773457412E-02	9.95696037744679E-09	1E10	9403.75083984703	1E-30	1.01751331147827E-10	7.68500978141071E-02	2.88419265932822E-07	1.71121427966733E-11	1.11776570456331E-02	1.54741843034446E-09	1.24297283366733E-11	0.522036068289421	1.96431786141478E-10	3.48167413111359E-11	1.46242824715361	9.39642092196327E-11	1.89498872427101E-11	0.811965784238719	8.8755485036287E-13	3.30063664249149E-10	144.249087182342	1E10	1E-30	1E-10	1E10	1E-30	1E-10	1E10	1E-30	1E-10	1E10	1E-30	1E-10	1E10	1E-30	1E-10	1E10	1E-30	1E-10	1E10	1E-30	1E-10	1E10	1E-30	1E-10	2	-1	1
110	2.2E-10	1E10	1E11	1E-30	1.60603613182327E-10	1E10	1E-30	1E10	1.20993773457412E-02	9.95696037744679E-09	1E10	9403.75083984703	1E-30	1.01751331147827E-10	7.68500978141071E-02	2.88419265932822E-07	1.71121427966733E-11	1.11776570456331E-02	1.54741843034446E-09	1.24297283366733E-11	0.522036068289421	1.96431786141478E-10	3.48167413111359E-11	1.46242824715361	9.39642092196327E-11	1.89498872427101E-11	0.811965784238719	8.8755485036287E-13	3.30063664249149E-10	144.249087182342	1E10	1E-30	1E-10	1E10	1E-30	1E-10	1E10	1E-30	1E-10	1E10	1E-30	1E-10	1E10	1E-30	1E-10	1E10	1E-30	1E-10	1E10	1E-30	1E-10	1E10	1E-30	1E-10	2	-2	2
111	2.2E-10	1E10	1E11	1E-30	1.60603613182327E-10	1E10	1E-30	1E10	1.20993773457412E-02	9.95696037744679E-09	1E10	9403.75083984703	1E-30	1.01751331147827E-10	7.68500978141071E-02	2.88419265932822E-07	1.71121427966733E-11	1.11776570456331E-02	1.54741843034446E-09	1.24297283366733E-11	0.522036068289421	1.96431786141478E-10	3.48167413111359E-11	1.46242824715361	9.39642092196327E-11	1.89498872427101E-11	0.811965784238719	8.8755485036287E-13	3.30063664249149E-10	144.249087182342	1E10	1E-30	1E-10	1E10	1E-30	1E-10	1E10	1E-30	1E-10	1E10	1E-30	1E-10	1E10	1E-30	1E-10	1E10	1E-30	1E-10	1E10	1E-30	1E-10	1E10	1E-30	1E-10	2	-5	5
112	2.2E-10	1E10	1E11	1E-30	5.19568329278078E-12	1E10	1E-30	1E10	0.104580342221489	1E-30	9.5473293617697E-11	1.81653932773193	3.97467517167622E-09	7.56617150143566E-12	0.224390367331026	3.62393995084423E-10	3.59034605447001E-11	1.15660672115205	8.44415131968179E-13	5.26789755299894E-10	326.424236952275	1E10	1E-30	1E-10	1E10	1E-30	1E-10	1E10	1E-30	1E-10	1E10	1E-30	1E-10	1E10	1E-30	1E-10	1E10	1E-30	1E-10	1E10	1E-30	1E-10	1E10	1E-30	1E-10	1E10	1E-30	1E-10	1E10	1E-30	1E-10	1E10	1E-30	1E-10	2	-5	5
113	2.7E-10	1E10	1E11	1E-30	6.3416083517065E-11	1E10	1E-30	1E10	0.07	1E-30	3.9998229392208E-11	1.2470104637414	8.63805006072336E-10	2.3272052197612E-11	1.01792743961647	2.49768792285962E-10	2.7714198219222E-11	1.53709170786241	1.32189234550645E-09	2.3153402075743E-12	0.268100035121937	5.1450846577921E-10	3.30702898589727E-12	0.431544598274459	5.91627449141201E-12	5.26884934577472E-11	13.11504063422	1.08206658736243E-12	2.18759715906673E-10	1E5	1E10	1E-30	1E-10	1E10	1E-30	1E-10	1E10	1E-30	1E-10	1E10	1E-30	1E-10	1E10	1E-30	1E-10	1E10	1E-30	1E-10	1E10	1E-30	1E-10	1E10	1E-30	1E-10	2	-5	5
114	2.7E-10	1E10	1E11	1E-30	4.81702317504909E-11	1E10	1E-30	1E10	5.28151196517016E-03	6.00581796702822E-09	1E10	592.728387921019	1E-30	5.93215223128147E-11	7.02562015576233E-02	9.96583382772038E-08	3.47628843144517E-11	1.73724634321917E-02	1.44241733550104E-09	1.75483853219197E-11	0.88350556426446	2.62793341393605E-10	3.6236081760011E-11	1.91171855810938	1.04718387582358E-10	2.42900961819455E-11	0.740582939912315	8.40764021947225E-13	4.00223382850845E-10	213.980038769857	1E10	1E-30	1E-10	1E10	1E-30	1E-10	1E10	1E-30	1E-10	1E10	1E-30	1E-10	1E10	1E-30	1E-10	1E10	1E-30	1E-10	1E10	1E-30	1E-10	1E10	1E-30	1E-10	2	-1	1
115	2.7E-10	1E10	1E11	1E-30	4.81702317504909E-11	1E10	1E-30	1E10	5.28151196517016E-03	6.00581796702822E-09	1E10	592.728387921019	1E-30	5.93215223128147E-11	7.02562015576233E-02	9.96583382772038E-08	3.47628843144517E-11	1.73724634321917E-02	1.44241733550104E-09	1.75483853219197E-11	0.88350556426446	2.62793341393605E-10	3.6236081760011E-11	1.91171855810938	1.04718387582358E-10	2.42900961819455E-11	0.740582939912315	8.40764021947225E-13	4.00223382850845E-10	213.980038769857	1E10	1E-30	1E-10	1E10	1E-30	1E-10	1E10	1E-30	1E-10	1E10	1E-30	1E-10	1E10	1E-30	1E-10	1E10	1E-30	1E-10	1E10	1E-30	1E-10	1E10	1E-30	1E-10	2	-2	2
116	2.7E-10	1E10	1E11	1E-30	4.81702317504909E-11	1E10	1E-30	1E10	5.28151196517016E-03	6.00581796702822E-09	1E10	592.728387921019	1E-30	5.93215223128147E-11	7.02562015576233E-02	9.96583382772038E-08	3.47628843144517E-11	1.73724634321917E-02	1.44241733550104E-09	1.75483853219197E-11	0.88350556426446	2.62793341393605E-10	3.6236081760011E-11	1.91171855810938	1.04718387582358E-10	2.42900961819455E-11	0.740582939912315	8.40764021947225E-13	4.00223382850845E-10	213.980038769857	1E10	1E-30	1E-10	1E10	1E-30	1E-10	1E10	1E-30	1E-10	1E10	1E-30	1E-10	1E10	1E-30	1E-10	1E10	1E-30	1E-10	1E10	1E-30	1E-10	1E10	1E-30	1E-10	2	-5	5
117	2.7E-10	1E10	1E11	1E-30	4.81702317504909E-11	1E10	1E-30	1E10	5.28151196517016E-03	6.00581796702822E-09	1E10	592.728387921019	1E-30	5.93215223128147E-11	7.02562015576233E-02	9.96583382772038E-08	3.47628843144517E-11	1.73724634321917E-02	1.44241733550104E-09	1.75483853219197E-11	0.88350556426446	2.62793341393605E-10	3.6236081760011E-11	1.91171855810938	1.04718387582358E-10	2.42900961819455E-11	0.740582939912315	8.40764021947225E-13	4.00223382850845E-10	213.980038769857	1E10	1E-30	1E-10	1E10	1E-30	1E-10	1E10	1E-30	1E-10	1E10	1E-30	1E-10	1E10	1E-30	1E-10	1E10	1E-30	1E-10	1E10	1E-30	1E-10	1E10	1E-30	1E-10	2	-1	1
118	2.7E-10	1E10	1E11	1E-30	4.81702317504909E-11	1E10	1E-30	1E10	5.28151196517016E-03	6.00581796702822E-09	1E10	592.728387921019	1E-30	5.93215223128147E-11	7.02562015576233E-02	9.96583382772038E-08	3.47628843144517E-11	1.73724634321917E-02	1.44241733550104E-09	1.75483853219197E-11	0.88350556426446	2.62793341393605E-10	3.6236081760011E-11	1.91171855810938	1.04718387582358E-10	2.42900961819455E-11	0.740582939912315	8.40764021947225E-13	4.00223382850845E-10	213.980038769857	1E10	1E-30	1E-10	1E10	1E-30	1E-10	1E10	1E-30	1E-10	1E10	1E-30	1E-10	1E10	1E-30	1E-10	1E10	1E-30	1E-10	1E10	1E-30	1E-10	1E10	1E-30	1E-10	2	-2	2
119	2.7E-10	1E10	1E11	1E-30	4.81702317504909E-11	1E10	1E-30	1E10	5.28151196517016E-03	6.00581796702822E-09	1E10	592.728387921019	1E-30	5.93215223128147E-11	7.02562015576233E-02	9.96583382772038E-08	3.47628843144517E-11	1.73724634321917E-02	1.44241733550104E-09	1.75483853219197E-11	0.88350556426446	2.62793341393605E-10	3.6236081760011E-11	1.91171855810938	1.04718387582358E-10	2.42900961819455E-11	0.740582939912315	8.40764021947225E-13	4.00223382850845E-10	213.980038769857	1E10	1E-30	1E-10	1E10	1E-30	1E-10	1E10	1E-30	1E-10	1E10	1E-30	1E-10	1E10	1E-30	1E-10	1E10	1E-30	1E-10	1E10	1E-30	1E-10	1E10	1E-30	1E-10	2	-5	5
120	2.7E-10	1E10	1E11	1E-30	1.17605098590287E-12	1E10	1E-30	1E10	9.79657033140652E-02	1E-30	1.20417865892909E-10	4.60688525346411	2.59963203539963E-09	1.50162220131725E-11	0.390119284048622	4.02806774962819E-10	4.23146238289869E-11	1.25603573250295	1.00301412201742E-12	4.64294384785687E-10	719.474558899315	1E10	1E-30	1E-10	1E10	1E-30	1E-10	1E10	1E-30	1E-10	1E10	1E-30	1E-10	1E10	1E-30	1E-10	1E10	1E-30	1E-10	1E10	1E-30	1E-10	1E10	1E-30	1E-10	1E10	1E-30	1E-10	1E10	1E-30	1E-10	1E10	1E-30	1E-10	2	-5	5
121	3.3E-10	1E10	1E11	1E-30	2E-11	1E10	1E-30	1E10	0.018	1.55246165805937E-08	1E10	0.113908659025252	1E-30	5.11635945205901E-11	8.38344233963086E-02	1E-30	6.55742449107383E-11	4.26997500594458	5.79754117853214E-13	4.16109012433468E-10	1E10	1.6248849657731E-10	1.92456517960962E-12	0.460933822304867	1.71829943598945E-10	1.88029223717653E-11	0.618929507837782	1.20099963493487E-09	1.07607196427199E-11	0.239053390397337	1E10	1E-30	1E-10	1E10	1E-30	1E-10	1E10	1E-30	1E-10	1E10	1E-30	1E-10	1E10	1E-30	1E-10	1E10	1E-30	1E-10	1E10	1E-30	1E-10	1E10	1E-30	1E-10	2	-5	5
122	3.3E-10	1E10	1E11	1E-30	3.85239137777185E-10	1E10	1E-30	1E10	1.07272289294826E-02	1E-30	6.53495666256865E-11	6.97183398305494E-02	1.55502417906395E-07	2.67850399390568E-11	1.46770205165335E-02	2.10855479659761E-09	1.17889317456734E-11	0.36417936174211	2.7620851344742E-10	3.06838521583075E-11	1.14534483846238	7.75230678688255E-10	5.4738205539893E-12	0.211580500925923	1.86145898781386E-10	1.06995748546561E-11	0.62613197521999	3.71066938662948E-12	1.0464149548011E-10	17.5381608832273	7.8706501182063E-12	4.26459906854526E-11	34.3571586252456	1E10	1E-30	1E-10	1E10	1E-30	1E-10	1E10	1E-30	1E-10	1E10	1E-30	1E-10	1E10	1E-30	1E-10	1E10	1E-30	1E-10	1E10	1E-30	1E-10	2	-1	1
123	3.3E-10	1E10	1E11	1E-30	3.85239137777185E-10	1E10	1E-30	1E10	1.07272289294826E-02	1E-30	6.53495666256865E-11	6.97183398305494E-02	1.55502417906395E-07	2.67850399390568E-11	1.46770205165335E-02	2.10855479659761E-09	1.17889317456734E-11	0.36417936174211	2.7620851344742E-10	3.06838521583075E-11	1.14534483846238	7.75230678688255E-10	5.4738205539893E-12	0.211580500925923	1.86145898781386E-10	1.06995748546561E-11	0.62613197521999	3.71066938662948E-12	1.0464149548011E-10	17.5381608832273	7.8706501182063E-12	4.26459906854526E-11	34.3571586252456	1E10	1E-30	1E-10	1E10	1E-30	1E-10	1E10	1E-30	1E-10	1E10	1E-30	1E-10	1E10	1E-30	1E-10	1E10	1E-30	1E-10	1E10	1E-30	1E-10	2	-2	2
124	3.3E-10	1E10	1E11	1E-30	3.85239137777185E-10	1E10	1E-30	1E10	1.07272289294826E-02	1E-30	6.53495666256865E-11	6.97183398305494E-02	1.55502417906395E-07	2.67850399390568E-11	1.46770205165335E-02	2.10855479659761E-09	1.17889317456734E-11	0.36417936174211	2.7620851344742E-10	3.06838521583075E-11	1.14534483846238	7.75230678688255E-10	5.4738205539893E-12	0.211580500925923	1.86145898781386E-10	1.06995748546561E-11	0.62613197521999	3.71066938662948E-12	1.0464149548011E-10	17.5381608832273	7.8706501182063E-12	4.26459906854526E-11	34.3571586252456	1E10	1E-30	1E-10	1E10	1E-30	1E-10	1E10	1E-30	1E-10	1E10	1E-30	1E-10	1E10	1E-30	1E-10	1E10	1E-30	1E-10	1E10	1E-30	1E-10	2	-5	5
125	3.3E-10	1E10	1E11	1E-30	1.41498348383128E-10	1E10	1E-30	1E10	5.23418622767871E-03	3.697355321149E-08	1E10	10.3166026467557	1E-30	6.68803928761175E-11	0.066580657282004	1.31126718166992E-07	3.85567267844059E-11	1.76094227264849E-02	2.90846414309753E-09	8.91815660042852E-12	0.30399230051139	3.19478006830125E-10	2.75581486880133E-11	0.915877338331322	2.63159100615139E-11	3.74809810899069E-11	0.766033765735904	7.75735509836197E-13	3.77641093411765E-10	504.69011497247	1E10	1E-30	1E-10	1E10	1E-30	1E-10	1E10	1E-30	1E-10	1E10	1E-30	1E-10	1E10	1E-30	1E-10	1E10	1E-30	1E-10	1E10	1E-30	1E-10	1E10	1E-30	1E-10	2	-1	1
126	3.3E-10	1E10	1E11	1E-30	1.41498348383128E-10	1E10	1E-30	1E10	5.23418622767871E-03	3.697355321149E-08	1E10	10.3166026467557	1E-30	6.68803928761175E-11	0.066580657282004	1.31126718166992E-07	3.85567267844059E-11	1.76094227264849E-02	2.90846414309753E-09	8.91815660042852E-12	0.30399230051139	3.19478006830125E-10	2.75581486880133E-11	0.915877338331322	2.63159100615139E-11	3.74809810899069E-11	0.766033765735904	7.75735509836197E-13	3.77641093411765E-10	504.69011497247	1E10	1E-30	1E-10	1E10	1E-30	1E-10	1E10	1E-30	1E-10	1E10	1E-30	1E-10	1E10	1E-30	1E-10	1E10	1E-30	1E-10	1E10	1E-30	1E-10	1E10	1E-30	1E-10	2	-2	2
127	3.3E-10	1E10	1E11	1E-30	1.41498348383128E-10	1E10	1E-30	1E10	5.23418622767871E-03	3.697355321149E-08	1E10	10.3166026467557	1E-30	6.68803928761175E-11	0.066580657282004	1.31126718166992E-07	3.85567267844059E-11	1.76094227264849E-02	2.90846414309753E-09	8.91815660042852E-12	0.30399230051139	3.19478006830125E-10	2.75581486880133E-11	0.915877338331322	2.63159100615139E-11	3.74809810899069E-11	0.766033765735904	7.75735509836197E-13	3.77641093411765E-10	504.69011497247	1E10	1E-30	1E-10	1E10	1E-30	1E-10	1E10	1E-30	1E-10	1E10	1E-30	1E-10	1E10	1E-30	1E-10	1E10	1E-30	1E-10	1E10	1E-30	1E-10	1E10	1E-30	1E-10	2	-5	5
128	3.3E-10	1E10	1E11	1E-30	6.17195289197866E-12	1E10	1E-30	1E10	8.73523943863712E-02	1E-30	1.07778729103565E-10	1.37617069255722	1.28217043662534E-08	3.47742832414148E-12	0.111690244312894	7.09022623964499E-10	2.52691096293133E-11	0.713635990804743	7.31052605490708E-13	6.09178809942846E-10	858.373237198524	1E10	1E-30	1E-10	1E10	1E-30	1E-10	1E10	1E-30	1E-10	1E10	1E-30	1E-10	1E10	1E-30	1E-10	1E10	1E-30	1E-10	1E10	1E-30	1E-10	1E10	1E-30	1E-10	1E10	1E-30	1E-10	1E10	1E-30	1E-10	1E10	1E-30	1E-10	2	-5	5
129	3.9E-10	1E10	1E11	1E-30	3.534663633892E-11	1E10	1E-30	1E10	0.065	1.15203849220947E-09	1.48293641603311E-11	0.286897531432628	2.30902351336716E-10	2.21334460464919E-11	0.720756654489317	7.84958516834726E-10	3.61971843576016E-12	0.29145720355543	7.94794512107747E-13	4.31277860463782E-10	672.323713383677	1E10	1E-30	1E-10	1E10	1E-30	1E-10	1E10	1E-30	1E-10	1E10	1E-30	1E-10	1E10	1E-30	1E-10	1E10	1E-30	1E-10	1E10	1E-30	1E-10	1E10	1E-30	1E-10	1E10	1E-30	1E-10	1E10	1E-30	1E-10	1E10	1E-30	1E-10	2	-5	5
130	3.9E-10	1E10	1E11	1E-30	1.18073979265486E-10	1E10	1E-30	1E10	4.49169178915894E-03	1.28624743170932E-08	1E10	91.6438597299839	1E-30	6.37914064805683E-11	7.52529205620165E-02	7.99241059495721E-08	5.21136698966728E-11	2.02160945794115E-02	2.84430838523762E-09	1.11778952191891E-11	0.378487172407712	3.4047449733677E-10	3.29746296404837E-11	1.07692544716634	2.07339382704175E-10	1.28672760485876E-11	0.38058529931552	8.68936814101509E-13	4.04483320145276E-10	123.895470283307	1E10	1E-30	1E-10	1E10	1E-30	1E-10	1E10	1E-30	1E-10	1E10	1E-30	1E-10	1E10	1E-30	1E-10	1E10	1E-30	1E-10	1E10	1E-30	1E-10	1E10	1E-30	1E-10	2	-1	1
131	3.9E-10	1E10	1E11	1E-30	1.18073979265486E-10	1E10	1E-30	1E10	4.49169178915894E-03	1.28624743170932E-08	1E10	91.6438597299839	1E-30	6.37914064805683E-11	7.52529205620165E-02	7.99241059495721E-08	5.21136698966728E-11	2.02160945794115E-02	2.84430838523762E-09	1.11778952191891E-11	0.378487172407712	3.4047449733677E-10	3.29746296404837E-11	1.07692544716634	2.07339382704175E-10	1.28672760485876E-11	0.38058529931552	8.68936814101509E-13	4.04483320145276E-10	123.895470283307	1E10	1E-30	1E-10	1E10	1E-30	1E-10	1E10	1E-30	1E-10	1E10	1E-30	1E-10	1E10	1E-30	1E-10	1E10	1E-30	1E-10	1E10	1E-30	1E-10	1E10	1E-30	1E-10	2	-2	2
132	3.9E-10	1E10	1E11	1E-30	1.18073979265486E-10	1E10	1E-30	1E10	4.49169178915894E-03	1.28624743170932E-08	1E10	91.6438597299839	1E-30	6.37914064805683E-11	7.52529205620165E-02	7.99241059495721E-08	5.21136698966728E-11	2.02160945794115E-02	2.84430838523762E-09	1.11778952191891E-11	0.378487172407712	3.4047449733677E-10	3.29746296404837E-11	1.07692544716634	2.07339382704175E-10	1.28672760485876E-11	0.38058529931552	8.68936814101509E-13	4.04483320145276E-10	123.895470283307	1E10	1E-30	1E-10	1E10	1E-30	1E-10	1E10	1E-30	1E-10	1E10	1E-30	1E-10	1E10	1E-30	1E-10	1E10	1E-30	1E-10	1E10	1E-30	1E-10	1E10	1E-30	1E-10	2	-5	5
133	3.9E-10	1E10	1E11	1E-30	1.18073979265486E-10	1E10	1E-30	1E10	4.49169178915894E-03	1.28624743170932E-08	1E10	91.6438597299839	1E-30	6.37914064805683E-11	7.52529205620165E-02	7.99241059495721E-08	5.21136698966728E-11	2.02160945794115E-02	2.84430838523762E-09	1.11778952191891E-11	0.378487172407712	3.4047449733677E-10	3.29746296404837E-11	1.07692544716634	2.07339382704175E-10	1.28672760485876E-11	0.38058529931552	8.68936814101509E-13	4.04483320145276E-10	123.895470283307	1E10	1E-30	1E-10	1E10	1E-30	1E-10	1E10	1E-30	1E-10	1E10	1E-30	1E-10	1E10	1E-30	1E-10	1E10	1E-30	1E-10	1E10	1E-30	1E-10	1E10	1E-30	1E-10	2	-1	1
134	3.9E-10	1E10	1E11	1E-30	1.18073979265486E-10	1E10	1E-30	1E10	4.49169178915894E-03	1.28624743170932E-08	1E10	91.6438597299839	1E-30	6.37914064805683E-11	7.52529205620165E-02	7.99241059495721E-08	5.21136698966728E-11	2.02160945794115E-02	2.84430838523762E-09	1.11778952191891E-11	0.378487172407712	3.4047449733677E-10	3.29746296404837E-11	1.07692544716634	2.07339382704175E-10	1.28672760485876E-11	0.38058529931552	8.68936814101509E-13	4.04483320145276E-10	123.895470283307	1E10	1E-30	1E-10	1E10	1E-30	1E-10	1E10	1E-30	1E-10	1E10	1E-30	1E-10	1E10	1E-30	1E-10	1E10	1E-30	1E-10	1E10	1E-30	1E-10	1E10	1E-30	1E-10	2	-2	2
135	3.9E-10	1E10	1E11	1E-30	1.18073979265486E-10	1E10	1E-30	1E10	4.49169178915894E-03	1.28624743170932E-08	1E10	91.6438597299839	1E-30	6.37914064805683E-11	7.52529205620165E-02	7.99241059495721E-08	5.21136698966728E-11	2.02160945794115E-02	2.84430838523762E-09	1.11778952191891E-11	0.378487172407712	3.4047449733677E-10	3.29746296404837E-11	1.07692544716634	2.07339382704175E-10	1.28672760485876E-11	0.38058529931552	8.68936814101509E-13	4.04483320145276E-10	123.895470283307	1E10	1E-30	1E-10	1E10	1E-30	1E-10	1E10	1E-30	1E-10	1E10	1E-30	1E-10	1E10	1E-30	1E-10	1E10	1E-30	1E-10	1E10	1E-30	1E-10	1E10	1E-30	1E-10	2	-5	5
136	3.9E-10	1E10	1E11	1E-30	5.40412413465345E-12	1E10	1E-30	1E10	8.08542766495869E-02	1E-30	1.03676014565296E-10	1.59886452322317	6.59250608338259E-09	8.24877848913333E-12	0.147847899234967	6.00953168260961E-10	3.95889122293631E-11	0.781555687625915	9.20833983988723E-13	5.43483004678551E-10	951.748076346285	1E10	1E-30	1E-10	1E10	1E-30	1E-10	1E10	1E-30	1E-10	1E10	1E-30	1E-10	1E10	1E-30	1E-10	1E10	1E-30	1E-10	1E10	1E-30	1E-10	1E10	1E-30	1E-10	1E10	1E-30	1E-10	1E10	1E-30	1E-10	1E10	1E-30	1E-10	2	-5	5
137	4.7E-10	1E10	1E11	1E-30	1.81588422927853E-11	1E10	1E-30	1E10	0.06	1E-30	4.80561353280543E-11	1.43785144851026	1.37112646785997E-09	1.74472592019894E-11	0.285756492847376	2.63024934105196E-10	2.63514573046816E-11	0.611055216702792	2.12194178755088E-11	2.10473726411321E-11	2.58961015770059	5.31336202179962E-13	3.93800041542993E-10	1E5	1E10	1E-30	1E-10	1E10	1E-30	1E-10	1E10	1E-30	1E-10	1E10	1E-30	1E-10	1E10	1E-30	1E-10	1E10	1E-30	1E-10	1E10	1E-30	1E-10	1E10	1E-30	1E-10	1E10	1E-30	1E-10	1E10	1E-30	1E-10	2	-5	5
138	4.7E-10	1E10	1E11	1E-30	9.45138132947845E-11	1E10	1E-30	1E10	3.98677108213028E-03	1.49029021123095E-07	1E10	0.950948600591531	1E-30	5.6100310650092E-11	6.72440370741636E-02	8.10011215994004E-08	5.19158916514752E-11	1.88341176292697E-02	3.0148649210303E-09	1.45014652868217E-11	0.43453695785319	4.88670438575824E-10	3.37361194801069E-11	1.14048670740858	2.38566871262904E-10	1.9280993992353E-11	0.522404706468905	2.94852730276586E-10	5.18713050083897E-12	0.252868678131854	7.58330852515959E-13	3.84541916416547E-10	297.960476231368	1E10	1E-30	1E-10	1E10	1E-30	1E-10	1E10	1E-30	1E-10	1E10	1E-30	1E-10	1E10	1E-30	1E-10	1E10	1E-30	1E-10	1E10	1E-30	1E-10	2	-1	1
139	4.7E-10	1E10	1E11	1E-30	9.45138132947845E-11	1E10	1E-30	1E10	3.98677108213028E-03	1.49029021123095E-07	1E10	0.950948600591531	1E-30	5.6100310650092E-11	6.72440370741636E-02	8.10011215994004E-08	5.19158916514752E-11	1.88341176292697E-02	3.0148649210303E-09	1.45014652868217E-11	0.43453695785319	4.88670438575824E-10	3.37361194801069E-11	1.14048670740858	2.38566871262904E-10	1.9280993992353E-11	0.522404706468905	2.94852730276586E-10	5.18713050083897E-12	0.252868678131854	7.58330852515959E-13	3.84541916416547E-10	297.960476231368	1E10	1E-30	1E-10	1E10	1E-30	1E-10	1E10	1E-30	1E-10	1E10	1E-30	1E-10	1E10	1E-30	1E-10	1E10	1E-30	1E-10	1E10	1E-30	1E-10	2	-2	2
140	4.7E-10	1E10	1E11	1E-30	9.45138132947845E-11	1E10	1E-30	1E10	3.98677108213028E-03	1.49029021123095E-07	1E10	0.950948600591531	1E-30	5.6100310650092E-11	6.72440370741636E-02	8.10011215994004E-08	5.19158916514752E-11	1.88341176292697E-02	3.0148649210303E-09	1.45014652868217E-11	0.43453695785319	4.88670438575824E-10	3.37361194801069E-11	1.14048670740858	2.38566871262904E-10	1.9280993992353E-11	0.522404706468905	2.94852730276586E-10	5.18713050083897E-12	0.252868678131854	7.58330852515959E-13	3.84541916416547E-10	297.960476231368	1E10	1E-30	1E-10	1E10	1E-30	1E-10	1E10	1E-30	1E-10	1E10	1E-30	1E-10	1E10	1E-30	1E-10	1E10	1E-30	1E-10	1E10	1E-30	1E-10	2	-5	5
141	4.7E-10	1E10	1E11	1E-30	1.94764637109718E-10	1E10	1E-30	1E10	4.27258073862227E-04	2.92433110704051E-08	1E10	21.1544310046631	1E-30	5.32306555565758E-11	1.10758050864524	1E-30	1.21638150406476E-10	5.17928664042825E-02	3.30853531965693E-09	1.38370646712296E-11	0.489280633787886	5.14946147265977E-10	3.29430667477261E-11	1.14671423314718	4.73775200492881E-10	9.51633657648782E-12	0.338325138226826	1.1424430147487E-12	2.76245204569769E-10	117.347469460025	1E10	1E-30	1E-10	1E10	1E-30	1E-10	1E10	1E-30	1E-10	1E10	1E-30	1E-10	1E10	1E-30	1E-10	1E10	1E-30	1E-10	1E10	1E-30	1E-10	1E10	1E-30	1E-10	2	-1	1
142	4.7E-10	1E10	1E11	1E-30	1.94764637109718E-10	1E10	1E-30	1E10	4.27258073862227E-04	2.92433110704051E-08	1E10	21.1544310046631	1E-30	5.32306555565758E-11	1.10758050864524	1E-30	1.21638150406476E-10	5.17928664042825E-02	3.30853531965693E-09	1.38370646712296E-11	0.489280633787886	5.14946147265977E-10	3.29430667477261E-11	1.14671423314718	4.73775200492881E-10	9.51633657648782E-12	0.338325138226826	1.1424430147487E-12	2.76245204569769E-10	117.347469460025	1E10	1E-30	1E-10	1E10	1E-30	1E-10	1E10	1E-30	1E-10	1E10	1E-30	1E-10	1E10	1E-30	1E-10	1E10	1E-30	1E-10	1E10	1E-30	1E-10	1E10	1E-30	1E-10	2	-2	2
143	4.7E-10	1E10	1E11	1E-30	1.94764637109718E-10	1E10	1E-30	1E10	4.27258073862227E-04	2.92433110704051E-08	1E10	21.1544310046631	1E-30	5.32306555565758E-11	1.10758050864524	1E-30	1.21638150406476E-10	5.17928664042825E-02	3.30853531965693E-09	1.38370646712296E-11	0.489280633787886	5.14946147265977E-10	3.29430667477261E-11	1.14671423314718	4.73775200492881E-10	9.51633657648782E-12	0.338325138226826	1.1424430147487E-12	2.76245204569769E-10	117.347469460025	1E10	1E-30	1E-10	1E10	1E-30	1E-10	1E10	1E-30	1E-10	1E10	1E-30	1E-10	1E10	1E-30	1E-10	1E10	1E-30	1E-10	1E10	1E-30	1E-10	1E10	1E-30	1E-10	2	-5	5
144	4.7E-10	1E10	1E11	1E-30	4.03635203424711E-11	1E10	1E-30	1E10	6.63448984885047E-02	1E-30	8.47043457987764E-11	1.30628838336755	7.45823486877451E-09	9.39299572846426E-12	0.188571541409024	7.11054996406564E-10	4.41073540425117E-11	0.831567226354242	9.51895774389391E-13	4.90656896686982E-10	1270.90751466772	1E10	1E-30	1E-10	1E10	1E-30	1E-10	1E10	1E-30	1E-10	1E10	1E-30	1E-10	1E10	1E-30	1E-10	1E10	1E-30	1E-10	1E10	1E-30	1E-10	1E10	1E-30	1E-10	1E10	1E-30	1E-10	1E10	1E-30	1E-10	1E10	1E-30	1E-10	2	-5	5
145	5.6E-10	1E10	1E11	1E-30	8.58615572336048E-11	1E10	1E-30	1E10	0.05	1.76064594740877E-09	1.88730882397984E-11	0.350631494589349	3.10077910579322E-10	3.29663002729393E-11	0.710422259521985	2.63815891375236E-10	1.07652808536253E-11	0.557915283458772	3.64206666617661E-12	8.60443178931501E-11	27.7033463659996	1.21940939599467E-12	2.53746896478688E-10	1E5	1E10	1E-30	1E-10	1E10	1E-30	1E-10	1E10	1E-30	1E-10	1E10	1E-30	1E-10	1E10	1E-30	1E-10	1E10	1E-30	1E-10	1E10	1E-30	1E-10	1E10	1E-30	1E-10	1E10	1E-30	1E-10	1E10	1E-30	1E-10	2	-5	5
146	5.6E-10	1E10	1E11	1E-30	8.58615572336048E-11	1E10	1E-30	1E10	0.05	1.76064594740877E-09	1.88730882397984E-11	0.350631494589349	3.10077910579322E-10	3.29663002729393E-11	0.710422259521985	2.63815891375236E-10	1.07652808536253E-11	0.557915283458772	3.64206666617661E-12	8.60443178931501E-11	27.7033463659996	1.21940939599467E-12	2.53746896478688E-10	1E5	1E10	1E-30	1E-10	1E10	1E-30	1E-10	1E10	1E-30	1E-10	1E10	1E-30	1E-10	1E10	1E-30	1E-10	1E10	1E-30	1E-10	1E10	1E-30	1E-10	1E10	1E-30	1E-10	1E10	1E-30	1E-10	1E10	1E-30	1E-10	2	-5	5
147	5.6E-10	1E10	1E11	1E-30	6.53082892214801E-15	1E10	1E-30	1E10	6.87269739446755E-03	1.36337425154584E-06	1E10	1.08846082978788E-02	1E-30	3.69410891302988E-11	0.822324024836976	8.25936456023845E-09	7.28924938162628E-11	3.47879159171878E-02	2.8676157632458E-09	2.03496254868696E-11	0.532860649042273	6.0947752964736E-10	3.83265157719678E-11	1.04646573226652	2.90325725437866E-10	2.13322785289404E-11	0.434663120152596	6.68135711374594E-13	4.37546414478766E-10	388.286865631599	1E10	1E-30	1E-10	1E10	1E-30	1E-10	1E10	1E-30	1E-10	1E10	1E-30	1E-10	1E10	1E-30	1E-10	1E10	1E-30	1E-10	1E10	1E-30	1E-10	1E10	1E-30	1E-10	2	-1	1
148	5.6E-10	1E10	1E11	1E-30	6.53082892214801E-15	1E10	1E-30	1E10	6.87269739446755E-03	1.36337425154584E-06	1E10	1.08846082978788E-02	1E-30	3.69410891302988E-11	0.822324024836976	8.25936456023845E-09	7.28924938162628E-11	3.47879159171878E-02	2.8676157632458E-09	2.03496254868696E-11	0.532860649042273	6.0947752964736E-10	3.83265157719678E-11	1.04646573226652	2.90325725437866E-10	2.13322785289404E-11	0.434663120152596	6.68135711374594E-13	4.37546414478766E-10	388.286865631599	1E10	1E-30	1E-10	1E10	1E-30	1E-10	1E10	1E-30	1E-10	1E10	1E-30	1E-10	1E10	1E-30	1E-10	1E10	1E-30	1E-10	1E10	1E-30	1E-10	1E10	1E-30	1E-10	2	-2	2
149	5.6E-10	1E10	1E11	1E-30	6.53082892214801E-15	1E10	1E-30	1E10	6.87269739446755E-03	1.36337425154584E-06	1E10	1.08846082978788E-02	1E-30	3.69410891302988E-11	0.822324024836976	8.25936456023845E-09	7.28924938162628E-11	3.47879159171878E-02	2.8676157632458E-09	2.03496254868696E-11	0.532860649042273	6.0947752964736E-10	3.83265157719678E-11	1.04646573226652	2.90325725437866E-10	2.13322785289404E-11	0.434663120152596	6.68135711374594E-13	4.37546414478766E-10	388.286865631599	1E10	1E-30	1E-10	1E10	1E-30	1E-10	1E10	1E-30	1E-10	1E10	1E-30	1E-10	1E10	1E-30	1E-10	1E10	1E-30	1E-10	1E10	1E-30	1E-10	1E10	1E-30	1E-10	2	-5	5
150	5.6E-10	1E10	1E11	1E-30	1.76867587388576E-10	1E10	1E-30	1E10	1.27289518212784E-02	8.90388840777495E-07	1E10	1.66666449666327E-02	1E-30	8.56390984662322E-11	3.49025666023018E-02	3.64472582067475E-09	1.55066108884459E-11	0.48829408165563	5.93028198894687E-10	3.78299278566624E-11	1.06986990323848	3.24219323164599E-10	1.83868829546159E-11	0.451598297544676	3.6607737869012E-12	8.04035822997814E-11	4.94811135964944	1.37576738130128E-12	2.11961704622231E-10	1351.36080970262	1E10	1E-30	1E-10	1E10	1E-30	1E-10	1E10	1E-30	1E-10	1E10	1E-30	1E-10	1E10	1E-30	1E-10	1E10	1E-30	1E-10	1E10	1E-30	1E-10	1E10	1E-30	1E-10	2	-1	1
151	5.6E-10	1E10	1E11	1E-30	1.76867587388576E-10	1E10	1E-30	1E10	1.27289518212784E-02	8.90388840777495E-07	1E10	1.66666449666327E-02	1E-30	8.56390984662322E-11	3.49025666023018E-02	3.64472582067475E-09	1.55066108884459E-11	0.48829408165563	5.93028198894687E-10	3.78299278566624E-11	1.06986990323848	3.24219323164599E-10	1.83868829546159E-11	0.451598297544676	3.6607737869012E-12	8.04035822997814E-11	4.94811135964944	1.37576738130128E-12	2.11961704622231E-10	1351.36080970262	1E10	1E-30	1E-10	1E10	1E-30	1E-10	1E10	1E-30	1E-10	1E10	1E-30	1E-10	1E10	1E-30	1E-10	1E10	1E-30	1E-10	1E10	1E-30	1E-10	1E10	1E-30	1E-10	2	-2	2
152	5.6E-10	1E10	1E11	1E-30	1.76867587388576E-10	1E10	1E-30	1E10	1.27289518212784E-02	8.90388840777495E-07	1E10	1.66666449666327E-02	1E-30	8.56390984662322E-11	3.49025666023018E-02	3.64472582067475E-09	1.55066108884459E-11	0.48829408165563	5.93028198894687E-10	3.78299278566624E-11	1.06986990323848	3.24219323164599E-10	1.83868829546159E-11	0.451598297544676	3.6607737869012E-12	8.04035822997814E-11	4.94811135964944	1.37576738130128E-12	2.11961704622231E-10	1351.36080970262	1E10	1E-30	1E-10	1E10	1E-30	1E-10	1E10	1E-30	1E-10	1E10	1E-30	1E-10	1E10	1E-30	1E-10	1E10	1E-30	1E-10	1E10	1E-30	1E-10	1E10	1E-30	1E-10	2	-5	5
153	5.6E-10	1E10	1E11	1E-30	7.43120811258079E-11	1E10	1E-30	1E10	7.24666157856656E-02	1E-30	9.33496034197542E-11	0.961329139884018	1.37890402479454E-08	5.23403648570574E-12	7.15036066586345E-02	9.38677930406031E-10	3.00606330600861E-11	0.520643390629155	8.71188486192538E-13	5.38676995503975E-10	1667.81181251576	1E10	1E-30	1E-10	1E10	1E-30	1E-10	1E10	1E-30	1E-10	1E10	1E-30	1E-10	1E10	1E-30	1E-10	1E10	1E-30	1E-10	1E10	1E-30	1E-10	1E10	1E-30	1E-10	1E10	1E-30	1E-10	1E10	1E-30	1E-10	1E10	1E-30	1E-10	2	-5	5
154	6.8E-10	1E10	1E11	1E-30	3.19255791466929E-10	1E10	1E-30	1E10	0.045	1E-30	6.53221582425287E-11	1.48706718021718	2.07286307408358E-09	2.23572965660371E-11	0.416826846625585	5.36953137499324E-10	2.74742411864752E-11	0.667296244305762	3.55526177471848E-12	7.25266214269832E-11	1E5	1E10	1E-30	1E-10	1E10	1E-30	1E-10	1E10	1E-30	1E-10	1E10	1E-30	1E-10	1E10	1E-30	1E-10	1E10	1E-30	1E-10	1E10	1E-30	1E-10	1E10	1E-30	1E-10	1E10	1E-30	1E-10	1E10	1E-30	1E-10	1E10	1E-30	1E-10	2	-5	5
155	6.8E-10	1E10	1E11	1E-30	3.19255791466929E-10	1E10	1E-30	1E10	0.045	1E-30	6.53221582425287E-11	1.48706718021718	2.07286307408358E-09	2.23572965660371E-11	0.416826846625585	5.36953137499324E-10	2.74742411864752E-11	0.667296244305762	3.55526177471848E-12	7.25266214269832E-11	1E5	1E10	1E-30	1E-10	1E10	1E-30	1E-10	1E10	1E-30	1E-10	1E10	1E-30	1E-10	1E10	1E-30	1E-10	1E10	1E-30	1E-10	1E10	1E-30	1E-10	1E10	1E-30	1E-10	1E10	1E-30	1E-10	1E10	1E-30	1E-10	1E10	1E-30	1E-10	2	-5	5
156	6.8E-10	1E10	1E11	1E-30	2.52568829073138E-10	1E10	1E-30	1E10	1.10462186685116E-02	4.91875656115279E-07	1E10	3.01698091926147E-02	1E-30	1.72661564744163E-10	5.14305430187941E-02	5.54259687719192E-09	9.29110964380062E-12	0.184280978149353	5.31703320694948E-10	3.15568759332586E-11	0.661833639000934	3.5141912590801E-10	1.28386933420922E-11	0.316076219123883	5.51956033983477E-12	6.8018007854956E-11	4.06885144789031	1.35566674049687E-12	2.16092640898975E-10	183.569035223396	1E10	1E-30	1E-10	1E10	1E-30	1E-10	1E10	1E-30	1E-10	1E10	1E-30	1E-10	1E10	1E-30	1E-10	1E10	1E-30	1E-10	1E10	1E-30	1E-10	1E10	1E-30	1E-10	2	-1	1
157	6.8E-10	1E10	1E11	1E-30	2.52568829073138E-10	1E10	1E-30	1E10	1.10462186685116E-02	4.91875656115279E-07	1E10	3.01698091926147E-02	1E-30	1.72661564744163E-10	5.14305430187941E-02	5.54259687719192E-09	9.29110964380062E-12	0.184280978149353	5.31703320694948E-10	3.15568759332586E-11	0.661833639000934	3.5141912590801E-10	1.28386933420922E-11	0.316076219123883	5.51956033983477E-12	6.8018007854956E-11	4.06885144789031	1.35566674049687E-12	2.16092640898975E-10	183.569035223396	1E10	1E-30	1E-10	1E10	1E-30	1E-10	1E10	1E-30	1E-10	1E10	1E-30	1E-10	1E10	1E-30	1E-10	1E10	1E-30	1E-10	1E10	1E-30	1E-10	1E10	1E-30	1E-10	2	-2	2
158	6.8E-10	1E10	1E11	1E-30	2.52568829073138E-10	1E10	1E-30	1E10	1.10462186685116E-02	4.91875656115279E-07	1E10	3.01698091926147E-02	1E-30	1.72661564744163E-10	5.14305430187941E-02	5.54259687719192E-09	9.29110964380062E-12	0.184280978149353	5.31703320694948E-10	3.15568759332586E-11	0.661833639000934	3.5141912590801E-10	1.28386933420922E-11	0.316076219123883	5.51956033983477E-12	6.8018007854956E-11	4.06885144789031	1.35566674049687E-12	2.16092640898975E-10	183.569035223396	1E10	1E-30	1E-10	1E10	1E-30	1E-10	1E10	1E-30	1E-10	1E10	1E-30	1E-10	1E10	1E-30	1E-10	1E10	1E-30	1E-10	1E10	1E-30	1E-10	1E10	1E-30	1E-10	2	-5	5
159	6.8E-10	1E10	1E11	1E-30	1.53439226497855E-10	1E10	1E-30	1E10	2.56000718559261E-03	1.58427627860181E-06	1E10	9.36692349177056E-03	5.25756950857991E-09	9.52454902339695E-11	3.95904122944533E-02	3.77192951098165E-09	2.11701075665045E-11	0.619119813484126	1.01673899943408E-09	3.05864059691972E-11	1.02081318437958	4.44376821372615E-10	1.97219634039025E-11	0.308421562064945	8.96325514726438E-12	4.50536811261237E-11	0.954132870742096	8.52764361691742E-13	3.94591326935208E-10	563.050407858538	1E10	1E-30	1E-10	1E10	1E-30	1E-10	1E10	1E-30	1E-10	1E10	1E-30	1E-10	1E10	1E-30	1E-10	1E10	1E-30	1E-10	1E10	1E-30	1E-10	1E10	1E-30	1E-10	2	-1	1
160	6.8E-10	1E10	1E11	1E-30	1.53439226497855E-10	1E10	1E-30	1E10	2.56000718559261E-03	1.58427627860181E-06	1E10	9.36692349177056E-03	5.25756950857991E-09	9.52454902339695E-11	3.95904122944533E-02	3.77192951098165E-09	2.11701075665045E-11	0.619119813484126	1.01673899943408E-09	3.05864059691972E-11	1.02081318437958	4.44376821372615E-10	1.97219634039025E-11	0.308421562064945	8.96325514726438E-12	4.50536811261237E-11	0.954132870742096	8.52764361691742E-13	3.94591326935208E-10	563.050407858538	1E10	1E-30	1E-10	1E10	1E-30	1E-10	1E10	1E-30	1E-10	1E10	1E-30	1E-10	1E10	1E-30	1E-10	1E10	1E-30	1E-10	1E10	1E-30	1E-10	1E10	1E-30	1E-10	2	-2	2
161	6.8E-10	1E10	1E11	1E-30	1.53439226497855E-10	1E10	1E-30	1E10	2.56000718559261E-03	1.58427627860181E-06	1E10	9.36692349177056E-03	5.25756950857991E-09	9.52454902339695E-11	3.95904122944533E-02	3.77192951098165E-09	2.11701075665045E-11	0.619119813484126	1.01673899943408E-09	3.05864059691972E-11	1.02081318437958	4.44376821372615E-10	1.97219634039025E-11	0.308421562064945	8.96325514726438E-12	4.50536811261237E-11	0.954132870742096	8.52764361691742E-13	3.94591326935208E-10	563.050407858538	1E10	1E-30	1E-10	1E10	1E-30	1E-10	1E10	1E-30	1E-10	1E10	1E-30	1E-10	1E10	1E-30	1E-10	1E10	1E-30	1E-10	1E10	1E-30	1E-10	1E10	1E-30	1E-10	2	-5	5
162	6.8E-10	1E10	1E11	1E-30	1.64502681860822E-11	1E10	1E-30	1E10	6.50917501835058E-02	1E-30	9.59971338190666E-11	1.05903913727075	1.27211538134976E-08	7.59054252074717E-12	0.103972879166081	1.15407394144093E-09	3.62087330868987E-11	0.579640666607895	7.35624625163914E-13	6.00942271171698E-10	718.312996722778	1E10	1E-30	1E-10	1E10	1E-30	1E-10	1E10	1E-30	1E-10	1E10	1E-30	1E-10	1E10	1E-30	1E-10	1E10	1E-30	1E-10	1E10	1E-30	1E-10	1E10	1E-30	1E-10	1E10	1E-30	1E-10	1E10	1E-30	1E-10	1E10	1E-30	1E-10	2	-5	5
163	8.2E-10	1E10	1E11	1E-30	2.17685445511813E-10	1E10	1E-30	1E10	0.04	1E-30	3.66323107300813E-11	0.578092967942315	3.2308817746294E-09	1.80678548094197E-11	0.349765716154599	6.15811785025294E-10	3.41325842264618E-11	0.696017746155026	6.71782877414906E-12	4.56119706948664E-11	11.653059153324	1.92259563120294E-12	1.3081643969453E-10	1E5	1E10	1E-30	1E-10	1E10	1E-30	1E-10	1E10	1E-30	1E-10	1E10	1E-30	1E-10	1E10	1E-30	1E-10	1E10	1E-30	1E-10	1E10	1E-30	1E-10	1E10	1E-30	1E-10	1E10	1E-30	1E-10	1E10	1E-30	1E-10	2	-5	5
164	8.2E-10	1E10	1E11	1E-30	2.17685445511813E-10	1E10	1E-30	1E10	0.04	1E-30	3.66323107300813E-11	0.578092967942315	3.2308817746294E-09	1.80678548094197E-11	0.349765716154599	6.15811785025294E-10	3.41325842264618E-11	0.696017746155026	6.71782877414906E-12	4.56119706948664E-11	11.653059153324	1.92259563120294E-12	1.3081643969453E-10	1E5	1E10	1E-30	1E-10	1E10	1E-30	1E-10	1E10	1E-30	1E-10	1E10	1E-30	1E-10	1E10	1E-30	1E-10	1E10	1E-30	1E-10	1E10	1E-30	1E-10	1E10	1E-30	1E-10	1E10	1E-30	1E-10	1E10	1E-30	1E-10	2	-5	5
165	8.2E-10	1E10	1E11	1E-30	9.19525852948002E-11	1E10	1E-30	1E10	0.028795677380433	4.81074013906781E-07	1E10	3.08472173979568E-02	1E-30	5.98105787761336E-11	0.630132309760616	1E-30	7.13700460602337E-11	2.35655368712399E-02	1.12604470474628E-08	6.06617517108651E-12	0.184849982983868	1.0401354560733E-09	2.38149079566186E-11	0.500676618871252	8.38126549866762E-13	4.01482832272159E-10	212.846602045154	1E10	1E-30	1E-10	1E10	1E-30	1E-10	1E10	1E-30	1E-10	1E10	1E-30	1E-10	1E10	1E-30	1E-10	1E10	1E-30	1E-10	1E10	1E-30	1E-10	1E10	1E-30	1E-10	1E10	1E-30	1E-10	2	-1	1
166	8.2E-10	1E10	1E11	1E-30	9.19525852948002E-11	1E10	1E-30	1E10	0.028795677380433	4.81074013906781E-07	1E10	3.08472173979568E-02	1E-30	5.98105787761336E-11	0.630132309760616	1E-30	7.13700460602337E-11	2.35655368712399E-02	1.12604470474628E-08	6.06617517108651E-12	0.184849982983868	1.0401354560733E-09	2.38149079566186E-11	0.500676618871252	8.38126549866762E-13	4.01482832272159E-10	212.846602045154	1E10	1E-30	1E-10	1E10	1E-30	1E-10	1E10	1E-30	1E-10	1E10	1E-30	1E-10	1E10	1E-30	1E-10	1E10	1E-30	1E-10	1E10	1E-30	1E-10	1E10	1E-30	1E-10	1E10	1E-30	1E-10	2	-2	2
167	8.2E-10	1E10	1E11	1E-30	9.19525852948002E-11	1E10	1E-30	1E10	0.028795677380433	4.81074013906781E-07	1E10	3.08472173979568E-02	1E-30	5.98105787761336E-11	0.630132309760616	1E-30	7.13700460602337E-11	2.35655368712399E-02	1.12604470474628E-08	6.06617517108651E-12	0.184849982983868	1.0401354560733E-09	2.38149079566186E-11	0.500676618871252	8.38126549866762E-13	4.01482832272159E-10	212.846602045154	1E10	1E-30	1E-10	1E10	1E-30	1E-10	1E10	1E-30	1E-10	1E10	1E-30	1E-10	1E10	1E-30	1E-10	1E10	1E-30	1E-10	1E10	1E-30	1E-10	1E10	1E-30	1E-10	1E10	1E-30	1E-10	2	-5	5
168	8.2E-10	1E10	1E11	1E-30	6.2089140292176E-11	1E10	1E-30	1E10	3.0657839509308E-03	2.07071537598427E-07	1E10	0.989253246469639	1E-30	5.43661498637784E-11	0.794460195309412	1E-30	1.07001246522305E-10	0.036506833506993	5.11897654598885E-09	1.92684244305081E-11	0.596050651375347	1.20902389614286E-09	3.48176952635278E-11	1.07819851192851	1.09377398045935E-08	1.8077443949789E-12	8.58332106329365E-02	1.09798533058295E-09	1.13708013581637E-11	0.35114043170332	1.63426208616638E-09	3.08366538033837E-12	0.154663995931448	7.6648077903427E-13	4.41421411242954E-10	456.82913754288	1E10	1E-30	1E-10	1E10	1E-30	1E-10	1E10	1E-30	1E-10	1E10	1E-30	1E-10	1E10	1E-30	1E-10	1E10	1E-30	1E-10	2	-1	1
169	8.2E-10	1E10	1E11	1E-30	6.2089140292176E-11	1E10	1E-30	1E10	3.0657839509308E-03	2.07071537598427E-07	1E10	0.989253246469639	1E-30	5.43661498637784E-11	0.794460195309412	1E-30	1.07001246522305E-10	0.036506833506993	5.11897654598885E-09	1.92684244305081E-11	0.596050651375347	1.20902389614286E-09	3.48176952635278E-11	1.07819851192851	1.09377398045935E-08	1.8077443949789E-12	8.58332106329365E-02	1.09798533058295E-09	1.13708013581637E-11	0.35114043170332	1.63426208616638E-09	3.08366538033837E-12	0.154663995931448	7.6648077903427E-13	4.41421411242954E-10	456.82913754288	1E10	1E-30	1E-10	1E10	1E-30	1E-10	1E10	1E-30	1E-10	1E10	1E-30	1E-10	1E10	1E-30	1E-10	1E10	1E-30	1E-10	2	-2	2
170	8.2E-10	1E10	1E11	1E-30	6.2089140292176E-11	1E10	1E-30	1E10	3.0657839509308E-03	2.07071537598427E-07	1E10	0.989253246469639	1E-30	5.43661498637784E-11	0.794460195309412	1E-30	1.07001246522305E-10	0.036506833506993	5.11897654598885E-09	1.92684244305081E-11	0.596050651375347	1.20902389614286E-09	3.48176952635278E-11	1.07819851192851	1.09377398045935E-08	1.8077443949789E-12	8.58332106329365E-02	1.09798533058295E-09	1.13708013581637E-11	0.35114043170332	1.63426208616638E-09	3.08366538033837E-12	0.154663995931448	7.6648077903427E-13	4.41421411242954E-10	456.82913754288	1E10	1E-30	1E-10	1E10	1E-30	1E-10	1E10	1E-30	1E-10	1E10	1E-30	1E-10	1E10	1E-30	1E-10	1E10	1E-30	1E-10	2	-5	5
171	8.2E-10	1E10	1E11	1E-30	4.53608143911584E-12	1E10	1E-30	1E10	0.053072204920403	1E-30	9.76611702568429E-11	0.777645801174428	1.49382440997652E-08	8.43759550567939E-12	0.12194613892435	1.48134077577604E-09	3.77206541150303E-11	0.586089210649251	9.01055412963727E-13	5.38347419175338E-10	766.005441064875	1E10	1E-30	1E-10	1E10	1E-30	1E-10	1E10	1E-30	1E-10	1E10	1E-30	1E-10	1E10	1E-30	1E-10	1E10	1E-30	1E-10	1E10	1E-30	1E-10	1E10	1E-30	1E-10	1E10	1E-30	1E-10	1E10	1E-30	1E-10	1E10	1E-30	1E-10	2	-5	5
END DSCRDATA
