BEGIN DSCRDATA
% INDEX	K01	L01	M01	K02	L02	M02	K03	L03	M03	K04	L04	M04	K05	L05	M05	K06	L06	M06	K07	L07	M07	K08	L08	M08	K09	L09	M09	K10	L10	M10	K11	L11	M11	K12	L12	M12	K13	L13	M13	K14	L14	M14	K15	L15	M15	K16	L16	M16	K17	L17	M17	K18	L18	M18
0	0	0	0	0	0	0	0	0	0	0	0	0	0	0	0	0	0	0	0	0	0	0	0	0	0	0	0	0	0	0	0	0	0	0	0	0	0	0	0	0	0	0	0	0	0	0	0	0	0	0	0	0	0	0
1	1.18951233550276E-09	1E10	1E11	1E-30	1.47257320175647E-11	1E10	1E-30	1E10	1.52703014597237E-02	1E-30	4.9251820488045E-11	2.13555755397878E-02	2.49455274730287E-09	2.43423980419558E-11	0.439496869928125	5.99224376011265E-10	2.88466494311852E-11	0.651944952561382	1.29167205087058E-12	5.36465613940008E-10	181.411916567363	1E10	1E-30	1E-10	1E10	1E-30	1E-10	1E10	1E-30	1E-10	1E10	1E-30	1E-10	1E10	1E-30	1E-10	1E10	1E-30	1E-10	1E10	1E-30	1E-10	1E10	1E-30	1E-10	1E10	1E-30	1E-10	1E10	1E-30	1E-10	1E10	1E-30	1E-10
2	1.22263508484337E-09	1E10	1E11	1E-30	1.04386337343178E-11	1E10	1E-30	1E10	4.5326038999115E-03	1E-30	1.34726315319229E-10	1.28282351408241	1E-30	5.54003593934782E-11	1.63897066877419E-02	2.34533222050818E-09	6.84378921243143E-11	2.22537594261582	1.33853343991408E-09	4.49276233721167E-11	1.58278660705095	3.62717564618656E-09	7.28396190139551E-12	0.399397422338846	2.53108277053696E-09	6.42899326918665E-12	0.388335860337634	1.3619698339053E-12	3.22673152149756E-10	215.703705606752	1E10	1E-30	1E-10	1E10	1E-30	1E-10	1E10	1E-30	1E-10	1E10	1E-30	1E-10	1E10	1E-30	1E-10	1E10	1E-30	1E-10	1E10	1E-30	1E-10	1E10	1E-30	1E-10
3	1.44713229537092E-09	1E10	1E11	1E-30	1.19531936524165E-11	1E10	1E-30	1E10	1.38540081699161E-02	1E-30	7.49348561263049E-11	1.19984092940671	1E-30	3.81502918142943E-11	1.73215541826378E-02	3.46314185548425E-09	2.57719733060942E-11	0.499347333375074	1.38557947852951E-09	1.89397592426271E-11	0.514339346654375	1.46863346801426E-12	4.61558018799274E-10	586.417404676227	1E10	1E-30	1E-10	1E10	1E-30	1E-10	1E10	1E-30	1E-10	1E10	1E-30	1E-10	1E10	1E-30	1E-10	1E10	1E-30	1E-10	1E10	1E-30	1E-10	1E10	1E-30	1E-10	1E10	1E-30	1E-10	1E10	1E-30	1E-10
4	1.49647814622433E-09	1E10	1E11	1E-30	1.89341536238757E-11	1E10	1E-30	1E10	4.57922459871559E-03	1E-30	1.48103401825498E-10	0.92127778122536	1E-30	6.03322460963645E-11	1.48488341995086E-02	2.44936678457889E-09	9.330967519972E-11	2.26339897568612	1.95363521326119E-09	4.32106941170448E-11	1.59883119450839	5.25073066922354E-09	7.57963904106562E-12	0.404199186960071	2.49838053022544E-09	9.36117439036649E-12	0.39445338087184	1.40279570772394E-12	3.39207747649392E-10	301.11177836787	1E10	1E-30	1E-10	1E10	1E-30	1E-10	1E10	1E-30	1E-10	1E10	1E-30	1E-10	1E10	1E-30	1E-10	1E10	1E-30	1E-10	1E10	1E-30	1E-10	1E10	1E-30	1E-10
5	1.79982377580543E-09	1E10	1E11	1E-30	6.49688325738772E-12	1E10	1E-30	1E10	1.25175824440249E-02	1E-30	8.27212897293033E-11	0.895482476920338	1E-30	4.33890691443196E-11	1.97001405854503E-02	4.55212699757256E-09	2.87373547490037E-11	0.53543103799143	1.6738400356736E-09	2.37296834726446E-11	0.526311373622421	1.5489830717824E-12	4.17919898591991E-10	250.630216838962	1E10	1E-30	1E-10	1E10	1E-30	1E-10	1E10	1E-30	1E-10	1E10	1E-30	1E-10	1E10	1E-30	1E-10	1E10	1E-30	1E-10	1E10	1E-30	1E-10	1E10	1E-30	1E-10	1E10	1E-30	1E-10	1E10	1E-30	1E-10
6	1.78332696330601E-09	1E10	1E11	1E-30	3.06175035720032E-11	1E10	1E-30	1E10	4.71713103645617E-03	1E-30	1.31764304810295E-10	0.925140466226439	1E-30	5.89079513340911E-11	1.42409043704444E-02	3.29273785839905E-09	9.08149198865714E-11	2.08579295722383	2.54735156885764E-09	4.49793659235471E-11	1.47767779095764	4.38789832059895E-09	1.22788860359915E-11	0.400219235337007	3.03749874563532E-09	1.04408676763615E-11	0.393834434263822	1.61403034319539E-12	4.36753908807407E-10	346.359318795566	1E10	1E-30	1E-10	1E10	1E-30	1E-10	1E10	1E-30	1E-10	1E10	1E-30	1E-10	1E10	1E-30	1E-10	1E10	1E-30	1E-10	1E10	1E-30	1E-10	1E10	1E-30	1E-10
7	2.18187235293239E-09	1E10	1E11	1E-30	1.20929702271363E-11	1E10	1E-30	1E10	9.5382473317522E-03	1E-30	9.10590400640279E-11	0.580447389791614	1E-30	4.57048964576719E-11	1.16694858520619E-02	4.67340239338542E-09	3.99010916320283E-11	0.616685384341122	2.02248216730137E-09	2.9048331728934E-11	0.601101135314234	1.2100054845439E-12	4.24964236220263E-10	219.508490354962	1E10	1E-30	1E-10	1E10	1E-30	1E-10	1E10	1E-30	1E-10	1E10	1E-30	1E-10	1E10	1E-30	1E-10	1E10	1E-30	1E-10	1E10	1E-30	1E-10	1E10	1E-30	1E-10	1E10	1E-30	1E-10	1E10	1E-30	1E-10
8	2.13673385269779E-09	1E10	1E11	1E-30	5.11852902789978E-11	1E10	1E-30	1E10	4.64196681186983E-03	1E-30	1.82184993377451E-10	0.884957682534687	1E-30	4.69819944896711E-11	1.13578231038048E-02	4.12270345413345E-09	9.56163726437223E-11	2.50706764873782	3.1488544529305E-09	4.79677811159052E-11	1.68855824834194	7.29387520351389E-09	9.96453863687765E-12	0.577414711674952	5.67316391402729E-09	8.08029780340436E-12	0.477258666397823	1.81508966497979E-12	3.4613890189538E-10	299.010084624371	1E10	1E-30	1E-10	1E10	1E-30	1E-10	1E10	1E-30	1E-10	1E10	1E-30	1E-10	1E10	1E-30	1E-10	1E10	1E-30	1E-10	1E10	1E-30	1E-10	1E10	1E-30	1E-10
9	4.75135479998687E-09	1E10	1E11	1E-30	2.30630817148711E-10	1E10	1E-30	1E10	2.01297206458022E-02	1.2377920827416E-06	1E10	52.5945976030648	1E-30	7.02656086517518E-11	0.373276575234366	1.30329538677122E-08	5.33436206221455E-11	0.823296074586987	5.56711669081693E-09	4.75748570790584E-11	1.04156994489915	1.70754002004586E-08	7.05879360547751E-12	0.184606654299517	7.57079608325846E-09	9.488799636794E-12	0.311096296934751	4.66108252645433E-09	7.00673672348042E-12	0.143180548406862	2.0173322116467E-12	4.35958008489247E-10	7238.51761167126	2.11240614971792E-12	4.16336665923902E-10	500.783066729636	1E10	1E-30	1E-10	1E10	1E-30	1E-10	1E10	1E-30	1E-10	1E10	1E-30	1E-10	1E10	1E-30	1E-10	1E10	1E-30	1E-10
10	4.75135479998687E-09	1E10	1E11	1E-30	2.30630817148711E-10	1E10	1E-30	1E10	2.01297206458022E-02	1.2377920827416E-06	1E10	52.5945976030648	1E-30	7.02656086517518E-11	0.373276575234366	1.30329538677122E-08	5.33436206221455E-11	0.823296074586987	5.56711669081693E-09	4.75748570790584E-11	1.04156994489915	1.70754002004586E-08	7.05879360547751E-12	0.184606654299517	7.57079608325846E-09	9.488799636794E-12	0.311096296934751	4.66108252645433E-09	7.00673672348042E-12	0.143180548406862	2.0173322116467E-12	4.35958008489247E-10	7238.51761167126	2.11240614971792E-12	4.16336665923902E-10	500.783066729636	1E10	1E-30	1E-10	1E10	1E-30	1E-10	1E10	1E-30	1E-10	1E10	1E-30	1E-10	1E10	1E-30	1E-10	1E10	1E-30	1E-10
11	4.75135479998687E-09	1E10	1E11	1E-30	2.30630817148711E-10	1E10	1E-30	1E10	2.01297206458022E-02	1.2377920827416E-06	1E10	52.5945976030648	1E-30	7.02656086517518E-11	0.373276575234366	1.30329538677122E-08	5.33436206221455E-11	0.823296074586987	5.56711669081693E-09	4.75748570790584E-11	1.04156994489915	1.70754002004586E-08	7.05879360547751E-12	0.184606654299517	7.57079608325846E-09	9.488799636794E-12	0.311096296934751	4.66108252645433E-09	7.00673672348042E-12	0.143180548406862	2.0173322116467E-12	4.35958008489247E-10	7238.51761167126	2.11240614971792E-12	4.16336665923902E-10	500.783066729636	1E10	1E-30	1E-10	1E10	1E-30	1E-10	1E10	1E-30	1E-10	1E10	1E-30	1E-10	1E10	1E-30	1E-10	1E10	1E-30	1E-10
12	5.49341880013664E-09	1E10	1E11	1E-30	2.51744613997523E-10	1E10	1E-30	1E10	1.52137658864699E-02	1.06644006618983E-05	1E10	0.847310571261197	1E-30	6.88001044403723E-11	0.43258713752997	1.21778125996364E-08	7.70604031819312E-11	0.955315990036475	6.12340055569403E-09	5.82442932890574E-11	0.987855580083175	1.57307401786515E-08	1.07394051671822E-11	0.270686077011726	7.58310732168858E-09	1.34912111880128E-11	0.328935303326576	2.23966783832569E-09	1.99005670139916E-11	0.174569724035692	2.43912212457173E-12	3.37135379999164E-10	1396.88798758158	2.49593657739119E-12	3.29461241836264E-10	421.85342813059	1E10	1E-30	1E-10	1E10	1E-30	1E-10	1E10	1E-30	1E-10	1E10	1E-30	1E-10	1E10	1E-30	1E-10	1E10	1E-30	1E-10
13	5.49341880013664E-09	1E10	1E11	1E-30	2.51744613997523E-10	1E10	1E-30	1E10	1.52137658864699E-02	1.06644006618983E-05	1E10	0.847310571261197	1E-30	6.88001044403723E-11	0.43258713752997	1.21778125996364E-08	7.70604031819312E-11	0.955315990036475	6.12340055569403E-09	5.82442932890574E-11	0.987855580083175	1.57307401786515E-08	1.07394051671822E-11	0.270686077011726	7.58310732168858E-09	1.34912111880128E-11	0.328935303326576	2.23966783832569E-09	1.99005670139916E-11	0.174569724035692	2.43912212457173E-12	3.37135379999164E-10	1396.88798758158	2.49593657739119E-12	3.29461241836264E-10	421.85342813059	1E10	1E-30	1E-10	1E10	1E-30	1E-10	1E10	1E-30	1E-10	1E10	1E-30	1E-10	1E10	1E-30	1E-10	1E10	1E-30	1E-10
14	5.49341880013664E-09	1E10	1E11	1E-30	2.51744613997523E-10	1E10	1E-30	1E10	1.52137658864699E-02	1.06644006618983E-05	1E10	0.847310571261197	1E-30	6.88001044403723E-11	0.43258713752997	1.21778125996364E-08	7.70604031819312E-11	0.955315990036475	6.12340055569403E-09	5.82442932890574E-11	0.987855580083175	1.57307401786515E-08	1.07394051671822E-11	0.270686077011726	7.58310732168858E-09	1.34912111880128E-11	0.328935303326576	2.23966783832569E-09	1.99005670139916E-11	0.174569724035692	2.43912212457173E-12	3.37135379999164E-10	1396.88798758158	2.49593657739119E-12	3.29461241836264E-10	421.85342813059	1E10	1E-30	1E-10	1E10	1E-30	1E-10	1E10	1E-30	1E-10	1E10	1E-30	1E-10	1E10	1E-30	1E-10	1E10	1E-30	1E-10
15	5.63106924712045E-09	1E10	1E11	1E-30	2.52152534756535E-11	1E10	1E-30	1E10	5.31897894418496E-03	1E-30	1.10576015331962E-10	0.46136528237034	1E-30	3.633396542517E-11	8.97042155545429E-03	1.05814946295522E-08	7.58043690374265E-11	0.851287439860579	6.26848667103906E-09	4.61867041629467E-11	0.715415973196407	1.94660040523781E-08	6.79295780693774E-12	0.176321867478903	1.31802372980768E-08	6.06107592674907E-12	0.197127410098228	1.3459588255853E-12	3.94192440712635E-10	361.878278008819	1E10	1E-30	1E-10	1E10	1E-30	1E-10	1E10	1E-30	1E-10	1E10	1E-30	1E-10	1E10	1E-30	1E-10	1E10	1E-30	1E-10	1E10	1E-30	1E-10	1E10	1E-30	1E-10
16	6.73632132234941E-09	1E10	1E11	1E-30	2.28172740481329E-10	1E10	1E-30	1E10	1.43326309185412E-02	1.71126331484705E-05	1E10	0.5373342902255	1E-30	1.23895671686331E-10	0.381341223867721	1E-30	7.08101188334508E-11	4.66754481313755E-03	1.36748181447653E-08	9.41377842439668E-11	1.23490510773237	8.74544614901342E-09	5.65972934762943E-11	0.911315962700949	2.19152710544936E-08	1.08754327278303E-11	0.337375920358935	1.10948235248762E-08	1.34098748674946E-11	0.365341964017712	1.08011000085624E-08	6.31335082295953E-12	0.131201488095601	2.63579909763242E-12	2.74618922931603E-10	322.166550436425	1E10	1E-30	1E-10	1E10	1E-30	1E-10	1E10	1E-30	1E-10	1E10	1E-30	1E-10	1E10	1E-30	1E-10	1E10	1E-30	1E-10
17	6.73632132234941E-09	1E10	1E11	1E-30	2.28172740481329E-10	1E10	1E-30	1E10	1.43326309185412E-02	1.71126331484705E-05	1E10	0.5373342902255	1E-30	1.23895671686331E-10	0.381341223867721	1E-30	7.08101188334508E-11	4.66754481313755E-03	1.36748181447653E-08	9.41377842439668E-11	1.23490510773237	8.74544614901342E-09	5.65972934762943E-11	0.911315962700949	2.19152710544936E-08	1.08754327278303E-11	0.337375920358935	1.10948235248762E-08	1.34098748674946E-11	0.365341964017712	1.08011000085624E-08	6.31335082295953E-12	0.131201488095601	2.63579909763242E-12	2.74618922931603E-10	322.166550436425	1E10	1E-30	1E-10	1E10	1E-30	1E-10	1E10	1E-30	1E-10	1E10	1E-30	1E-10	1E10	1E-30	1E-10	1E10	1E-30	1E-10
18	6.73632132234941E-09	1E10	1E11	1E-30	2.28172740481329E-10	1E10	1E-30	1E10	1.43326309185412E-02	1.71126331484705E-05	1E10	0.5373342902255	1E-30	1.23895671686331E-10	0.381341223867721	1E-30	7.08101188334508E-11	4.66754481313755E-03	1.36748181447653E-08	9.41377842439668E-11	1.23490510773237	8.74544614901342E-09	5.65972934762943E-11	0.911315962700949	2.19152710544936E-08	1.08754327278303E-11	0.337375920358935	1.10948235248762E-08	1.34098748674946E-11	0.365341964017712	1.08011000085624E-08	6.31335082295953E-12	0.131201488095601	2.63579909763242E-12	2.74618922931603E-10	322.166550436425	1E10	1E-30	1E-10	1E10	1E-30	1E-10	1E10	1E-30	1E-10	1E10	1E-30	1E-10	1E10	1E-30	1E-10	1E10	1E-30	1E-10
19	6.7724057189372E-09	1E10	1E11	1E-30	9.90938746461317E-12	1E10	1E-30	1E10	4.50860671384428E-03	1E-30	1.45971678871818E-10	0.421364263113298	1E-30	2.28225593690267E-11	2.7389791591603E-03	1.04950720770887E-08	1.01565164276386E-10	0.828710445063078	9.056512756187E-09	4.47649569036404E-11	0.727399959875971	1.98987896399762E-08	9.54425434065679E-12	0.188148997406957	1.06548002912783E-08	1.08187994759809E-11	0.179870929311942	1.32600067575873E-12	3.49056927908478E-10	286.087672761048	1E10	1E-30	1E-10	1E10	1E-30	1E-10	1E10	1E-30	1E-10	1E10	1E-30	1E-10	1E10	1E-30	1E-10	1E10	1E-30	1E-10	1E10	1E-30	1E-10	1E10	1E-30	1E-10
20	7.01410128221249E-09	1E10	1E10	1E-30	2.29371270558984E-10	1E10	1E-30	1E10	7.91721063412101E-02	6.37503361732447E-07	1E10	2745.71825538105	7.97546408746167E-07	1E10	417.42505020905	7.01872168951769E-07	1E10	85.2212028864448	6.92169334022943E-07	1E10	14.6632027901601	5.0651212036434E-07	1E10	3.06046728155622	3.00395894599398E-07	1E10	0.511972738086901	1.99985578838763E-07	1E10	0.10924906966655	1E-30	3.53096421196245E-11	0.423131813707937	1E-30	4.65613813831411E-11	0.359322279303579	3.69084307786018E-08	1.01225542965714E-11	7.69081655587081E-02	1.29790369925911E-08	8.12540796790103E-12	0.077440736672459	7.08242635859708E-12	3.74730223403978E-10	22.6383871107018	1E10	1E-30	1E-10	1E10	1E-30	1E-10	1E10	1E-30	1E-10
21	8.0076448755282E-09	1E10	1E11	1E-30	4.42188664786623E-11	1E10	1E-30	1E10	1.17446770612396E-02	7.60321127716762E-07	1E10	314.699881535433	1E-30	1.43361027380863E-10	0.386974892627477	1E-30	5.39663875642325E-11	4.56042062210761E-03	1.29178756528088E-08	1.25253919622279E-10	1.48654692157769	9.10539017211838E-09	7.15259222869362E-11	1.13382045305639	2.0210390438368E-08	1.57449089673335E-11	0.387837817151694	1.44644920809018E-08	1.36614406287796E-11	0.402524730642928	1.01090165992258E-08	1.11861270063493E-11	0.142734709817219	1.67252325485897E-12	3.49530398414903E-10	302.090265070295	1E10	1E-30	1E-10	1E10	1E-30	1E-10	1E10	1E-30	1E-10	1E10	1E-30	1E-10	1E10	1E-30	1E-10	1E10	1E-30	1E-10
22	8.0076448755282E-09	1E10	1E11	1E-30	4.42188664786623E-11	1E10	1E-30	1E10	1.17446770612396E-02	7.60321127716762E-07	1E10	314.699881535433	1E-30	1.43361027380863E-10	0.386974892627477	1E-30	5.39663875642325E-11	4.56042062210761E-03	1.29178756528088E-08	1.25253919622279E-10	1.48654692157769	9.10539017211838E-09	7.15259222869362E-11	1.13382045305639	2.0210390438368E-08	1.57449089673335E-11	0.387837817151694	1.44644920809018E-08	1.36614406287796E-11	0.402524730642928	1.01090165992258E-08	1.11861270063493E-11	0.142734709817219	1.67252325485897E-12	3.49530398414903E-10	302.090265070295	1E10	1E-30	1E-10	1E10	1E-30	1E-10	1E10	1E-30	1E-10	1E10	1E-30	1E-10	1E10	1E-30	1E-10	1E10	1E-30	1E-10
23	8.0076448755282E-09	1E10	1E11	1E-30	4.42188664786623E-11	1E10	1E-30	1E10	1.17446770612396E-02	7.60321127716762E-07	1E10	314.699881535433	1E-30	1.43361027380863E-10	0.386974892627477	1E-30	5.39663875642325E-11	4.56042062210761E-03	1.29178756528088E-08	1.25253919622279E-10	1.48654692157769	9.10539017211838E-09	7.15259222869362E-11	1.13382045305639	2.0210390438368E-08	1.57449089673335E-11	0.387837817151694	1.44644920809018E-08	1.36614406287796E-11	0.402524730642928	1.01090165992258E-08	1.11861270063493E-11	0.142734709817219	1.67252325485897E-12	3.49530398414903E-10	302.090265070295	1E10	1E-30	1E-10	1E10	1E-30	1E-10	1E10	1E-30	1E-10	1E10	1E-30	1E-10	1E10	1E-30	1E-10	1E10	1E-30	1E-10
24	8.25241431284924E-09	1E10	1E11	1E-30	9.13654929785239E-12	1E10	1E-30	1E10	4.25265242334485E-03	1E-30	1.19044993879654E-10	0.380477643315154	1E-30	4.65220606303627E-11	4.98724034410176E-03	1.641376089307E-08	8.87125813349682E-11	0.826122687004535	1.42743492273654E-08	3.88244693937135E-11	0.645165055908906	2.35715874616367E-08	1.10472100318064E-11	0.194729201030006	9.93293520470652E-09	1.57483870406053E-11	0.203348448866813	1.56388505962789E-12	4.59924723772894E-10	267.701471451656	1E10	1E-30	1E-10	1E10	1E-30	1E-10	1E10	1E-30	1E-10	1E10	1E-30	1E-10	1E10	1E-30	1E-10	1E10	1E-30	1E-10	1E10	1E-30	1E-10	1E10	1E-30	1E-10
25	9.8894209694876E-09	1E10	1E11	1E-30	5.36218067699534E-11	1E10	1E-30	1E10	6.56283677580129E-03	4.18131846930325E-07	1E10	851.433816406003	1E-30	1.3391175031941E-10	0.352083791144458	1E-30	5.92446793616716E-09	4.81679156703731E-03	1.73803299250277E-08	1.29387782125664E-10	1.37241257171049	1.30343741933387E-08	7.03019901777681E-11	0.897019719921337	2.87168309363338E-08	1.62500259894167E-11	0.354567301813804	1.69889133851091E-08	1.6661831245444E-11	0.310027500108447	3.67742548768413E-08	5.08524800903216E-12	7.37388958054961E-02	1.42851522837192E-08	9.34830817069319E-12	0.143825236130277	1.56869826311347E-12	4.69865145867821E-10	592.928720634316	1E10	1E-30	1E-10	1E10	1E-30	1E-10	1E10	1E-30	1E-10	1E10	1E-30	1E-10	1E10	1E-30	1E-10
26	9.8894209694876E-09	1E10	1E11	1E-30	5.36218067699534E-11	1E10	1E-30	1E10	6.56283677580129E-03	4.18131846930325E-07	1E10	851.433816406003	1E-30	1.3391175031941E-10	0.352083791144458	1E-30	5.92446793616716E-09	4.81679156703731E-03	1.73803299250277E-08	1.29387782125664E-10	1.37241257171049	1.30343741933387E-08	7.03019901777681E-11	0.897019719921337	2.87168309363338E-08	1.62500259894167E-11	0.354567301813804	1.69889133851091E-08	1.6661831245444E-11	0.310027500108447	3.67742548768413E-08	5.08524800903216E-12	7.37388958054961E-02	1.42851522837192E-08	9.34830817069319E-12	0.143825236130277	1.56869826311347E-12	4.69865145867821E-10	592.928720634316	1E10	1E-30	1E-10	1E10	1E-30	1E-10	1E10	1E-30	1E-10	1E10	1E-30	1E-10	1E10	1E-30	1E-10
27	9.8894209694876E-09	1E10	1E11	1E-30	5.36218067699534E-11	1E10	1E-30	1E10	6.56283677580129E-03	4.18131846930325E-07	1E10	851.433816406003	1E-30	1.3391175031941E-10	0.352083791144458	1E-30	5.92446793616716E-09	4.81679156703731E-03	1.73803299250277E-08	1.29387782125664E-10	1.37241257171049	1.30343741933387E-08	7.03019901777681E-11	0.897019719921337	2.87168309363338E-08	1.62500259894167E-11	0.354567301813804	1.69889133851091E-08	1.6661831245444E-11	0.310027500108447	3.67742548768413E-08	5.08524800903216E-12	7.37388958054961E-02	1.42851522837192E-08	9.34830817069319E-12	0.143825236130277	1.56869826311347E-12	4.69865145867821E-10	592.928720634316	1E10	1E-30	1E-10	1E10	1E-30	1E-10	1E10	1E-30	1E-10	1E10	1E-30	1E-10	1E10	1E-30	1E-10
28	9.94307128357755E-09	1E10	1E11	1E-30	1.14801024797152E-11	1E10	1E-30	1E10	4.0729436825975E-03	1E-30	2.04601924020921E-10	0.359358332425326	1E-30	2.25728605000967E-11	1.87839945194846E-03	1.41579951575958E-08	1.41968358062871E-10	1.06922053487532	1.44574534148078E-08	5.29139332549048E-11	0.731366986779428	4.5949959901818E-08	8.19136552404509E-12	0.257962866806634	2.17223479050454E-08	1.08995085671968E-11	0.22825048097177	1.61365270384218E-12	3.30431557060528E-10	580.825291447284	1E10	1E-30	1E-10	1E10	1E-30	1E-10	1E10	1E-30	1E-10	1E10	1E-30	1E-10	1E10	1E-30	1E-10	1E10	1E-30	1E-10	1E10	1E-30	1E-10	1E10	1E-30	1E-10
29	1.01280968792961E-08	1E10	1E10	1E-30	3.39150777903044E-10	1E10	1E-30	1E10	5.89958041080933E-02	1.11051950458965E-06	1E10	1705.49727556317	1.33750435560406E-06	1E10	274.231667322192	1.16421176779128E-06	1E10	58.4514837364817	1.08758570228277E-06	1E10	11.0227916167757	8.2304320410217E-07	1E10	2.21868662891022	5.70289085783396E-07	1E10	0.444379602598798	3.3457944899272E-07	1E10	9.79798738877256E-02	1E-30	9.22817484285865E-11	0.337003243366969	1E-30	3.06919692662765E-11	0.249758198506115	2.90401110357038E-08	2.52199706654826E-11	0.101289915939025	9.07969351252234E-09	2.62524643868679E-11	0.13079314614314	1.306634981459E-11	1.68350378780681E-10	7.98873076565846	1E10	1E-30	1E-10	1E10	1E-30	1E-10	1E10	1E-30	1E-10
30	1.18963659745924E-08	1E10	83333333333.3333	1E-30	1.09694155098812E-10	1E10	1E-30	1E10	8.85764182239269E-03	2.75889456587625E-05	1E10	0.216316611154116	1E-30	9.57229541249424E-11	0.165911021660977	1E-30	4.65621628551884E-13	1.99526231496886E-02	3.81296958922701E-08	4.87990521331464E-11	0.476920036931106	1.85130688334595E-08	3.70944854229854E-11	0.633066038609286	1.06073716506144E-07	2.95230779589801E-12	0.034457874030882	3.61322754620777E-08	5.32124284694508E-12	0.136465497293841	7.39499521988021E-09	7.99770662867041E-12	5.42866976003787E-02	1.2198466446891E-12	5.40970523143133E-10	432.1754695282	1E10	1E-30	1E-10	1E10	1E-30	1E-10	1E10	1E-30	1E-10	1E10	1E-30	1E-10	1E10	1E-30	1E-10	1E10	1E-30	1E-10
31	1.18963659745924E-08	1E10	83333333333.3333	1E-30	1.09694155098812E-10	1E10	1E-30	1E10	8.85764182239269E-03	2.75889456587625E-05	1E10	0.216316611154116	1E-30	9.57229541249424E-11	0.165911021660977	1E-30	4.65621628551884E-13	1.99526231496886E-02	3.81296958922701E-08	4.87990521331464E-11	0.476920036931106	1.85130688334595E-08	3.70944854229854E-11	0.633066038609286	1.06073716506144E-07	2.95230779589801E-12	0.034457874030882	3.61322754620777E-08	5.32124284694508E-12	0.136465497293841	7.39499521988021E-09	7.99770662867041E-12	5.42866976003787E-02	1.2198466446891E-12	5.40970523143133E-10	432.1754695282	1E10	1E-30	1E-10	1E10	1E-30	1E-10	1E10	1E-30	1E-10	1E10	1E-30	1E-10	1E10	1E-30	1E-10	1E10	1E-30	1E-10
32	1.18963659745924E-08	1E10	83333333333.3333	1E-30	1.09694155098812E-10	1E10	1E-30	1E10	8.85764182239269E-03	2.75889456587625E-05	1E10	0.216316611154116	1E-30	9.57229541249424E-11	0.165911021660977	1E-30	4.65621628551884E-13	1.99526231496886E-02	3.81296958922701E-08	4.87990521331464E-11	0.476920036931106	1.85130688334595E-08	3.70944854229854E-11	0.633066038609286	1.06073716506144E-07	2.95230779589801E-12	0.034457874030882	3.61322754620777E-08	5.32124284694508E-12	0.136465497293841	7.39499521988021E-09	7.99770662867041E-12	5.42866976003787E-02	1.2198466446891E-12	5.40970523143133E-10	432.1754695282	1E10	1E-30	1E-10	1E10	1E-30	1E-10	1E10	1E-30	1E-10	1E10	1E-30	1E-10	1E10	1E-30	1E-10	1E10	1E-30	1E-10
33	1.19217314300118E-08	1E10	83333333333.3333	1E-30	6.56311541624579E-11	1E10	1E-30	1E10	9.2645161234476E-03	1.36785426612152E-06	1E10	107.054688224606	1E-30	1.08149519037521E-10	0.202835342962006	1E-30	1.27036649136082E-10	5.62901406357566E-03	6.16644953053847E-08	4.74321629368741E-11	0.399081312575905	3.8380563593208E-08	3.12260211677001E-11	0.384305806609932	9.91304645091702E-08	6.28086780239532E-12	0.114342708498294	4.09072385162731E-08	9.66065507742093E-12	0.257287097741754	3.69745989584472E-08	5.23664514704928E-12	0.069136186956644	1.45951561851056E-12	3.54915397776422E-10	302.491325459645	1E10	1E-30	1E-10	1E10	1E-30	1E-10	1E10	1E-30	1E-10	1E10	1E-30	1E-10	1E10	1E-30	1E-10	1E10	1E-30	1E-10
34	1.19217314300118E-08	1E10	83333333333.3333	1E-30	6.56311541624579E-11	1E10	1E-30	1E10	9.2645161234476E-03	1.36785426612152E-06	1E10	107.054688224606	1E-30	1.08149519037521E-10	0.202835342962006	1E-30	1.27036649136082E-10	5.62901406357566E-03	6.16644953053847E-08	4.74321629368741E-11	0.399081312575905	3.8380563593208E-08	3.12260211677001E-11	0.384305806609932	9.91304645091702E-08	6.28086780239532E-12	0.114342708498294	4.09072385162731E-08	9.66065507742093E-12	0.257287097741754	3.69745989584472E-08	5.23664514704928E-12	0.069136186956644	1.45951561851056E-12	3.54915397776422E-10	302.491325459645	1E10	1E-30	1E-10	1E10	1E-30	1E-10	1E10	1E-30	1E-10	1E10	1E-30	1E-10	1E10	1E-30	1E-10	1E10	1E-30	1E-10
35	1.19217314300118E-08	1E10	83333333333.3333	1E-30	6.56311541624579E-11	1E10	1E-30	1E10	9.2645161234476E-03	1.36785426612152E-06	1E10	107.054688224606	1E-30	1.08149519037521E-10	0.202835342962006	1E-30	1.27036649136082E-10	5.62901406357566E-03	6.16644953053847E-08	4.74321629368741E-11	0.399081312575905	3.8380563593208E-08	3.12260211677001E-11	0.384305806609932	9.91304645091702E-08	6.28086780239532E-12	0.114342708498294	4.09072385162731E-08	9.66065507742093E-12	0.257287097741754	3.69745989584472E-08	5.23664514704928E-12	0.069136186956644	1.45951561851056E-12	3.54915397776422E-10	302.491325459645	1E10	1E-30	1E-10	1E10	1E-30	1E-10	1E10	1E-30	1E-10	1E10	1E-30	1E-10	1E10	1E-30	1E-10	1E10	1E-30	1E-10
36	1.46078993190238E-08	1E10	66666666666.6667	1E-30	1.4312201519305E-10	1E10	1E-30	1E10	1.03120972133711E-02	9.25099424393733E-05	1E10	2.44757767378589E-02	1E-30	8.49586025589341E-11	0.233134133232284	1E-30	2.13630061112742E-13	9.99999999999988E-03	1E-30	3.1400357760462E-11	2.29349909041997E-03	3.23232851706224E-08	8.02331571832864E-11	0.555668848003946	1.63935088627484E-08	6.05301055339698E-11	0.522412789452291	4.18156505795964E-08	1.12812823391927E-11	0.151782669158338	1.75602806064984E-08	1.60406089441274E-11	0.175939465707723	1.26524023071336E-08	1.04583477540596E-11	9.72464137629081E-02	2.86130790515178E-08	7.61246084400586E-13	9.03999512579274E-03	1.59474553923122E-12	4.13828430525016E-10	366.64076226969	1.59474553923122E-12	4.13828430525016E-10	366.64076226969	1E10	1E-30	1E-10	1E10	1E-30	1E-10	1E10	1E-30	1E-10
37	1.46078993190238E-08	1E10	66666666666.6667	1E-30	1.4312201519305E-10	1E10	1E-30	1E10	1.03120972133711E-02	9.25099424393733E-05	1E10	2.44757767378589E-02	1E-30	8.49586025589341E-11	0.233134133232284	1E-30	2.13630061112742E-13	9.99999999999988E-03	1E-30	3.1400357760462E-11	2.29349909041997E-03	3.23232851706224E-08	8.02331571832864E-11	0.555668848003946	1.63935088627484E-08	6.05301055339698E-11	0.522412789452291	4.18156505795964E-08	1.12812823391927E-11	0.151782669158338	1.75602806064984E-08	1.60406089441274E-11	0.175939465707723	1.26524023071336E-08	1.04583477540596E-11	9.72464137629081E-02	2.86130790515178E-08	7.61246084400586E-13	9.03999512579274E-03	1.59474553923122E-12	4.13828430525016E-10	366.64076226969	1.59474553923122E-12	4.13828430525016E-10	366.64076226969	1E10	1E-30	1E-10	1E10	1E-30	1E-10	1E10	1E-30	1E-10
38	1.46078993190238E-08	1E10	66666666666.6667	1E-30	1.4312201519305E-10	1E10	1E-30	1E10	1.03120972133711E-02	9.25099424393733E-05	1E10	2.44757767378589E-02	1E-30	8.49586025589341E-11	0.233134133232284	1E-30	2.13630061112742E-13	9.99999999999988E-03	1E-30	3.1400357760462E-11	2.29349909041997E-03	3.23232851706224E-08	8.02331571832864E-11	0.555668848003946	1.63935088627484E-08	6.05301055339698E-11	0.522412789452291	4.18156505795964E-08	1.12812823391927E-11	0.151782669158338	1.75602806064984E-08	1.60406089441274E-11	0.175939465707723	1.26524023071336E-08	1.04583477540596E-11	9.72464137629081E-02	2.86130790515178E-08	7.61246084400586E-13	9.03999512579274E-03	1.59474553923122E-12	4.13828430525016E-10	366.64076226969	1.59474553923122E-12	4.13828430525016E-10	366.64076226969	1E10	1E-30	1E-10	1E10	1E-30	1E-10	1E10	1E-30	1E-10
39	1.45990734285643E-08	1E10	66666666666.6667	1E-30	2.72051002736875E-10	1E10	1E-30	1E10	9.77994567548713E-03	1.37373876205415E-06	1E10	124.811068786243	1E-30	1.44824931542354E-10	0.263461525483676	1E-30	7.2833508745815E-10	3.74962620988538E-03	3.82059569553141E-08	9.92527334681523E-11	0.76329768727647	3.97843170656224E-08	3.89003529992108E-11	0.548273050977299	4.3341239970318E-08	1.8369860127779E-11	0.262373258272567	3.51357114833386E-08	1.42552329838688E-11	0.250697029647795	1.65695023125635E-07	1.99189232850725E-12	6.53340264087203E-02	3.10755635350087E-08	7.59072230520786E-12	0.122083587392417	3.87110773154933E-12	1.67632175623806E-10	356.743100282993	1E10	1E-30	1E-10	1E10	1E-30	1E-10	1E10	1E-30	1E-10	1E10	1E-30	1E-10	1E10	1E-30	1E-10
40	1.45990734285643E-08	1E10	66666666666.6667	1E-30	2.72051002736875E-10	1E10	1E-30	1E10	9.77994567548713E-03	1.37373876205415E-06	1E10	124.811068786243	1E-30	1.44824931542354E-10	0.263461525483676	1E-30	7.2833508745815E-10	3.74962620988538E-03	3.82059569553141E-08	9.92527334681523E-11	0.76329768727647	3.97843170656224E-08	3.89003529992108E-11	0.548273050977299	4.3341239970318E-08	1.8369860127779E-11	0.262373258272567	3.51357114833386E-08	1.42552329838688E-11	0.250697029647795	1.65695023125635E-07	1.99189232850725E-12	6.53340264087203E-02	3.10755635350087E-08	7.59072230520786E-12	0.122083587392417	3.87110773154933E-12	1.67632175623806E-10	356.743100282993	1E10	1E-30	1E-10	1E10	1E-30	1E-10	1E10	1E-30	1E-10	1E10	1E-30	1E-10	1E10	1E-30	1E-10
41	1.45990734285643E-08	1E10	66666666666.6667	1E-30	2.72051002736875E-10	1E10	1E-30	1E10	9.77994567548713E-03	1.37373876205415E-06	1E10	124.811068786243	1E-30	1.44824931542354E-10	0.263461525483676	1E-30	7.2833508745815E-10	3.74962620988538E-03	3.82059569553141E-08	9.92527334681523E-11	0.76329768727647	3.97843170656224E-08	3.89003529992108E-11	0.548273050977299	4.3341239970318E-08	1.8369860127779E-11	0.262373258272567	3.51357114833386E-08	1.42552329838688E-11	0.250697029647795	1.65695023125635E-07	1.99189232850725E-12	6.53340264087203E-02	3.10755635350087E-08	7.59072230520786E-12	0.122083587392417	3.87110773154933E-12	1.67632175623806E-10	356.743100282993	1E10	1E-30	1E-10	1E10	1E-30	1E-10	1E10	1E-30	1E-10	1E10	1E-30	1E-10	1E10	1E-30	1E-10
42	1.48807879042764E-08	1E10	6666666666.66667	1E-30	3.00202861193339E-10	1E10	1E-30	1E10	4.84768932302567E-02	1.52837892634843E-06	1E10	1250.34110251326	1.8534253355333E-06	1E10	217.805522807767	1.58434776335238E-06	1E10	47.9175222752918	1.52101988044794E-06	1E10	8.99113130616546	1.15328412352134E-06	1E10	1.90950346049733	1.21151242319088E-06	1E10	0.300767773565065	6.57685117151636E-07	1E10	6.11980425576029E-02	1E-30	4.63549472524499E-11	0.32698146500219	1E-30	7.19426358293769E-11	0.179976336460322	5.34732255897754E-08	3.00369540286776E-11	0.114349349227583	1.18887969952439E-08	4.05574214731738E-11	0.132729192898563	8.46081250574179E-12	2.97059477436836E-10	18.6205668620126	1E10	1E-30	1E-10	1E10	1E-30	1E-10	1E10	1E-30	1E-10
43	1.52261673826519E-08	1E10	6666666666.66667	1E-30	2.94283535633863E-10	1E10	1E-30	1E10	4.84768932302567E-02	1.59372533733457E-06	1E10	1225.38528332794	1.89706635361626E-06	1E10	210.954142821855	1.61655933444855E-06	1E10	46.7057012177545	1.56644674996597E-06	1E10	8.77361281568789	1.13923199645294E-06	1E10	1.89795008698847	7.69123376524219E-07	1E10	0.295740409759107	4.33129822274076E-07	1E10	6.09677991894335E-02	1E-30	4.78809495512681E-11	0.347238725933802	1E-30	7.16860271672744E-11	0.179545207324173	5.43877215334349E-08	2.95132284300603E-11	0.113208973455141	1.19370810023497E-08	4.03915256755017E-11	0.132052814685961	8.43727192073326E-12	2.98095125784823E-10	18.9486838469081	1E10	1E-30	1E-10	1E10	1E-30	1E-10	1E10	1E-30	1E-10
44	1.74191363749256E-08	1E10	55555555555.5556	1E-30	2.24175005601149E-10	1E10	1E-30	1E10	8.52439044770391E-03	4.34302448422928E-05	1E10	0.157194001391376	1E-30	8.57407623836795E-11	0.287719872083797	1E-30	1.64878249658475E-11	5.16611152538951E-03	3.17298339906311E-08	1.06634964237107E-10	0.736728402254005	1.83510427235122E-08	7.29807831810886E-11	0.618377911600123	4.27841992640956E-08	1.52108138359413E-11	0.223192071272031	2.24580223245372E-08	1.76437683655148E-11	0.218341853280379	4.40728292851792E-08	5.73310841541903E-12	0.073095185114634	1.12795905992978E-08	1.51322097470036E-11	9.01879281341864E-02	2.7334402653567E-12	2.44696507687887E-10	251.271556096158	1E10	1E-30	1E-10	1E10	1E-30	1E-10	1E10	1E-30	1E-10	1E10	1E-30	1E-10	1E10	1E-30	1E-10
45	1.74191363749256E-08	1E10	55555555555.5556	1E-30	2.24175005601149E-10	1E10	1E-30	1E10	8.52439044770391E-03	4.34302448422928E-05	1E10	0.157194001391376	1E-30	8.57407623836795E-11	0.287719872083797	1E-30	1.64878249658475E-11	5.16611152538951E-03	3.17298339906311E-08	1.06634964237107E-10	0.736728402254005	1.83510427235122E-08	7.29807831810886E-11	0.618377911600123	4.27841992640956E-08	1.52108138359413E-11	0.223192071272031	2.24580223245372E-08	1.76437683655148E-11	0.218341853280379	4.40728292851792E-08	5.73310841541903E-12	0.073095185114634	1.12795905992978E-08	1.51322097470036E-11	9.01879281341864E-02	2.7334402653567E-12	2.44696507687887E-10	251.271556096158	1E10	1E-30	1E-10	1E10	1E-30	1E-10	1E10	1E-30	1E-10	1E10	1E-30	1E-10	1E10	1E-30	1E-10
46	1.74191363749256E-08	1E10	55555555555.5556	1E-30	2.24175005601149E-10	1E10	1E-30	1E10	8.52439044770391E-03	4.34302448422928E-05	1E10	0.157194001391376	1E-30	8.57407623836795E-11	0.287719872083797	1E-30	1.64878249658475E-11	5.16611152538951E-03	3.17298339906311E-08	1.06634964237107E-10	0.736728402254005	1.83510427235122E-08	7.29807831810886E-11	0.618377911600123	4.27841992640956E-08	1.52108138359413E-11	0.223192071272031	2.24580223245372E-08	1.76437683655148E-11	0.218341853280379	4.40728292851792E-08	5.73310841541903E-12	0.073095185114634	1.12795905992978E-08	1.51322097470036E-11	9.01879281341864E-02	2.7334402653567E-12	2.44696507687887E-10	251.271556096158	1E10	1E-30	1E-10	1E10	1E-30	1E-10	1E10	1E-30	1E-10	1E10	1E-30	1E-10	1E10	1E-30	1E-10
47	1.77027220047635E-08	1E10	55555555555.5556	1E-30	1.40301554138607E-10	1E10	1E-30	1E10	1.06056719240222E-02	6.4347374137098E-06	1E10	7.47552135853631	1E-30	9.83302058229074E-11	0.229545998128335	1E-30	1.44581590251887E-10	8.7635519646466E-03	4.23137973255019E-08	9.44137464628096E-11	0.609106811402614	2.66333415379829E-08	5.82727271220319E-11	0.519911791433127	7.79490420975688E-08	1.00565562883129E-11	0.194631404323447	3.20258946096602E-08	1.46755845007893E-11	0.195062914826338	4.06651945371787E-08	5.53081962771727E-12	8.17424744304058E-02	1.8345919148414E-12	4.08833112898172E-10	1130.26331298294	1E10	1E-30	1E-10	1E10	1E-30	1E-10	1E10	1E-30	1E-10	1E10	1E-30	1E-10	1E10	1E-30	1E-10	1E10	1E-30	1E-10
48	1.77027220047635E-08	1E10	55555555555.5556	1E-30	1.40301554138607E-10	1E10	1E-30	1E10	1.06056719240222E-02	6.4347374137098E-06	1E10	7.47552135853631	1E-30	9.83302058229074E-11	0.229545998128335	1E-30	1.44581590251887E-10	8.7635519646466E-03	4.23137973255019E-08	9.44137464628096E-11	0.609106811402614	2.66333415379829E-08	5.82727271220319E-11	0.519911791433127	7.79490420975688E-08	1.00565562883129E-11	0.194631404323447	3.20258946096602E-08	1.46755845007893E-11	0.195062914826338	4.06651945371787E-08	5.53081962771727E-12	8.17424744304058E-02	1.8345919148414E-12	4.08833112898172E-10	1130.26331298294	1E10	1E-30	1E-10	1E10	1E-30	1E-10	1E10	1E-30	1E-10	1E10	1E-30	1E-10	1E10	1E-30	1E-10	1E10	1E-30	1E-10
49	1.77027220047635E-08	1E10	55555555555.5556	1E-30	1.40301554138607E-10	1E10	1E-30	1E10	1.06056719240222E-02	6.4347374137098E-06	1E10	7.47552135853631	1E-30	9.83302058229074E-11	0.229545998128335	1E-30	1.44581590251887E-10	8.7635519646466E-03	4.23137973255019E-08	9.44137464628096E-11	0.609106811402614	2.66333415379829E-08	5.82727271220319E-11	0.519911791433127	7.79490420975688E-08	1.00565562883129E-11	0.194631404323447	3.20258946096602E-08	1.46755845007893E-11	0.195062914826338	4.06651945371787E-08	5.53081962771727E-12	8.17424744304058E-02	1.8345919148414E-12	4.08833112898172E-10	1130.26331298294	1E10	1E-30	1E-10	1E10	1E-30	1E-10	1E10	1E-30	1E-10	1E10	1E-30	1E-10	1E10	1E-30	1E-10	1E10	1E-30	1E-10
50	2.18085963645251E-08	1E10	45454545454.5455	1E-30	1.18510144297555E-10	1E10	1E-30	1E10	5.46490443175912E-03	4.60523263837507E-05	1E10	0.124273345032644	1E-30	6.04465857429624E-13	2.51188643150955E-02	1E-30	9.72239557248183E-11	7.38318606830556E-03	1E-30	1.4952180631035E-12	3.98107170553492E-03	7.61971745767377E-08	2.45906980720607E-11	0.263509896065692	1.79839169361656E-07	3.2327533469993E-12	8.40637382513683E-02	1.40797283955893E-07	1.8764674689864E-12	2.18186705715498E-02	4.98366809640491E-11	8.12197809198138E-11	6.67067329684158E-02	1.60289815532295E-12	4.090829681905E-10	333.714302642284	1E10	1E-30	1E-10	1E10	1E-30	1E-10	1E10	1E-30	1E-10	1E10	1E-30	1E-10	1E10	1E-30	1E-10	1E10	1E-30	1E-10
51	2.18085963645251E-08	1E10	45454545454.5455	1E-30	1.18510144297555E-10	1E10	1E-30	1E10	5.46490443175912E-03	4.60523263837507E-05	1E10	0.124273345032644	1E-30	6.04465857429624E-13	2.51188643150955E-02	1E-30	9.72239557248183E-11	7.38318606830556E-03	1E-30	1.4952180631035E-12	3.98107170553492E-03	7.61971745767377E-08	2.45906980720607E-11	0.263509896065692	1.79839169361656E-07	3.2327533469993E-12	8.40637382513683E-02	1.40797283955893E-07	1.8764674689864E-12	2.18186705715498E-02	4.98366809640491E-11	8.12197809198138E-11	6.67067329684158E-02	1.60289815532295E-12	4.090829681905E-10	333.714302642284	1E10	1E-30	1E-10	1E10	1E-30	1E-10	1E10	1E-30	1E-10	1E10	1E-30	1E-10	1E10	1E-30	1E-10	1E10	1E-30	1E-10
52	2.18085963645251E-08	1E10	45454545454.5455	1E-30	1.18510144297555E-10	1E10	1E-30	1E10	5.46490443175912E-03	4.60523263837507E-05	1E10	0.124273345032644	1E-30	6.04465857429624E-13	2.51188643150955E-02	1E-30	9.72239557248183E-11	7.38318606830556E-03	1E-30	1.4952180631035E-12	3.98107170553492E-03	7.61971745767377E-08	2.45906980720607E-11	0.263509896065692	1.79839169361656E-07	3.2327533469993E-12	8.40637382513683E-02	1.40797283955893E-07	1.8764674689864E-12	2.18186705715498E-02	4.98366809640491E-11	8.12197809198138E-11	6.67067329684158E-02	1.60289815532295E-12	4.090829681905E-10	333.714302642284	1E10	1E-30	1E-10	1E10	1E-30	1E-10	1E10	1E-30	1E-10	1E10	1E-30	1E-10	1E10	1E-30	1E-10	1E10	1E-30	1E-10
53	2.17293150354796E-08	1E10	45454545454.5455	1E-30	1.02437006984526E-10	1E10	1E-30	1E10	5.41226022127333E-03	4.15531145118249E-07	1E10	1658.91120550712	1E-30	2.40414819217727E-10	8.26778186876226E-03	1E-30	2.93623514935597E-09	4.18710931276013E-03	1.06544644349788E-07	2.01270435352149E-11	0.210825898627539	2.80728017629672E-07	2.49421804418374E-12	7.36693529372044E-02	3.51977436689849E-07	9.4772628380838E-13	4.16829743594075E-02	6.07211861868393E-10	4.94935753031472E-11	0.075609945639394	1.40615053915848E-12	3.84202460434486E-10	284.058759640668	1E10	1E-30	1E-10	1E10	1E-30	1E-10	1E10	1E-30	1E-10	1E10	1E-30	1E-10	1E10	1E-30	1E-10	1E10	1E-30	1E-10	1E10	1E-30	1E-10
54	2.17293150354796E-08	1E10	45454545454.5455	1E-30	1.02437006984526E-10	1E10	1E-30	1E10	5.41226022127333E-03	4.15531145118249E-07	1E10	1658.91120550712	1E-30	2.40414819217727E-10	8.26778186876226E-03	1E-30	2.93623514935597E-09	4.18710931276013E-03	1.06544644349788E-07	2.01270435352149E-11	0.210825898627539	2.80728017629672E-07	2.49421804418374E-12	7.36693529372044E-02	3.51977436689849E-07	9.4772628380838E-13	4.16829743594075E-02	6.07211861868393E-10	4.94935753031472E-11	0.075609945639394	1.40615053915848E-12	3.84202460434486E-10	284.058759640668	1E10	1E-30	1E-10	1E10	1E-30	1E-10	1E10	1E-30	1E-10	1E10	1E-30	1E-10	1E10	1E-30	1E-10	1E10	1E-30	1E-10	1E10	1E-30	1E-10
55	2.17293150354796E-08	1E10	45454545454.5455	1E-30	1.02437006984526E-10	1E10	1E-30	1E10	5.41226022127333E-03	4.15531145118249E-07	1E10	1658.91120550712	1E-30	2.40414819217727E-10	8.26778186876226E-03	1E-30	2.93623514935597E-09	4.18710931276013E-03	1.06544644349788E-07	2.01270435352149E-11	0.210825898627539	2.80728017629672E-07	2.49421804418374E-12	7.36693529372044E-02	3.51977436689849E-07	9.4772628380838E-13	4.16829743594075E-02	6.07211861868393E-10	4.94935753031472E-11	0.075609945639394	1.40615053915848E-12	3.84202460434486E-10	284.058759640668	1E10	1E-30	1E-10	1E10	1E-30	1E-10	1E10	1E-30	1E-10	1E10	1E-30	1E-10	1E10	1E-30	1E-10	1E10	1E-30	1E-10	1E10	1E-30	1E-10
56	2.25072488650293E-08	1E10	4545454545.45455	1E-30	3.88428597216518E-10	1E10	1E-30	1E10	3.04695241311358E-02	2.50573888346695E-06	1E10	839.237162317693	2.94687854376653E-06	1E10	160.582366853014	2.55577282569804E-06	1E10	35.8740103898266	2.39496572976748E-06	1E10	7.32877971828339	2.03951116548559E-06	1E10	1.5053225008201	1.57315089705061E-06	1E10	0.341930205673886	9.54153789062982E-07	1E10	6.06711298747658E-02	1E-30	1.01933017801827E-10	0.231537242166517	1E-30	1.47704752513348E-11	0.116991060796642	5.91676023097549E-08	5.33449072217531E-11	0.165410101983963	1.39704580638171E-08	8.50457217989807E-11	0.160759231100905	1.60549247458313E-11	1.43065086255273E-10	7.93555893825867	1E10	1E-30	1E-10	1E10	1E-30	1E-10	1E10	1E-30	1E-10
57	2.21261239360689E-08	1E10	4545454545.45455	1E-30	3.91938458472273E-10	1E10	1E-30	1E10	3.04695241311358E-02	2.6035434436612E-06	1E10	811.069073764266	3.04729865795517E-06	1E10	153.171901741428	2.62503209676094E-06	1E10	34.4228265114595	2.4384374837384E-06	1E10	7.05261192036569	2.039472127702E-06	1E10	1.4493964526946	1.52245520355816E-06	1E10	0.326929691182312	1.03822735753875E-06	1E10	5.06966996479905E-02	1E-30	1.02199078673533E-10	0.231709568641231	1E-30	1.4441085311763E-11	0.113439137620531	5.85603014777991E-08	5.39179041431828E-11	0.167089675932134	1.39182745656066E-08	8.54568278223619E-11	0.161612261107998	1.62516100185482E-11	1.41751566888898E-10	7.76435841900823	1E10	1E-30	1E-10	1E10	1E-30	1E-10	1E10	1E-30	1E-10
58	2.65861885351105E-08	1E10	37037037037.037	1E-30	2.67808587428096E-10	1E10	1E-30	1E10	5.43701818186976E-03	6.92556458376931E-06	1E10	6.83591914925281	1E-30	3.75160717761842E-11	0.140399357363686	1E-30	1.71506621546517E-12	8.02820636071455E-02	1E-30	4.46976900092312E-11	1.32383058106908E-02	1E-30	1.77445580262608E-10	6.63914058969602E-03	8.96754252451169E-08	2.81233042798263E-11	0.151431979439739	9.66113531981088E-08	8.46543575824166E-12	8.49920157869694E-02	1.1365492557899E-07	3.29591704024288E-12	4.40369515121596E-02	1.03602761159856E-07	2.13907000093441E-12	3.18486694209012E-02	3.38277753158692E-12	2.02400009408054E-10	179.145046184968	1E10	1E-30	1E-10	1E10	1E-30	1E-10	1E10	1E-30	1E-10	1E10	1E-30	1E-10	1E10	1E-30	1E-10
59	2.65861885351105E-08	1E10	37037037037.037	1E-30	2.67808587428096E-10	1E10	1E-30	1E10	5.43701818186976E-03	6.92556458376931E-06	1E10	6.83591914925281	1E-30	3.75160717761842E-11	0.140399357363686	1E-30	1.71506621546517E-12	8.02820636071455E-02	1E-30	4.46976900092312E-11	1.32383058106908E-02	1E-30	1.77445580262608E-10	6.63914058969602E-03	8.96754252451169E-08	2.81233042798263E-11	0.151431979439739	9.66113531981088E-08	8.46543575824166E-12	8.49920157869694E-02	1.1365492557899E-07	3.29591704024288E-12	4.40369515121596E-02	1.03602761159856E-07	2.13907000093441E-12	3.18486694209012E-02	3.38277753158692E-12	2.02400009408054E-10	179.145046184968	1E10	1E-30	1E-10	1E10	1E-30	1E-10	1E10	1E-30	1E-10	1E10	1E-30	1E-10	1E10	1E-30	1E-10
60	2.65861885351105E-08	1E10	37037037037.037	1E-30	2.67808587428096E-10	1E10	1E-30	1E10	5.43701818186976E-03	6.92556458376931E-06	1E10	6.83591914925281	1E-30	3.75160717761842E-11	0.140399357363686	1E-30	1.71506621546517E-12	8.02820636071455E-02	1E-30	4.46976900092312E-11	1.32383058106908E-02	1E-30	1.77445580262608E-10	6.63914058969602E-03	8.96754252451169E-08	2.81233042798263E-11	0.151431979439739	9.66113531981088E-08	8.46543575824166E-12	8.49920157869694E-02	1.1365492557899E-07	3.29591704024288E-12	4.40369515121596E-02	1.03602761159856E-07	2.13907000093441E-12	3.18486694209012E-02	3.38277753158692E-12	2.02400009408054E-10	179.145046184968	1E10	1E-30	1E-10	1E10	1E-30	1E-10	1E10	1E-30	1E-10	1E10	1E-30	1E-10	1E10	1E-30	1E-10
61	3.23559920142109E-08	1E10	30303030303.0303	1E-30	1.32166220262855E-10	1E10	1E-30	1E10	5.71534028525519E-03	1.82409025243805E-04	1E10	1.25892541179415E-02	1E-30	1.22127614565194E-10	0.23442288153199	1E-30	9.88183276923662E-11	1.20226443461739E-02	5.96283441689313E-08	1.32792105762364E-10	0.476207708310434	3.59652309473428E-08	8.98291923617376E-11	0.35520564243187	7.78594422456439E-08	2.10688172443362E-11	0.147726300424118	4.53320116961484E-08	2.26022962917327E-11	0.152212795000103	3.12800287709456E-08	2.08925745022781E-11	0.104758990254456	1.80346806013811E-12	3.40962235756101E-10	227.349299394897	2.74237534586239E-08	2.19730258751542E-11	8.03358906070676E-02	1.76854056512424E-12	3.44640484780418E-10	247.766405643687	1E10	1E-30	1E-10	1E10	1E-30	1E-10	1E10	1E-30	1E-10	1E10	1E-30	1E-10
62	3.23559920142109E-08	1E10	30303030303.0303	1E-30	1.32166220262855E-10	1E10	1E-30	1E10	5.71534028525519E-03	1.82409025243805E-04	1E10	1.25892541179415E-02	1E-30	1.22127614565194E-10	0.23442288153199	1E-30	9.88183276923662E-11	1.20226443461739E-02	5.96283441689313E-08	1.32792105762364E-10	0.476207708310434	3.59652309473428E-08	8.98291923617376E-11	0.35520564243187	7.78594422456439E-08	2.10688172443362E-11	0.147726300424118	4.53320116961484E-08	2.26022962917327E-11	0.152212795000103	3.12800287709456E-08	2.08925745022781E-11	0.104758990254456	1.80346806013811E-12	3.40962235756101E-10	227.349299394897	2.74237534586239E-08	2.19730258751542E-11	8.03358906070676E-02	1.76854056512424E-12	3.44640484780418E-10	247.766405643687	1E10	1E-30	1E-10	1E10	1E-30	1E-10	1E10	1E-30	1E-10	1E10	1E-30	1E-10
63	3.23559920142109E-08	1E10	30303030303.0303	1E-30	1.32166220262855E-10	1E10	1E-30	1E10	5.71534028525519E-03	1.82409025243805E-04	1E10	1.25892541179415E-02	1E-30	1.22127614565194E-10	0.23442288153199	1E-30	9.88183276923662E-11	1.20226443461739E-02	5.96283441689313E-08	1.32792105762364E-10	0.476207708310434	3.59652309473428E-08	8.98291923617376E-11	0.35520564243187	7.78594422456439E-08	2.10688172443362E-11	0.147726300424118	4.53320116961484E-08	2.26022962917327E-11	0.152212795000103	3.12800287709456E-08	2.08925745022781E-11	0.104758990254456	1.80346806013811E-12	3.40962235756101E-10	227.349299394897	2.74237534586239E-08	2.19730258751542E-11	8.03358906070676E-02	1.76854056512424E-12	3.44640484780418E-10	247.766405643687	1E10	1E-30	1E-10	1E10	1E-30	1E-10	1E10	1E-30	1E-10	1E10	1E-30	1E-10
64	3.31826478764025E-08	1E10	3030303030.30303	1E-30	3.03377523811856E-10	1E10	1E-30	1E10	0.026061993292498	3.5460895240629E-06	1E10	653.887756972869	4.40724347995183E-06	1E10	111.499258569979	3.7780289413255E-06	1E10	26.3179150121098	3.47816160993781E-06	1E10	5.5435859083609	2.95217286286074E-06	1E10	1.15453794649543	2.69842968498473E-06	1E10	0.253041599678679	1.67925962730352E-06	1E10	4.91154260428418E-02	1E-30	8.79998734059846E-11	0.12036577556581	9.58956373403979E-08	4.38744032465413E-11	9.78380227935587E-02	2.60339461273028E-08	5.66440063811765E-11	9.34499505199562E-02	9.43132910448948E-12	2.70437842760543E-10	16.8913766465225	1E10	1E-30	1E-10	1E10	1E-30	1E-10	1E10	1E-30	1E-10	1E10	1E-30	1E-10
65	4.79382694498779E-08	1E10	2127659574.46809	1E-30	3.5112670036193E-10	1E10	1E-30	1E10	2.03310727537491E-02	6.01500474643675E-06	1E10	365.553155615102	6.52869998943386E-06	1E10	83.3697209621368	5.76369197237736E-06	1E10	18.458504611751	5.25791615788129E-06	1E10	4.0326011247324	4.19107746311953E-06	1E10	0.876148934010203	3.00072374011837E-06	1E10	0.179311281928277	2.22064515703939E-06	1E10	3.50522846236773E-02	1E-30	1.55210482454045E-10	0.175697400589783	1E-30	8.14782390086441E-12	0.100004863198899	9.32607207581328E-08	7.99944258168131E-11	0.155071964724823	4.31952829910445E-08	6.41985138530347E-11	0.111039743488306	7.1452530739628E-11	3.55437850724012E-11	1.04611844766201	1E10	1E-30	1E-10	1E10	1E-30	1E-10	1E10	1E-30	1E-10
66	6.99765826044666E-08	1E10	1470588235.29412	1E-30	3.53950965835313E-10	1E10	1E-30	1E10	2.25355736640395E-02	7.58995415117034E-06	1E10	267.420326026604	7.78803971735291E-06	1E10	72.2815844320389	6.77223775593317E-06	1E10	15.6530062179374	6.44984106161732E-06	1E10	3.2179716878147	5.14208572712102E-06	1E10	0.736355895459194	4.83418383430625E-06	1E10	0.125622501943618	4.02490558281829E-06	1E10	1.77396089305649E-02	1E-30	8.00135934741238E-11	7.82477845762592E-02	1E-30	1.57084910775317E-11	4.26208857735514E-02	2.35649541230851E-07	2.83890388427714E-11	3.83182780260458E-02	5.52710402272355E-08	3.97933559140438E-11	4.55616301020731E-02	1.21127954114662E-11	2.02749840378284E-10	9.4981259737198	1E10	1E-30	1E-10	1E10	1E-30	1E-10	1E10	1E-30	1E-10
67	6.99765826044666E-08	1E10	1470588235.29412	1E-30	3.53950965835313E-10	1E10	1E-30	1E10	2.25355736640395E-02	7.58995415117034E-06	1E10	267.420326026604	7.78803971735291E-06	1E10	72.2815844320389	6.77223775593317E-06	1E10	15.6530062179374	6.44984106161732E-06	1E10	3.2179716878147	5.14208572712102E-06	1E10	0.736355895459194	4.83418383430625E-06	1E10	0.125622501943618	4.02490558281829E-06	1E10	1.77396089305649E-02	1E-30	8.00135934741238E-11	7.82477845762592E-02	1E-30	1.57084910775317E-11	4.26208857735514E-02	2.35649541230851E-07	2.83890388427714E-11	3.83182780260458E-02	5.52710402272355E-08	3.97933559140438E-11	4.55616301020731E-02	1.21127954114662E-11	2.02749840378284E-10	9.4981259737198	1E10	1E-30	1E-10	1E10	1E-30	1E-10	1E10	1E-30	1E-10
68	1.01518369294213E-07	1E10	1E9	1E-30	3.44586034975324E-10	1E10	1E-30	1E10	1.72090347268588E-02	8.87731418839477E-06	1E10	201.638096429614	1.10257171146917E-05	1E10	31.3171450744973	9.09459273741703E-06	1E10	6.75698681915339	8.21687832678546E-06	1E10	1.17059998643123	6.76676156912705E-06	1E10	0.193561229687869	5.76921616126524E-06	1E10	2.80432492206974E-02	1E-30	2.98955348099451E-11	0.248070559105518	1E-30	6.79371433351943E-11	0.067737043257125	3.60511579172291E-07	3.75402162386488E-11	4.09734165032398E-02	7.29322756427496E-08	6.39165326642561E-11	5.08456197116645E-02	1.12181758988907E-11	2.57283749588389E-10	13.5594461140779	1E10	1E-30	1E-10	1E10	1E-30	1E-10	1E10	1E-30	1E-10	1E10	1E-30	1E-10
69	1.01518369294213E-07	1E10	1E9	1E-30	3.44586034975324E-10	1E10	1E-30	1E10	1.72090347268588E-02	8.87731418839477E-06	1E10	201.638096429614	1.10257171146917E-05	1E10	31.3171450744973	9.09459273741703E-06	1E10	6.75698681915339	8.21687832678546E-06	1E10	1.17059998643123	6.76676156912705E-06	1E10	0.193561229687869	5.76921616126524E-06	1E10	2.80432492206974E-02	1E-30	2.98955348099451E-11	0.248070559105518	1E-30	6.79371433351943E-11	0.067737043257125	3.60511579172291E-07	3.75402162386488E-11	4.09734165032398E-02	7.29322756427496E-08	6.39165326642561E-11	5.08456197116645E-02	1.12181758988907E-11	2.57283749588389E-10	13.5594461140779	1E10	1E-30	1E-10	1E10	1E-30	1E-10	1E10	1E-30	1E-10	1E10	1E-30	1E-10
70	1.51719323996518E-07	1E10	666666666.666667	1E-30	3.95401775867005E-10	1E10	1E-30	1E10	0.014401492824609	1.15406660533843E-05	1E10	150.166515950816	1.42012373864701E-05	1E10	23.4645103666597	1.15402038419372E-05	1E10	5.04069823347809	1.01016722613763E-05	1E10	0.874011801948641	1.13309004719163E-05	1E10	0.124279498556102	7.44484628987944E-06	1E10	2.34234921834777E-02	1E-30	1.1389799827321E-10	6.75135007447567E-02	1E-30	1.78379653625976E-11	1.44475653633559E-02	3.77911282925669E-07	4.29399000279077E-11	0.035691390516986	1.46027246096594E-07	3.57803641613636E-11	3.19070104431133E-02	3.21842569894573E-11	7.24316273355851E-11	2.30018412876557	1E10	1E-30	1E-10	1E10	1E-30	1E-10	1E10	1E-30	1E-10	1E10	1E-30	1E-10
71	2.24978192845126E-07	1E10	454545454.545455	1E-30	3.13684315048465E-10	1E10	1E-30	1E10	9.6577078936987E-03	1.91636427999601E-05	1E10	99.6639579393794	2.29311094030658E-05	1E10	17.9743752218755	1.90429543439555E-05	1E10	3.96175767444006	1.61250472049925E-05	1E10	0.789043479514905	1.69538771118535E-05	1E10	0.109839010757756	1.37929249726353E-05	1E10	1.53612873024787E-02	1E-30	1.74729172308667E-11	0.167458810188709	1E-30	1.76057166020775E-10	8.24773427368951E-02	6.56129031094427E-07	5.36716280251574E-11	4.61558580457945E-02	1.71619270453833E-07	7.78658073552457E-11	4.49795216530469E-02	1.53001342536631E-11	1.52356459129275E-10	7.15558888813845	1E10	1E-30	1E-10	1E10	1E-30	1E-10	1E10	1E-30	1E-10	1E10	1E-30	1E-10
72	9.79826698112061E-07	1E10	5E8	1E-30	1.13517093632716E-10	1E10	1E-30	1E10	5.00604899923974E-03	1.61743106409772E-04	1E10	32.7999436111319	1.81269440765759E-04	1E10	3.6844636989853	1.40261254164181E-04	1E10	0.599461310861184	1.09461740585933E-04	1E10	9.45010267670979E-02	2.77010651937122E-04	1E10	7.21136674997145E-03	9.91227097966044E-05	1E10	7.05546611992239E-03	1E-30	1.9132969887634E-10	3.78150418491523E-02	2.06876769257673E-06	8.97007112382638E-11	3.07728980229117E-02	1.13542667732608E-06	6.69439002290372E-11	2.33619875051001E-02	1.37635751386301E-11	1.52760851391444E-10	12.8483205763399	3.03022038130374E-12	2.44407509544241E-10	31.7894183518409	1E10	1E-30	1E-10	1E10	1E-30	1E-10	1E10	1E-30	1E-10	1E10	1E-30	1E-10
73	4.50471765846614E-06	1E10	10638298	1E-30	1.16714948923278E-10	1E10	1E-30	1E10	2.51428546768334E-03	7.00866639081876E-04	1E10	2.75825719128059	4.74150485713987E-04	1E10	0.625511353229943	4.51792556413287E-04	1E10	0.105388291466458	4.73938207107522E-04	1E10	1.60211835681552E-02	3.40355403846936E-04	1E10	3.44760193503742E-03	1E-30	1.90014944898369E-11	0.162341610400719	1E-30	3.44558892554462E-11	3.03623125015996E-02	1E-30	2.96923274785728E-10	2.22281811484845E-02	9.23302099546011E-06	1.10820977392301E-10	1.42060878026627E-02	5.30713648998571E-06	7.84176879995137E-11	1.05417719677877E-02	2.89253282139133E-11	5.06901466008953E-11	8.80883176712243	2.35957017203019E-12	1.78930280593775E-10	147.98973441867	1E10	1E-30	1E-10	1E10	1E-30	1E-10	1E10	1E-30	1E-10
74	4.44090601079275E-06	1E10	10638298	1E-30	1.0443239868326E-10	1E10	1E-30	1E10	2.62213708143135E-03	6.26924922315123E-04	1E10	2.10187829430583	4.56574366804044E-04	1E10	0.460867189722496	4.69910502235406E-04	1E10	7.37300173766943E-02	6.05605628751487E-04	1E10	1.15880541727981E-02	3.17593562766425E-04	1E10	3.4545802458295E-03	1E-30	1.94781333815738E-11	0.130262745295445	1E-30	2.48522373352502E-10	2.43902666958285E-02	1E-30	2.64527630091736E-11	0.023990488527207	8.31782893946469E-06	1.21507448647959E-10	1.49180141944971E-02	3.92291122673501E-06	1.02879149505662E-10	1.22098287925719E-02	3.75205892129544E-11	3.65568928161217E-11	8.59041223877607	1.99256053633922E-12	2.06763654149018E-10	96.4241323926109	1E10	1E-30	1E-10	1E10	1E-30	1E-10	1E10	1E-30	1E-10
75	4.50471765846614E-06	1E10	10638298	1E-30	1.16714948923278E-10	1E10	1E-30	1E10	2.51428546768334E-03	7.00866639081876E-04	1E10	2.75825719128059	4.74150485713987E-04	1E10	0.625511353229943	4.51792556413287E-04	1E10	0.105388291466458	4.73938207107522E-04	1E10	1.60211835681552E-02	3.40355403846936E-04	1E10	3.44760193503742E-03	1E-30	1.90014944898369E-11	0.162341610400719	1E-30	3.44558892554462E-11	3.03623125015996E-02	1E-30	2.96923274785728E-10	2.22281811484845E-02	9.23302099546011E-06	1.10820977392301E-10	1.42060878026627E-02	5.30713648998571E-06	7.84176879995137E-11	1.05417719677877E-02	2.89253282139133E-11	5.06901466008953E-11	8.80883176712243	2.35957017203019E-12	1.78930280593775E-10	147.98973441867	1E10	1E-30	1E-10	1E10	1E-30	1E-10	1E10	1E-30	1E-10
76	4.44090601079275E-06	1E10	10638298	1E-30	1.0443239868326E-10	1E10	1E-30	1E10	2.62213708143135E-03	6.26924922315123E-04	1E10	2.10187829430583	4.56574366804044E-04	1E10	0.460867189722496	4.69910502235406E-04	1E10	7.37300173766943E-02	6.05605628751487E-04	1E10	1.15880541727981E-02	3.17593562766425E-04	1E10	3.4545802458295E-03	1E-30	1.94781333815738E-11	0.130262745295445	1E-30	2.48522373352502E-10	2.43902666958285E-02	1E-30	2.64527630091736E-11	0.023990488527207	8.31782893946469E-06	1.21507448647959E-10	1.49180141944971E-02	3.92291122673501E-06	1.02879149505662E-10	1.22098287925719E-02	3.75205892129544E-11	3.65568928161217E-11	8.59041223877607	1.99256053633922E-12	2.06763654149018E-10	96.4241323926109	1E10	1E-30	1E-10	1E10	1E-30	1E-10	1E10	1E-30	1E-10
77	4.44090601079275E-06	1E10	10638298	1E-30	1.0443239868326E-10	1E10	1E-30	1E10	2.62213708143135E-03	6.26924922315123E-04	1E10	2.10187829430583	4.56574366804044E-04	1E10	0.460867189722496	4.69910502235406E-04	1E10	7.37300173766943E-02	6.05605628751487E-04	1E10	1.15880541727981E-02	3.17593562766425E-04	1E10	3.4545802458295E-03	1E-30	1.94781333815738E-11	0.130262745295445	1E-30	2.48522373352502E-10	2.43902666958285E-02	1E-30	2.64527630091736E-11	0.023990488527207	8.31782893946469E-06	1.21507448647959E-10	1.49180141944971E-02	3.92291122673501E-06	1.02879149505662E-10	1.22098287925719E-02	3.75205892129544E-11	3.65568928161217E-11	8.59041223877607	1.99256053633922E-12	2.06763654149018E-10	96.4241323926109	1E10	1E-30	1E-10	1E10	1E-30	1E-10	1E10	1E-30	1E-10
78	4.57735352386479E-06	1E10	106382978.723404	1E-30	1.06098796922719E-10	1E10	1E-30	1E10	2.17213162469046E-03	7.19082169237483E-04	1E10	7.04563850899895	1.29099053202208E-03	1E10	0.651292114068388	7.30143573574889E-04	1E10	0.229768563909825	6.67454880754724E-04	1E10	4.07640160340024E-02	7.04242044055333E-04	1E10	6.08272499724806E-03	7.17596827037859E-04	1E10	1.31635559710635E-03	1E-30	2.68533837295606E-11	3.37449572195261E-02	1E-30	3.22856268921793E-10	2.33786094717105E-02	9.0697338394622E-06	1.22546636461703E-10	1.75479177128016E-02	5.8333633044151E-06	8.20543108737691E-11	1.29921734999149E-02	1.49974244677816E-11	4.58667226756508E-11	3.84391214128622	2.21246096486177E-12	1.5901282373439E-10	46.4455932606577	1E10	1E-30	1E-10	1E10	1E-30	1E-10	1E10	1E-30	1E-10
79	4.73870516653118E-06	1E10	106382978.723404	1E-30	8.51145921299093E-11	1E10	1E-30	1E10	2.09592257998543E-03	4.49083429893749E-04	1E10	10.7738728541096	5.8485314646361E-04	1E10	0.729753113559781	4.98616411491774E-04	1E10	9.68969910679052E-02	5.07051933505254E-04	1E10	9.70363256476413E-03	7.8464911049363E-04	1E10	1.32206540258701E-03	1E-30	2.25506519418864E-11	3.50650215856306E-02	1E-30	2.94409464935392E-10	2.65939588384348E-02	7.73932866700071E-06	1.53452777021892E-10	2.39937056878997E-02	5.57375841567359E-06	8.83808593567941E-11	1.44916146727011E-02	3.44064650200188E-11	5.12417967724702E-11	5.98165076874135	2.02023239624446E-12	2.00807682156243E-10	88.3583080643185	1E10	1E-30	1E-10	1E10	1E-30	1E-10	1E10	1E-30	1E-10	1E10	1E-30	1E-10
80	4.64862285226057E-06	1E10	106382978.723404	1E-30	6.76952000025265E-11	1E10	1E-30	1E10	2.38758342751335E-03	5.09320154972627E-04	1E10	8.56706846400431	4.91064321891624E-04	1E10	0.881508834262649	4.96182758759717E-04	1E10	0.095579181506898	5.26849654465539E-04	1E10	1.44121780315767E-02	4.11567593553818E-04	1E10	2.83021988208848E-03	1E-30	2.48294221223902E-11	3.13904769566814E-02	1E-30	2.69788641588195E-10	2.55266462133221E-02	7.85880065926358E-06	1.38756368026058E-10	1.84040810365374E-02	4.60639086507236E-06	9.79054513504597E-11	1.25194158947899E-02	3.02628233037254E-11	7.15748383002069E-11	3.84431727188796	2.22039191092139E-12	2.30028532879603E-10	78.7882430914671	1E10	1E-30	1E-10	1E10	1E-30	1E-10	1E10	1E-30	1E-10	1E10	1E-30	1E-10
81	9.7780526885918E-06	1E10	5E7	1E-30	6.00719592923727E-11	1E10	1E-30	1E10	1.44765874039863E-03	1.00803067499279E-03	1E10	5.26290012927216	1.79164416880343E-03	1E10	0.275446166731771	1.6970902445972E-03	1E10	3.88566641914169E-02	3.03653168397789E-03	1E10	3.80843454208765E-03	1.70117717367633E-03	1E10	1.76944284164986E-03	1E-30	5.60572790393445E-12	2.80136092768131E-02	1E-30	3.10339365032732E-11	1.76875667353483E-02	1E-30	3.42913793462832E-10	1.68489146848792E-02	1.83258444962223E-05	1.49342886289224E-10	1.33521263341529E-02	1.51640399639355E-05	7.97928292127324E-11	9.28816522513905E-03	3.80066399983512E-11	6.89467655077766E-11	5.1714936404673	2.13703209223445E-12	1.95998400223657E-10	115.035104126664	1E10	1E-30	1E-10	1E10	1E-30	1E-10	1E10	1E-30	1E-10
82	9.7780526885918E-06	1E10	5E7	1E-30	6.00719592923727E-11	1E10	1E-30	1E10	1.44765874039863E-03	1.00803067499279E-03	1E10	5.26290012927216	1.79164416880343E-03	1E10	0.275446166731771	1.6970902445972E-03	1E10	3.88566641914169E-02	3.03653168397789E-03	1E10	3.80843454208765E-03	1.70117717367633E-03	1E10	1.76944284164986E-03	1E-30	5.60572790393445E-12	2.80136092768131E-02	1E-30	3.10339365032732E-11	1.76875667353483E-02	1E-30	3.42913793462832E-10	1.68489146848792E-02	1.83258444962223E-05	1.49342886289224E-10	1.33521263341529E-02	1.51640399639355E-05	7.97928292127324E-11	9.28816522513905E-03	3.80066399983512E-11	6.89467655077766E-11	5.1714936404673	2.13703209223445E-12	1.95998400223657E-10	115.035104126664	1E10	1E-30	1E-10	1E10	1E-30	1E-10	1E10	1E-30	1E-10
83	9.7780526885918E-06	1E10	5E7	1E-30	6.00719592923727E-11	1E10	1E-30	1E10	1.44765874039863E-03	1.00803067499279E-03	1E10	5.26290012927216	1.79164416880343E-03	1E10	0.275446166731771	1.6970902445972E-03	1E10	3.88566641914169E-02	3.03653168397789E-03	1E10	3.80843454208765E-03	1.70117717367633E-03	1E10	1.76944284164986E-03	1E-30	5.60572790393445E-12	2.80136092768131E-02	1E-30	3.10339365032732E-11	1.76875667353483E-02	1E-30	3.42913793462832E-10	1.68489146848792E-02	1.83258444962223E-05	1.49342886289224E-10	1.33521263341529E-02	1.51640399639355E-05	7.97928292127324E-11	9.28816522513905E-03	3.80066399983512E-11	6.89467655077766E-11	5.1714936404673	2.13703209223445E-12	1.95998400223657E-10	115.035104126664	1E10	1E-30	1E-10	1E10	1E-30	1E-10	1E10	1E-30	1E-10
84	9.7780526885918E-06	1E10	5E7	1E-30	6.00719592923727E-11	1E10	1E-30	1E10	1.44765874039863E-03	1.00803067499279E-03	1E10	5.26290012927216	1.79164416880343E-03	1E10	0.275446166731771	1.6970902445972E-03	1E10	3.88566641914169E-02	3.03653168397789E-03	1E10	3.80843454208765E-03	1.70117717367633E-03	1E10	1.76944284164986E-03	1E-30	5.60572790393445E-12	2.80136092768131E-02	1E-30	3.10339365032732E-11	1.76875667353483E-02	1E-30	3.42913793462832E-10	1.68489146848792E-02	1.83258444962223E-05	1.49342886289224E-10	1.33521263341529E-02	1.51640399639355E-05	7.97928292127324E-11	9.28816522513905E-03	3.80066399983512E-11	6.89467655077766E-11	5.1714936404673	2.13703209223445E-12	1.95998400223657E-10	115.035104126664	1E10	1E-30	1E-10	1E10	1E-30	1E-10	1E10	1E-30	1E-10
85	9.7780526885918E-06	1E10	5E7	1E-30	6.00719592923727E-11	1E10	1E-30	1E10	1.44765874039863E-03	1.00803067499279E-03	1E10	5.26290012927216	1.79164416880343E-03	1E10	0.275446166731771	1.6970902445972E-03	1E10	3.88566641914169E-02	3.03653168397789E-03	1E10	3.80843454208765E-03	1.70117717367633E-03	1E10	1.76944284164986E-03	1E-30	5.60572790393445E-12	2.80136092768131E-02	1E-30	3.10339365032732E-11	1.76875667353483E-02	1E-30	3.42913793462832E-10	1.68489146848792E-02	1.83258444962223E-05	1.49342886289224E-10	1.33521263341529E-02	1.51640399639355E-05	7.97928292127324E-11	9.28816522513905E-03	3.80066399983512E-11	6.89467655077766E-11	5.1714936404673	2.13703209223445E-12	1.95998400223657E-10	115.035104126664	1E10	1E-30	1E-10	1E10	1E-30	1E-10	1E10	1E-30	1E-10
86	9.49529573674748E-06	1E10	5E7	1E-30	2.02342172563331E-10	1E10	1E-30	1E10	1.63535291791096E-03	2.56738524586547E-03	1E10	2.06636880003627	1.75664244240778E-03	1E10	0.457104509044312	1.20782152010697E-03	1E10	9.17690241680581E-02	1.48402229920291E-03	1E10	1.13046846020035E-02	1.22437752562998E-03	1E10	1.63645769443496E-03	1E-30	1.21472655135965E-11	3.30095123939024E-02	1E-30	2.71125900229556E-11	2.10078143611554E-02	1E-30	3.58648588585412E-10	0.018186913759865	1.62494886180856E-05	1.5464647784723E-10	1.22430732154516E-02	1.21271384019704E-05	9.04211340031081E-11	1.00952817757539E-02	3.89332382268078E-12	1.03393017742401E-10	14.8070863419818	1E10	1E-30	1E-10	1E10	1E-30	1E-10	1E10	1E-30	1E-10	1E10	1E-30	1E-10
87	9.92549528753809E-06	1E10	5E7	1E-30	5.11171456726538E-11	1E10	1E-30	1E10	1.53876174516766E-03	1.06480075481195E-03	1E10	4.64594133164647	1.29491544540255E-03	1E10	0.36981232090168	1.0650596796422E-03	1E10	4.86074587411585E-02	1.4821390093075E-03	1E10	4.17924516336001E-03	2.16668486917685E-03	1E10	1.02911945628149E-03	1E-30	2.81538962947299E-11	3.31075926310241E-02	1E-30	3.55007221149852E-10	0.020291853579633	1.93890730811204E-05	1.46019518477799E-10	1.50240690658625E-02	1.0971273095237E-05	1.12525229940435E-10	1.05300745546912E-02	3.28338664151951E-11	4.83989523312384E-11	5.3146288235445	1.93884590679896E-12	2.24109959335889E-10	108.13691069528	1E10	1E-30	1E-10	1E10	1E-30	1E-10	1E10	1E-30	1E-10	1E10	1E-30	1E-10
88	9.74366053633701E-06	1E10	5E7	1E-30	4.99609353528384E-11	1E10	1E-30	1E10	1.44949673778491E-03	2.1817254113958E-03	1E10	2.96267035047163	2.56728604277046E-03	1E10	0.502353186656698	1.42646250251932E-03	1E10	0.173586902158415	1.44859527978552E-03	1E10	0.025532061060064	9.64368360998561E-04	1E10	3.94290035362698E-03	1E-30	3.47973293993382E-11	2.96976669165664E-02	1E-30	3.53257397862731E-10	1.88817953699834E-02	1.85000980182531E-05	1.51009930392835E-10	1.36231136020853E-02	1.18705805753913E-05	1.03804794528051E-10	1.00105661494393E-02	2.433318947172E-11	6.48580972523701E-11	5.37411683588109	2.1013871081704E-12	2.00435601067643E-10	99.7594680539855	1E10	1E-30	1E-10	1E10	1E-30	1E-10	1E10	1E-30	1E-10	1E10	1E-30	1E-10
89	2.04863144990107E-05	1E10	2272727.27272727	1E-30	1.52846654070513E-10	1E10	1E-30	1E10	1.14454741314313E-03	3.27534728855513E-03	1E10	1.77599411130593	3.53900467555998E-03	1E10	0.187616167424162	2.61391334402758E-03	1E10	2.70625241837307E-02	4.41774493513072E-03	1E10	1.39013068139036E-03	1E-30	9.45016065878903E-12	2.40766012670596E-02	1E-30	4.32355338384628E-11	1.91281095294757E-02	1E-30	4.64195916387623E-10	1.38422006722617E-02	3.23105189522972E-05	1.96324463239131E-10	7.79565777351302E-03	3.91895422694405E-05	7.11606118434631E-11	4.80459562575462E-03	4.62392074247935E-11	4.34296888875846E-11	2.54622692791684	4.06508013813404E-12	8.00577210572436E-11	12.5999688295931	1E10	1E-30	1E-10	1E10	1E-30	1E-10	1E10	1E-30	1E-10	1E10	1E-30	1E-10
90	2.04863144990107E-05	1E10	2272727.27272727	1E-30	1.52846654070513E-10	1E10	1E-30	1E10	1.14454741314313E-03	3.27534728855513E-03	1E10	1.77599411130593	3.53900467555998E-03	1E10	0.187616167424162	2.61391334402758E-03	1E10	2.70625241837307E-02	4.41774493513072E-03	1E10	1.39013068139036E-03	1E-30	9.45016065878903E-12	2.40766012670596E-02	1E-30	4.32355338384628E-11	1.91281095294757E-02	1E-30	4.64195916387623E-10	1.38422006722617E-02	3.23105189522972E-05	1.96324463239131E-10	7.79565777351302E-03	3.91895422694405E-05	7.11606118434631E-11	4.80459562575462E-03	4.62392074247935E-11	4.34296888875846E-11	2.54622692791684	4.06508013813404E-12	8.00577210572436E-11	12.5999688295931	1E10	1E-30	1E-10	1E10	1E-30	1E-10	1E10	1E-30	1E-10	1E10	1E-30	1E-10
91	2.04863144990107E-05	1E10	2272727.27272727	1E-30	1.52846654070513E-10	1E10	1E-30	1E10	1.14454741314313E-03	3.27534728855513E-03	1E10	1.77599411130593	3.53900467555998E-03	1E10	0.187616167424162	2.61391334402758E-03	1E10	2.70625241837307E-02	4.41774493513072E-03	1E10	1.39013068139036E-03	1E-30	9.45016065878903E-12	2.40766012670596E-02	1E-30	4.32355338384628E-11	1.91281095294757E-02	1E-30	4.64195916387623E-10	1.38422006722617E-02	3.23105189522972E-05	1.96324463239131E-10	7.79565777351302E-03	3.91895422694405E-05	7.11606118434631E-11	4.80459562575462E-03	4.62392074247935E-11	4.34296888875846E-11	2.54622692791684	4.06508013813404E-12	8.00577210572436E-11	12.5999688295931	1E10	1E-30	1E-10	1E10	1E-30	1E-10	1E10	1E-30	1E-10	1E10	1E-30	1E-10
92	2.19131162428846E-05	1E10	2272727.27272727	1E-30	1.42691891911203E-10	1E10	1E-30	1E10	1.32258528630536E-03	3.36877976100373E-03	1E10	1.46969175459303	2.9789874388152E-03	1E10	0.21410667394315	2.21505238530553E-03	1E10	0.03709495728379	3.52404175199727E-03	1E10	2.67705831564784E-03	6.57554934831914E-03	1E10	4.99297773173443E-04	1E-30	2.42811918035578E-11	0.038140806895231	1E-30	4.68367122925183E-10	1.35729738205594E-02	1E-30	2.93056729664856E-11	8.07522778874523E-03	4.11307480568906E-05	1.83288145753863E-10	8.48561882061064E-03	3.12557256752256E-05	1.03900125962021E-10	5.99061789399729E-03	1.24069393170354E-11	5.5987650674009E-11	5.52159075139282	3.86453060911044E-12	8.87700629655659E-11	28.8154456180214	1E10	1E-30	1E-10	1E10	1E-30	1E-10	1E10	1E-30	1E-10
93	2.19131162428846E-05	1E10	2272727.27272727	1E-30	1.42691891911203E-10	1E10	1E-30	1E10	1.32258528630536E-03	3.36877976100373E-03	1E10	1.46969175459303	2.9789874388152E-03	1E10	0.21410667394315	2.21505238530553E-03	1E10	0.03709495728379	3.52404175199727E-03	1E10	2.67705831564784E-03	6.57554934831914E-03	1E10	4.99297773173443E-04	1E-30	2.42811918035578E-11	0.038140806895231	1E-30	4.68367122925183E-10	1.35729738205594E-02	1E-30	2.93056729664856E-11	8.07522778874523E-03	4.11307480568906E-05	1.83288145753863E-10	8.48561882061064E-03	3.12557256752256E-05	1.03900125962021E-10	5.99061789399729E-03	1.24069393170354E-11	5.5987650674009E-11	5.52159075139282	3.86453060911044E-12	8.87700629655659E-11	28.8154456180214	1E10	1E-30	1E-10	1E10	1E-30	1E-10	1E10	1E-30	1E-10
94	1.68224659982824E-05	1E10	2272727	1E-30	3.85870995307345E-11	1E10	1E-30	1E10	1.95646538001214E-03	5.20099274692803E-04	1E10	8.12611582170021	7.00206787497018E-04	1E10	0.668184946915408	6.17389387208516E-04	1E10	0.103620531784489	6.08457034512456E-04	1E10	1.37842574991731E-02	5.11676303284683E-04	1E10	2.81521527136355E-03	1E-30	4.32519468120056E-11	2.57492493638854E-02	1E-30	3.88018971732289E-10	1.45430218861037E-02	3.01609057954599E-05	1.5519196187127E-10	8.43503826061778E-03	2.45966470591434E-05	8.36032695508597E-11	5.99587437650665E-03	5.89324608380291E-11	5.46460219418776E-11	3.35875117846238	1.39350331237823E-11	6.12420870313081E-11	3.81207260331489	2.18814187794648E-12	2.04749570797438E-10	138.739437780441	1E10	1E-30	1E-10	1E10	1E-30	1E-10	1E10	1E-30	1E-10
95	1.65603338709072E-05	1E10	2272727.27272727	1E-30	5.16517114151418E-11	1E10	1E-30	1E10	1.85616792933305E-03	4.66033772270929E-04	1E10	11.3836487512018	6.59175761264526E-04	1E10	0.894499318399559	5.0968519685116E-04	1E10	0.127871817990008	4.52265214626934E-04	1E10	1.27818465838481E-02	7.09979747441859E-04	1E10	1.46110849766071E-03	1E-30	4.40627800640334E-11	0.033363514094449	1E-30	3.21067059096279E-10	1.66472444725231E-02	2.77682760588254E-05	1.76960802555964E-10	1.00510400795909E-02	1.37357333147671E-05	1.53398401510444E-10	8.9052638915788E-03	4.1674647891702E-11	4.50176973156048E-11	4.9745714015608	1.82555725550703E-12	2.60260399145082E-10	68.8582141669464	1E10	1E-30	1E-10	1E10	1E-30	1E-10	1E10	1E-30	1E-10	1E10	1E-30	1E-10
96	1.68224659982824E-05	1E10	2272727.27272727	1E-30	3.85870995307345E-11	1E10	1E-30	1E10	1.95646538001214E-03	5.20099274692803E-04	1E10	8.12611582170021	7.00206787497018E-04	1E10	0.668184946915408	6.17389387208516E-04	1E10	0.103620531784489	6.08457034512456E-04	1E10	1.37842574991731E-02	5.11676303284683E-04	1E10	2.81521527136355E-03	1E-30	4.32519468120056E-11	2.57492493638854E-02	1E-30	3.88018971732289E-10	1.45430218861037E-02	3.01609057954599E-05	1.5519196187127E-10	8.43503826061778E-03	2.45966470591434E-05	8.36032695508597E-11	5.99587437650665E-03	5.89324608380291E-11	5.46460219418776E-11	3.35875117846238	1.39350331237823E-11	6.12420870313081E-11	3.81207260331489	2.18814187794648E-12	2.04749570797438E-10	138.739437780441	1E10	1E-30	1E-10	1E10	1E-30	1E-10	1E10	1E-30	1E-10
97	3.80950984158781E-05	1E10	1063829.78723404	1E-30	7.50641616286818E-11	1E10	1E-30	1E10	1.08202299385787E-03	1.3883698923425E-03	1E10	3.29092445536199	2.36748749603181E-03	1E10	0.256448875657451	1.99065621230075E-03	1E10	5.51092756846504E-02	2.08647273290211E-03	1E10	8.61429017462205E-03	1.3706894392055E-03	1E10	1.8506884855868E-03	1E-30	1.21887234523767E-11	1.80288685109827E-02	1E-30	5.49248967710394E-11	1.43063074531632E-02	1E-30	5.25421091875266E-10	8.21655497655746E-03	1.06540847192419E-04	1.04078986996694E-10	3.2757055595704E-03	1.0248201662874E-04	5.06471384808097E-11	2.50815774831138E-03	3.64303507127902E-11	7.97975763297855E-11	9.91667723109376	2.20826088889764E-12	2.51201846150111E-10	63.5122886118748	1E10	1E-30	1E-10	1E10	1E-30	1E-10	1E10	1E-30	1E-10
98	3.80950984158781E-05	1E10	1063829.78723404	1E-30	7.50641616286818E-11	1E10	1E-30	1E10	1.08202299385787E-03	1.3883698923425E-03	1E10	3.29092445536199	2.36748749603181E-03	1E10	0.256448875657451	1.99065621230075E-03	1E10	5.51092756846504E-02	2.08647273290211E-03	1E10	8.61429017462205E-03	1.3706894392055E-03	1E10	1.8506884855868E-03	1E-30	1.21887234523767E-11	1.80288685109827E-02	1E-30	5.49248967710394E-11	1.43063074531632E-02	1E-30	5.25421091875266E-10	8.21655497655746E-03	1.06540847192419E-04	1.04078986996694E-10	3.2757055595704E-03	1.0248201662874E-04	5.06471384808097E-11	2.50815774831138E-03	3.64303507127902E-11	7.97975763297855E-11	9.91667723109376	2.20826088889764E-12	2.51201846150111E-10	63.5122886118748	1E10	1E-30	1E-10	1E10	1E-30	1E-10	1E10	1E-30	1E-10
99	3.11963203017336E-05	1E10	1063829.78723404	1E-30	1.04857012576751E-10	1E10	1E-30	1E10	1.2464048303896E-03	9.60660152617434E-04	1E10	1.40608464789411	1.10745600944707E-03	1E10	0.134960938480935	1.00790377590314E-03	1E10	1.71637289403427E-02	7.40338784858914E-04	1E10	2.30331055351562E-03	1E-30	1.72953917993103E-11	2.33454691494095E-02	1E-30	4.69152047510635E-11	1.35827105238383E-02	1E-30	4.34949902069268E-10	1.05346836909917E-02	7.35133498560654E-05	1.35628477896341E-10	4.81207643987197E-03	3.32173313942785E-05	1.34263265164384E-10	4.31907192952351E-03	2.94937800494723E-11	7.86125950010346E-11	10.3620019391649	6.37292334524462E-12	1.57241872404556E-10	28.0220553844218	5.46852165850896E-12	1.22848599910861E-10	25.2852288414943	1E10	1E-30	1E-10	1E10	1E-30	1E-10	1E10	1E-30	1E-10
100	3.11963203017336E-05	1E10	1063829.78723404	1E-30	1.04857012576751E-10	1E10	1E-30	1E10	1.2464048303896E-03	9.60660152617434E-04	1E10	1.40608464789411	1.10745600944707E-03	1E10	0.134960938480935	1.00790377590314E-03	1E10	1.71637289403427E-02	7.40338784858914E-04	1E10	2.30331055351562E-03	1E-30	1.72953917993103E-11	2.33454691494095E-02	1E-30	4.69152047510635E-11	1.35827105238383E-02	1E-30	4.34949902069268E-10	1.05346836909917E-02	7.35133498560654E-05	1.35628477896341E-10	4.81207643987197E-03	3.32173313942785E-05	1.34263265164384E-10	4.31907192952351E-03	2.94937800494723E-11	7.86125950010346E-11	10.3620019391649	6.37292334524462E-12	1.57241872404556E-10	28.0220553844218	5.46852165850896E-12	1.22848599910861E-10	25.2852288414943	1E10	1E-30	1E-10	1E10	1E-30	1E-10	1E10	1E-30	1E-10
101	3.11963203017336E-05	1E10	1063829.78723404	1E-30	1.04857012576751E-10	1E10	1E-30	1E10	1.2464048303896E-03	9.60660152617434E-04	1E10	1.40608464789411	1.10745600944707E-03	1E10	0.134960938480935	1.00790377590314E-03	1E10	1.71637289403427E-02	7.40338784858914E-04	1E10	2.30331055351562E-03	1E-30	1.72953917993103E-11	2.33454691494095E-02	1E-30	4.69152047510635E-11	1.35827105238383E-02	1E-30	4.34949902069268E-10	1.05346836909917E-02	7.35133498560654E-05	1.35628477896341E-10	4.81207643987197E-03	3.32173313942785E-05	1.34263265164384E-10	4.31907192952351E-03	2.94937800494723E-11	7.86125950010346E-11	10.3620019391649	6.37292334524462E-12	1.57241872404556E-10	28.0220553844218	5.46852165850896E-12	1.22848599910861E-10	25.2852288414943	1E10	1E-30	1E-10	1E10	1E-30	1E-10	1E10	1E-30	1E-10
102	3.11963203017336E-05	1E10	1063829.78723404	1E-30	1.04857012576751E-10	1E10	1E-30	1E10	1.2464048303896E-03	9.60660152617434E-04	1E10	1.40608464789411	1.10745600944707E-03	1E10	0.134960938480935	1.00790377590314E-03	1E10	1.71637289403427E-02	7.40338784858914E-04	1E10	2.30331055351562E-03	1E-30	1.72953917993103E-11	2.33454691494095E-02	1E-30	4.69152047510635E-11	1.35827105238383E-02	1E-30	4.34949902069268E-10	1.05346836909917E-02	7.35133498560654E-05	1.35628477896341E-10	4.81207643987197E-03	3.32173313942785E-05	1.34263265164384E-10	4.31907192952351E-03	2.94937800494723E-11	7.86125950010346E-11	10.3620019391649	6.37292334524462E-12	1.57241872404556E-10	28.0220553844218	5.46852165850896E-12	1.22848599910861E-10	25.2852288414943	1E10	1E-30	1E-10	1E10	1E-30	1E-10	1E10	1E-30	1E-10
103	7.62957357158366E-05	1E10	5E5	1E-30	1.13312865723958E-10	1E10	1E-30	1E10	9.39357596716457E-04	4.03700098951383E-03	1E10	0.380771614268547	4.72402619638878E-03	1E10	4.52592201541281E-02	4.94009152589186E-03	1E10	1.01282229606227E-02	4.91469339799988E-03	1E10	1.41784214949738E-03	1E-30	9.00183231292126E-12	2.75171727221788E-02	1E-30	1.80022807567422E-11	1.35996593990124E-02	1E-30	5.54907207822843E-11	1.03736620666389E-02	1E-30	4.78175072857893E-10	7.58485038211199E-03	1.71925336358295E-04	1.61121548473635E-10	2.89809443442125E-03	1.04092368939765E-04	1.24080987326765E-10	2.75942280743682E-03	5.60765863681163E-11	4.36858634109105E-11	2.47736387421487	1.16108579962183E-12	1.710251411289E-10	27.8923096968378	1E10	1E-30	1E-10	1E10	1E-30	1E-10	1E10	1E-30	1E-10
104	1.67237840889973E-04	1E10	227273	1E-30	2.39838180084396E-10	1E10	1E-30	1E10	8.14061598168596E-04	1.94236396219694E-02	1E10	0.111720892744804	1.28844665122876E-02	1E10	5.35878753049893E-02	8.25249184283538E-03	1E10	1.24985938069374E-02	3.08693239257317E-02	1E10	2.19606109418326E-03	1E-30	1.28771061522378E-11	0.011584079674327	1E-30	6.7081848767227E-11	1.09983265741955E-02	1E-30	4.79998728116917E-10	3.50426133296695E-03	1E-30	1.887357139315E-10	1.86791486739471E-03	9.5470408700345E-04	8.18246193663046E-11	1.30929699955474E-03	2.17948704975937E-04	1.73760551555713E-10	1.61906947236479E-03	4.01117678001855E-11	7.56512102185618E-11	3.88046328047522	9.05044886241412E-12	7.5902363669484E-11	7.50730630233244	1E10	1E-30	1E-10	1E10	1E-30	1E-10	1E10	1E-30	1E-10
105	1.67237840889973E-04	1E10	227273	1E-30	2.39838180084396E-10	1E10	1E-30	1E10	8.14061598168596E-04	1.94236396219694E-02	1E10	0.111720892744804	1.28844665122876E-02	1E10	5.35878753049893E-02	8.25249184283538E-03	1E10	1.24985938069374E-02	3.08693239257317E-02	1E10	2.19606109418326E-03	1E-30	1.28771061522378E-11	0.011584079674327	1E-30	6.7081848767227E-11	1.09983265741955E-02	1E-30	4.79998728116917E-10	3.50426133296695E-03	1E-30	1.887357139315E-10	1.86791486739471E-03	9.5470408700345E-04	8.18246193663046E-11	1.30929699955474E-03	2.17948704975937E-04	1.73760551555713E-10	1.61906947236479E-03	4.01117678001855E-11	7.56512102185618E-11	3.88046328047522	9.05044886241412E-12	7.5902363669484E-11	7.50730630233244	1E10	1E-30	1E-10	1E10	1E-30	1E-10	1E10	1E-30	1E-10
106	1.67237840889973E-04	1E10	227273	1E-30	2.39838180084396E-10	1E10	1E-30	1E10	8.14061598168596E-04	1.94236396219694E-02	1E10	0.111720892744804	1.28844665122876E-02	1E10	5.35878753049893E-02	8.25249184283538E-03	1E10	1.24985938069374E-02	3.08693239257317E-02	1E10	2.19606109418326E-03	1E-30	1.28771061522378E-11	0.011584079674327	1E-30	6.7081848767227E-11	1.09983265741955E-02	1E-30	4.79998728116917E-10	3.50426133296695E-03	1E-30	1.887357139315E-10	1.86791486739471E-03	9.5470408700345E-04	8.18246193663046E-11	1.30929699955474E-03	2.17948704975937E-04	1.73760551555713E-10	1.61906947236479E-03	4.01117678001855E-11	7.56512102185618E-11	3.88046328047522	9.05044886241412E-12	7.5902363669484E-11	7.50730630233244	1E10	1E-30	1E-10	1E10	1E-30	1E-10	1E10	1E-30	1E-10
END DSCRDATA
