BEGIN DSCRDATA
% INDEX	K01	L01	M01	K02	L02	M02	K03	L03	M03	K04	L04	M04	K05	L05	M05	K06	L06	M06	K07	L07	M07	K08	L08	M08	K09	L09	M09	K10	L10	M10	K11	L11	M11	K12	L12	M12	K13	L13	M13	K14	L14	M14	K15	L15	M15	K16	L16	M16	K17	L17	M17	K18	L18	M18
0	0	0	0	0	0	0	0	0	0	0	0	0	0	0	0	0	0	0	0	0	0	0	0	0	0	0	0	0	0	0	0	0	0	0	0	0	0	0	0	0	0	0	0	0	0	0	0	0	0	0	0	0	0	0
1	2.63648336968996E-09	1E10	1E11	1E-30	1.47707975844966E-11	1E10	1E-30	1E10	4.26032784048737E-03	1E-30	1.44083093350573E-10	0.925142300223281	1E-30	6.5106110959698E-11	9.30852679836436E-03	3.81969036587961E-09	1.06820322633872E-10	1.72815725102499	2.65102162207136E-09	5.48812598590342E-11	1.26878358436857	7.86272130182155E-09	8.18814230621968E-12	0.297005500479356	3.88025443315659E-09	9.76822810542684E-12	0.294399043583336	2.14795118148929E-12	4.28222219339448E-10	351.99888378198	1E10	1E-30	1E-10	1E10	1E-30	1E-10	1E10	1E-30	1E-10	1E10	1E-30	1E-10	1E10	1E-30	1E-10	1E10	1E-30	1E-10	1E10	1E-30	1E-10	1E10	1E-30	1E-10
2	3.2148470533066E-09	1E10	1E11	1E-30	1.48040797449289E-11	1E10	1E-30	1E10	4.62224161945494E-03	1E-30	1.45633310784014E-10	0.764312514420042	1E-30	4.05380415023517E-11	9.86165524805891E-03	4.5282365754652E-09	1.25567031016301E-10	1.89443318265252	2.737509384438E-09	7.50286075594458E-11	1.45407382322735	6.76439707243762E-09	1.4273936537137E-11	0.388949730055318	2.96042508722742E-09	1.90378763409147E-11	0.391298832960323	2.12831246388292E-12	3.71332487984831E-10	162.462924004478	1E10	1E-30	1E-10	1E10	1E-30	1E-10	1E10	1E-30	1E-10	1E10	1E-30	1E-10	1E10	1E-30	1E-10	1E10	1E-30	1E-10	1E10	1E-30	1E-10	1E10	1E-30	1E-10
3	3.8271428728097E-09	1E10	1E11	1E-30	5.5055339090686E-11	1E10	1E-30	1E10	4.61352522729638E-03	1E-30	1.58571527834508E-10	0.537791962090311	1E-30	4.85691578059047E-11	5.56653514086026E-03	6.68162826145866E-09	1.14240170281202E-10	1.77555485239021	4.91901709157223E-09	5.8001820431151E-11	1.28627040009651	1.14239815060117E-08	1.15309245614899E-11	0.27882094779325	6.20842378156764E-09	1.25849941629736E-11	0.324561254024325	2.24843426835894E-12	4.81184338699277E-10	308.451452824719	1E10	1E-30	1E-10	1E10	1E-30	1E-10	1E10	1E-30	1E-10	1E10	1E-30	1E-10	1E10	1E-30	1E-10	1E10	1E-30	1E-10	1E10	1E-30	1E-10	1E10	1E-30	1E-10
4	4.56563695800146E-09	1E10	1E11	1E-30	5.32807546888743E-11	1E10	1E-30	1E10	3.77076614806632E-03	1E-30	1.85042896881735E-10	0.64218700784136	1E-30	4.26599569535224E-11	4.357574241972E-3	9.01856490041139E-09	1.14173079850665E-10	1.73411928574089	4.07752601168753E-09	9.43893979018165E-11	1.37858836329855	1.20318142785695E-08	1.51129937466069E-11	0.489389544845366	8.09524666034663E-09	1.3633403426745E-11	0.419826669092893	2.21893976520422E-12	3.61448283252954E-10	303.687332984598	1E10	1E-30	1E-10	1E10	1E-30	1E-10	1E10	1E-30	1E-10	1E10	1E-30	1E-10	1E10	1E-30	1E-10	1E10	1E-30	1E-10	1E10	1E-30	1E-10	1E10	1E-30	1E-10
5	1.19573701458447E-08	1E10	83333333333.3333	1E-30	1.55305213541277E-11	1E10	1E-30	1E10	5.26167847359734E-03	1E-30	7.18334199462183E-11	1.24812288793235	1E-30	1.27148712431058E-10	0.239292987933657	1E-30	2.68960784270869E-11	2.11095329800185E-03	1.89885679560546E-08	1.0031660850316E-10	0.695840069609649	1.50963552124145E-08	4.62382311887193E-11	0.544035665092583	4.86266132839499E-08	6.57091478952709E-12	0.105213188134233	1.8609356906407E-08	1.035887331963E-11	0.129888844792599	2.16080648956386E-12	3.81144800649017E-10	421.402223745178	1E10	1E-30	1E-10	1E10	1E-30	1E-10	1E10	1E-30	1E-10	1E10	1E-30	1E-10	1E10	1E-30	1E-10	1E10	1E-30	1E-10	1E10	1E-30	1E-10
6	1.44978604935641E-08	1E10	66666666666.6667	1E-30	6.47379304378299E-12	1E10	1E-30	1E10	5.02784896128005E-03	1E-30	1.37662504897958E-10	0.337614978689945	1E-30	2.5498280043708E-11	2.40766467176348E-03	2.54954021768868E-08	1.11397793054515E-10	0.634232337978574	1.40647063774932E-08	7.28193728374754E-11	0.528280567303331	4.3288259735829E-08	1.11703249930982E-11	0.12352810199839	1.7451665800705E-08	1.61156526850731E-11	0.131584876081642	2.03303535932931E-12	6.00980149505434E-10	360.924255573053	1E10	1E-30	1E-10	1E10	1E-30	1E-10	1E10	1E-30	1E-10	1E10	1E-30	1E-10	1E10	1E-30	1E-10	1E10	1E-30	1E-10	1E10	1E-30	1E-10	1E10	1E-30	1E-10
7	1.76817314746861E-08	1E10	55555555555.5556	1E-30	1.05278935099977E-11	1E10	1E-30	1E10	4.45454801918729E-03	1E-30	1.65811858134193E-10	0.346115959222427	1E-30	3.29607921207254E-11	1.96373442667818E-03	2.73232203331592E-08	1.43485022382497E-10	0.766562147452032	1.97721244645218E-08	7.31685196730647E-11	0.6297930304033	4.59111419864892E-08	1.45384410587876E-11	0.147478034622973	2.40388025462138E-08	1.65261601334573E-11	0.157469386025992	1.86434830018521E-12	4.74764249464272E-10	204.335040500687	1E10	1E-30	1E-10	1E10	1E-30	1E-10	1E10	1E-30	1E-10	1E10	1E-30	1E-10	1E10	1E-30	1E-10	1E10	1E-30	1E-10	1E10	1E-30	1E-10	1E10	1E-30	1E-10
8	2.11764378424376E-08	1E10	45454545454.5455	1E-30	4.68074191174324E-11	1E10	1E-30	1E10	3.69902654981188E-03	1E-30	1.91632571773555E-10	0.296534594582481	1E-30	2.56994870068471E-11	1.53112119388603E-03	3.53703954693077E-08	1.46116256977578E-10	0.817408856312896	2.38050348586217E-08	8.19801639433858E-11	0.558604885828737	3.98338758109304E-08	2.36691886177341E-11	0.21846981321038	2.65814204551972E-08	2.16026287317159E-11	0.192101510330017	2.41347672497573E-12	3.34473677010668E-10	255.992230476375	1E10	1E-30	1E-10	1E10	1E-30	1E-10	1E10	1E-30	1E-10	1E10	1E-30	1E-10	1E10	1E-30	1E-10	1E10	1E-30	1E-10	1E10	1E-30	1E-10	1E10	1E-30	1E-10
9	3.35637555121389E-08	1E10	3030303030.30303	1E-30	3.77603790173184E-10	1E10	1E-30	1E10	2.80088939706573E-02	4.10289746149548E-06	1E10	524.184644430635	4.67751218114015E-06	1E10	108.094504651822	4.06604792054052E-06	1E10	24.2623836355311	3.82149669142357E-06	1E10	5.05264606292822	3.25422897152822E-06	1E10	1.05506847954401	2.76398442231245E-06	1E10	0.230354977277896	1.4493710256407E-06	1E10	0.046461982453105	1E-30	6.1901539992631E-11	0.211318487800815	1E-30	1.03790309071792E-10	0.140468463024671	1.1166548547963E-07	3.78539384411674E-11	8.69237342329486E-02	2.51466624168813E-08	5.22411201498095E-11	0.105320977378854	8.2764157236285E-12	3.30882335691836E-10	20.683597819767	1E10	1E-30	1E-10	1E10	1E-30	1E-10	1E10	1E-30	1E-10
10	3.37808812577712E-08	1E10	3030303030.30303	1E-30	3.86754970245266E-10	1E10	1E-30	1E10	2.80088939706573E-02	4.12906638134905E-06	1E10	538.062341022235	4.66425460149928E-06	1E10	106.555218173419	4.15577923704711E-06	1E10	23.339839856758	3.8739905997193E-06	1E10	4.91047818721783	3.25390617359181E-06	1E10	1.00501915185789	2.72693962223968E-06	1E10	0.217251711235743	2.0338380012172E-06	1E10	3.52089970984985E-02	1E-30	6.6404968220668E-11	0.263210393504082	1E-30	1.03291974472007E-10	0.137936523904512	1.17881863118715E-07	3.61170286000366E-11	8.57667697807065E-02	2.37919174472032E-08	5.51206563898149E-11	0.105166756335788	8.91963530137514E-12	3.14442204567193E-10	20.0763613182827	1E10	1E-30	1E-10	1E10	1E-30	1E-10	1E10	1E-30	1E-10
11	4.95052084208266E-08	1E10	2127659574.46809	1E-30	4.09430530363582E-10	1E10	1E-30	1E10	2.22888913778571E-02	6.34989884142075E-06	1E10	321.807414299469	6.34771394690506E-06	1E10	93.6093103117066	5.66897231719231E-06	1E10	19.8805399556349	5.46590370077082E-06	1E10	4.24667493693869	4.60041490987943E-06	1E10	0.933889278481514	4.195655422798E-06	1E10	0.197447211145374	2.3286845827915E-06	1E10	4.10957363132063E-02	1E-30	1.67858889136774E-10	0.206448436885831	1E-30	8.92148463761225E-11	0.16568736660532	1.12089414996075E-07	7.42628868985742E-11	0.135745897471545	4.41316228024787E-08	6.22242750724262E-11	0.114510073594575	2.81195893411817E-11	8.58432234766649E-11	5.097583112095	1E10	1E-30	1E-10	1E10	1E-30	1E-10	1E10	1E-30	1E-10
12	4.92345641683293E-08	1E10	2127659574.46809	1E-30	4.01424847443893E-10	1E10	1E-30	1E10	0.019768304390851	5.64713194403097E-06	1E10	329.316666383371	7.08840833815968E-06	1E10	48.4157104901866	6.13290610103249E-06	1E10	10.1437380725631	5.52756109442879E-06	1E10	1.85875291645075	4.2260303110481E-06	1E10	0.373521502725839	3.29775019031631E-06	1E10	5.14811216455137E-02	1E-30	1.11879301591435E-10	0.210882633562266	1E-30	1.65556745697195E-10	0.162409456894313	1.1236894903345E-07	7.41878710531582E-11	0.13111215872548	5.04320648156513E-08	5.53297311362074E-11	0.107458658501551	2.67524768597237E-11	8.89662542821027E-11	5.3863883731338	1E10	1E-30	1E-10	1E10	1E-30	1E-10	1E10	1E-30	1E-10	1E10	1E-30	1E-10
13	6.79930252079526E-08	1E10	1470588235.29412	1E-30	3.63265448913168E-10	1E10	1E-30	1E10	1.78764619716128E-02	8.68538894067218E-06	1E10	249.912794362213	8.51728334225468E-06	1E10	71.517811179654	7.63859593197354E-06	1E10	15.3979389063912	7.29140317619153E-06	1E10	3.34374741683253	6.09997015466069E-06	1E10	0.746817037234128	4.94109973384087E-06	1E10	0.136078244948535	3.67757887098234E-06	1E10	2.80332179321205E-02	1E-30	1.06542464641926E-10	0.124168220136007	1E-30	1.03187751113661E-11	9.72119027062884E-02	1.6858999406841E-07	5.38795036781405E-11	8.24818011264427E-02	3.34814024330486E-08	9.0366543264593E-11	9.18835737705569E-02	1.65898487608015E-11	1.45521941988118E-10	7.46904447955349	1E10	1E-30	1E-10	1E10	1E-30	1E-10	1E10	1E-30	1E-10
14	1.00971655178476E-07	1E10	1E9	1E-30	3.9729784491436E-10	1E10	1E-30	1E10	1.53393386891984E-02	1.37514447387068E-05	1E10	180.52884385793	1.46022050212993E-05	1E10	43.2861282986447	1.29800152475148E-05	1E10	9.53719856851963	1.25283404576417E-05	1E10	1.97512752097362	1.0858180080603E-05	1E10	0.495931713365866	1.0938683174903E-05	1E10	7.69132042597755E-02	6.72566233850904E-06	1E10	2.18093369011113E-02	1E-30	1.31440709931916E-11	0.137933563477269	1E-30	1.66924502007542E-10	0.12329842211869	1.7119174482383E-07	1.01254063923442E-10	0.107916812173566	8.9392412761975E-08	7.01378122514543E-11	7.69729897549064E-02	1.63894515215866E-11	1.38678060868621E-10	7.31370973101177	1E10	1E-30	1E-10	1E10	1E-30	1E-10	1E10	1E-30	1E-10
15	1.53633540955493E-07	1E10	666666666.666667	1E-30	4.03707722415027E-10	1E10	1E-30	1E10	1.72089134294071E-02	1.83655297887027E-05	1E10	112.476305187956	1.66466421831636E-05	1E10	39.476419333708	1.4742021210993E-05	1E10	8.41481293724309	1.43719451895558E-05	1E10	1.74371474495995	1.26725274316171E-05	1E10	0.426157704484755	1.5540338175664E-05	1E10	6.45857502085445E-02	1.2090467568555E-05	1E10	1.28136204097819E-02	1E-30	2.10068669553297E-11	0.182970750506383	1E-30	1.29741445302647E-10	0.087897331589791	3.76917652161065E-07	4.76317009146516E-11	3.74820650982458E-02	1.60796475150521E-07	3.77319909014441E-11	3.69347888535228E-02	1.60165750722042E-11	1.94250693100976E-10	10.4043886722604	1E10	1E-30	1E-10	1E10	1E-30	1E-10	1E10	1E-30	1E-10
16	1.53633540955493E-07	1E10	666666666.666667	1E-30	4.03707722415027E-10	1E10	1E-30	1E10	1.72089134294071E-02	1.83655297887027E-05	1E10	112.476305187956	1.66466421831636E-05	1E10	39.476419333708	1.4742021210993E-05	1E10	8.41481293724309	1.43719451895558E-05	1E10	1.74371474495995	1.26725274316171E-05	1E10	0.426157704484755	1.5540338175664E-05	1E10	6.45857502085445E-02	1.2090467568555E-05	1E10	1.28136204097819E-02	1E-30	2.10068669553297E-11	0.182970750506383	1E-30	1.29741445302647E-10	0.087897331589791	3.76917652161065E-07	4.76317009146516E-11	3.74820650982458E-02	1.60796475150521E-07	3.77319909014441E-11	3.69347888535228E-02	1.60165750722042E-11	1.94250693100976E-10	10.4043886722604	1E10	1E-30	1E-10	1E10	1E-30	1E-10	1E10	1E-30	1E-10
17	2.21676640694739E-07	1E10	454545454.545455	1E-30	3.7475493650275E-10	1E10	1E-30	1E10	1.33867747027532E-02	2.03490789722771E-05	1E10	95.5551217710491	2.40621877557461E-05	1E10	17.6037726667312	2.01024513698019E-05	1E10	3.8969154222119	1.74700327835352E-05	1E10	0.766082264720832	2.33519200543717E-05	1E10	0.111453406404733	1.51354724670447E-05	1E10	2.45768253472533E-02	1E-30	1.68036057098987E-10	6.46187162614944E-02	1E-30	1.58247546731576E-11	3.14664096556019E-02	4.77187644436919E-07	7.07096648442693E-11	0.036268092025887	2.17290999139723E-07	5.01257979694977E-11	3.10630884078398E-02	8.65608612594776E-12	2.83344189054513E-10	13.955980308043	1E10	1E-30	1E-10	1E10	1E-30	1E-10	1E10	1E-30	1E-10	1E10	1E-30	1E-10
18	2.21676640694739E-07	1E10	454545454.545455	1E-30	3.7475493650275E-10	1E10	1E-30	1E10	1.33867747027532E-02	2.03490789722771E-05	1E10	95.5551217710491	2.40621877557461E-05	1E10	17.6037726667312	2.01024513698019E-05	1E10	3.8969154222119	1.74700327835352E-05	1E10	0.766082264720832	2.33519200543717E-05	1E10	0.111453406404733	1.51354724670447E-05	1E10	2.45768253472533E-02	1E-30	1.68036057098987E-10	6.46187162614944E-02	1E-30	1.58247546731576E-11	3.14664096556019E-02	4.77187644436919E-07	7.07096648442693E-11	0.036268092025887	2.17290999139723E-07	5.01257979694977E-11	3.10630884078398E-02	8.65608612594776E-12	2.83344189054513E-10	13.955980308043	1E10	1E-30	1E-10	1E10	1E-30	1E-10	1E10	1E-30	1E-10	1E10	1E-30	1E-10
19	3.35730908765225E-07	1E10	303030303.030303	1E-30	4.06449007579827E-10	1E10	1E-30	1E10	1.11244076465912E-02	3.04244290879276E-05	1E10	66.4883616294954	3.47618533573118E-05	1E10	13.2102824141134	2.94932479563732E-05	1E10	2.86377913366711	2.53758266062349E-05	1E10	0.617835689514614	3.41541222440588E-05	1E10	8.03689575813164E-02	2.57045830215381E-05	1E10	1.38837201691913E-02	1E-30	3.56724366439413E-11	0.288510583299342	1E-30	1.34453762224478E-10	4.90749113158493E-02	7.72022548282426E-07	6.01063595107367E-11	2.77047896106342E-02	3.34050394005072E-07	4.42981473339207E-11	0.024549281724496	1.04985284500611E-11	3.15243606707483E-10	18.2047406983246	1E10	1E-30	1E-10	1E10	1E-30	1E-10	1E10	1E-30	1E-10	1E10	1E-30	1E-10
20	4.68557659344606E-07	1E10	212765957.446809	1E-30	4.0054659190804E-10	1E10	1E-30	1E10	8.73736828382689E-03	4.61035865414013E-05	1E10	44.8596362136539	5.03000139809533E-05	1E10	10.1129794237491	4.30636997029014E-05	1E10	2.14082792492013	3.84346243736798E-05	1E10	0.476684596393481	5.28608275668769E-05	1E10	6.05364256454867E-02	3.41304754865989E-05	1E10	1.15911690082397E-02	1E-30	1.82276798651137E-10	5.21031699522694E-02	1E-30	2.60213616714349E-11	0.010651255338642	1.39646970503955E-06	6.21267001805533E-11	2.68118679740688E-02	2.86199591514108E-07	9.72659759022037E-11	2.96290421247326E-02	1.41038872649545E-11	1.71697667964852E-10	9.50645628148228	1E10	1E-30	1E-10	1E10	1E-30	1E-10	1E10	1E-30	1E-10	1E10	1E-30	1E-10
END DSCRDATA
