BEGIN DSCRDATA
% INDEX	K01	L01	M01	K02	L02	M02	K03	L03	M03	K04	L04	M04	K05	L05	M05	K06	L06	M06	K07	L07	M07	K08	L08	M08	K09	L09	M09	K10	L10	M10	K11	L11	M11	K12	L12	M12	K13	L13	M13	K14	L14	M14	K15	L15	M15	K16	L16	M16	K17	L17	M17	K18	L18	M18
0	0	0	0	0	0	0	0	0	0	0	0	0	0	0	0	0	0	0	0	0	0	0	0	0	0	0	0	0	0	0	0	0	0	0	0	0	0	0	0	0	0	0	0	0	0	0	0	0	0	0	0	0	0	0
1	5.52189594930797E-09	1E10	1E10	1E-30	3.2166218269201E-11	1E10	1E-30	1E10	3.63278139747398E-03	1E-30	1.31813972981106E-10	0.490263637437037	1E-30	3.30737886792399E-11	6.12492763252001E-03	7.76183810336755E-09	1.0003705109914E-10	1.38440920830138	5.90992177198931E-09	4.47469606869795E-11	0.984410971910275	1.24958992913607E-08	9.16044391009187E-12	0.209377885056197	6.4083340729066E-09	1.03687835821644E-11	0.183939387441278	3.98499835966863E-12	3.5991094414661E-10	197.022822429989	1E10	1E-30	1E-10	1E10	1E-30	1E-10	1E10	1E-30	1E-10	1E10	1E-30	1E-10	1E10	1E-30	1E-10	1E10	1E-30	1E-10	1E10	1E-30	1E-10	1E10	1E-30	1E-10
2	6.68328460849745E-09	1E10	1E10	1E-30	1.32515671190818E-11	1E10	1E-30	1E10	3.76128081857939E-03	1E-30	1.3001093704147E-10	0.594905687975647	1E-30	2.28264452451111E-11	3.28137072200388E-03	8.90829245055488E-09	1.23120677033025E-10	1.33383333587318	4.41926152795912E-09	8.0722679837136E-11	1.07704903139032	9.32991469545487E-09	1.73303112764426E-11	0.338984879132885	7.83226141141029E-09	1.2262690853011E-11	0.302540187240526	3.72144939911555E-12	2.99165205644662E-10	139.390303904199	1E10	1E-30	1E-10	1E10	1E-30	1E-10	1E10	1E-30	1E-10	1E10	1E-30	1E-10	1E10	1E-30	1E-10	1E10	1E-30	1E-10	1E10	1E-30	1E-10	1E10	1E-30	1E-10
3	8.18727901181723E-09	1E10	1E10	1E-30	1.30715219575483E-11	1E10	1E-30	1E10	3.63716878014201E-03	1E-30	1.42412967118808E-10	0.451773333399098	1E-30	2.49608702112422E-11	2.82259622472845E-03	1.03699419056291E-08	1.44087456910864E-10	1.25587154149274	8.26692644397964E-09	6.46031092022757E-11	1.06185278930699	1.80041129894E-08	1.31907567300924E-11	0.313622519624879	9.8966657446387E-09	1.40393965153304E-11	0.29601377305252	3.51305357439457E-12	4.35174778251434E-10	146.447199552155	1E10	1E-30	1E-10	1E10	1E-30	1E-10	1E10	1E-30	1E-10	1E10	1E-30	1E-10	1E10	1E-30	1E-10	1E10	1E-30	1E-10	1E10	1E-30	1E-10	1E10	1E-30	1E-10
4	9.75318908765556E-09	1E10	1E10	1E-30	1.04479793557757E-11	1E10	1E-30	1E10	3.14721767989336E-03	1E-30	1.72021677436794E-10	0.448902307866589	1E-30	1.92568827440811E-11	2.25010611823565E-03	1.38248979076365E-08	1.48323558280268E-10	1.31320133874282	9.30141042475679E-09	7.93977017075567E-11	1.04248119325901	1.87020530847938E-08	1.79392632253926E-11	0.410081423817613	1.25017851206167E-08	1.64289751674412E-11	0.374084783398889	3.8010525555458E-12	3.14918712554258E-10	186.057914016749	1E10	1E-30	1E-10	1E10	1E-30	1E-10	1E10	1E-30	1E-10	1E10	1E-30	1E-10	1E10	1E-30	1E-10	1E10	1E-30	1E-10	1E10	1E-30	1E-10	1E10	1E-30	1E-10
5	2.7E-8	1E10	3703703703.7037	1E-30	1.04158300285896E-11	1E10	1E-30	1E10	2.96263408221271E-03	1E-30	1.24042242957357E-10	0.229356998674659	1E-30	2.06015807958645E-11	7.09152491521865E-04	4.07608822791268E-08	1.06066549132431E-10	0.578366318160176	2.19234399573205E-08	6.61514163396697E-11	0.387010007228198	5.17624918956683E-08	1.25958093216534E-11	0.128981179109177	3.20668986068953E-08	1.17722711203743E-11	0.11661358720139	3.82325448659206E-12	3.53326010786627E-10	192.515686664384	1E10	1E-30	1E-10	1E10	1E-30	1E-10	1E10	1E-30	1E-10	1E10	1E-30	1E-10	1E10	1E-30	1E-10	1E10	1E-30	1E-10	1E10	1E-30	1E-10	1E10	1E-30	1E-10
6	3.3E-8	1E10	3030303030.30303	1E-30	7.3248026542697E-12	1E10	1E-30	1E10	3.03364186756727E-03	1E-30	1.22705989087426E-10	0.184420054790974	1E-30	2.76584273211132E-11	9.52064933302648E-04	4.5527604672477E-08	1.31083253976498E-10	0.553709522768278	3.34976771177662E-08	6.40373209113098E-11	0.385257935250913	6.16656774164635E-08	1.52826175991733E-11	0.106432205897539	3.80843960050722E-08	1.46612210511662E-11	0.114180134742776	3.87066781489127E-12	4.81751322581265E-10	377.935320288569	1E10	1E-30	1E-10	1E10	1E-30	1E-10	1E10	1E-30	1E-10	1E10	1E-30	1E-10	1E10	1E-30	1E-10	1E10	1E-30	1E-10	1E10	1E-30	1E-10	1E10	1E-30	1E-10
7	3.9E-8	1E10	2564102564.10256	1E-30	1.71416700929688E-11	1E10	1E-30	1E10	2.62384066981021E-03	1E-30	1.64171859122659E-10	0.195993244575243	1E-30	2.75781389878675E-11	7.36892342046594E-04	6.21765596852219E-08	1.26530529926852E-10	0.586043840719334	3.72160666549027E-08	7.77530395374496E-11	0.465479354621038	7.76970252199468E-08	1.63620178364559E-11	0.116555333275275	4.31871681612488E-08	1.78468875148372E-11	0.107890422994401	4.02465356055151E-12	3.85372139719551E-10	295.443799561751	1E10	1E-30	1E-10	1E10	1E-30	1E-10	1E10	1E-30	1E-10	1E10	1E-30	1E-10	1E10	1E-30	1E-10	1E10	1E-30	1E-10	1E10	1E-30	1E-10	1E10	1E-30	1E-10
8	4.7E-8	1E10	2127659574.46809	1E-30	8.08665114589625E-12	1E10	1E-30	1E10	2.13798476200245E-03	1E-30	1.57894560597218E-10	0.242834034417018	1E-30	1.73727867266959E-11	2.99715066624866E-04	5.44082466560634E-08	1.99598505191887E-10	0.625017336011639	4.61864270133144E-08	9.26687873528302E-11	0.456303262956264	4.56009768910399E-08	4.31784558085147E-11	0.198674634905884	4.22048879321374E-08	2.70118582930865E-11	0.187334742027954	1.07854637870691E-10	2.00241122562037E-11	0.909666450219817	4.25238559240369E-12	2.5821185570148E-10	230.758306633558	1E10	1E-30	1E-10	1E10	1E-30	1E-10	1E10	1E-30	1E-10	1E10	1E-30	1E-10	1E10	1E-30	1E-10	1E10	1E-30	1E-10	1E10	1E-30	1E-10
9	6.92100839433247E-08	1E10	1470588235.29412	1E-30	2.52214564314483E-10	1E10	1E-30	1E10	2.10259823329459E-02	8.59905340851262E-06	1E10	287.217426886156	9.96945779655989E-06	1E10	57.0181615793434	8.71122399820379E-06	1E10	13.1329712245827	8.27342751913841E-06	1E10	2.79991460587697	6.88332769546378E-06	1E10	0.633901820810073	6.12227489873838E-06	1E10	0.113687279151633	4.27023577926521E-06	1E10	2.61586911377563E-02	1E-30	6.61288606452803E-11	0.078232583811884	1.22941215563301E-07	5.55434178271854E-11	0.055517429690402	4.78949303606147E-08	3.90146602129804E-11	4.92330951723308E-02	8.62347628042521E-12	4.94313817203233E-10	23.1433776665903	1E10	1E-30	1E-10	1E10	1E-30	1E-10	1E10	1E-30	1E-10	1E10	1E-30	1E-10
10	6.92100839433247E-08	1E10	1470588235.29412	1E-30	2.52214564314483E-10	1E10	1E-30	1E10	2.10259823329459E-02	8.59905340851262E-06	1E10	287.217426886156	9.96945779655989E-06	1E10	57.0181615793434	8.71122399820379E-06	1E10	13.1329712245827	8.27342751913841E-06	1E10	2.79991460587697	6.88332769546378E-06	1E10	0.633901820810073	6.12227489873838E-06	1E10	0.113687279151633	4.27023577926521E-06	1E10	2.61586911377563E-02	1E-30	6.61288606452803E-11	0.078232583811884	1.22941215563301E-07	5.55434178271854E-11	0.055517429690402	4.78949303606147E-08	3.90146602129804E-11	4.92330951723308E-02	8.62347628042521E-12	4.94313817203233E-10	23.1433776665903	1E10	1E-30	1E-10	1E10	1E-30	1E-10	1E10	1E-30	1E-10	1E10	1E-30	1E-10
11	1.07509912237461E-07	1E10	1E9	1E-30	2.63045313872806E-10	1E10	1E-30	1E10	7.4942100329896E-03	9.00323119363901E-06	1E10	368.03119356081	1.41849870245307E-05	1E10	29.0834425934089	1.27195775616321E-05	1E10	6.22176450088339	1.02797740126735E-05	1E10	1.22053244085277	8.93615385882986E-06	1E10	0.194914314036352	7.23685560948096E-06	1E10	2.92643540163067E-02	1E-30	2.65402622790926E-10	0.158107548603134	1E-30	1.32491413345034E-11	5.29447712788662E-02	1.99873915413085E-07	6.88553399884934E-11	0.0740846045928	1.03689322680328E-11	2.72850230331542E-10	20.0094126706292	1E10	1E-30	1E-10	1E10	1E-30	1E-10	1E10	1E-30	1E-10	1E10	1E-30	1E-10	1E10	1E-30	1E-10
12	1.07509912237461E-07	1E10	1E9	1E-30	2.63045313872806E-10	1E10	1E-30	1E10	7.4942100329896E-03	9.00323119363901E-06	1E10	368.03119356081	1.41849870245307E-05	1E10	29.0834425934089	1.27195775616321E-05	1E10	6.22176450088339	1.02797740126735E-05	1E10	1.22053244085277	8.93615385882986E-06	1E10	0.194914314036352	7.23685560948096E-06	1E10	2.92643540163067E-02	1E-30	2.65402622790926E-10	0.158107548603134	1E-30	1.32491413345034E-11	5.29447712788662E-02	1.99873915413085E-07	6.88553399884934E-11	0.0740846045928	1.03689322680328E-11	2.72850230331542E-10	20.0094126706292	1E10	1E-30	1E-10	1E10	1E-30	1E-10	1E10	1E-30	1E-10	1E10	1E-30	1E-10	1E10	1E-30	1E-10
13	1.56958851031882E-07	1E10	666666666.666667	1E-30	2.7881699290583E-10	1E10	1E-30	1E10	1.03173350743029E-02	1.8611136424161E-05	1E10	115.756798509437	2.00406153448256E-05	1E10	25.567719608875	1.70532487649533E-05	1E10	5.62336196250505	1.53045395820672E-05	1E10	1.12603565678149	1.38293113115271E-05	1E10	0.231176700977723	1.03851575535711E-05	1E10	3.18887145180097E-02	1E-30	1.85254125305194E-10	6.37239935637023E-02	1E-30	3.77950488538801E-11	5.67611049749853E-02	9.78400648577727E-12	4.13313986806803E-10	22.6880352762974	1E10	1E-30	1E-10	1E10	1E-30	1E-10	1E10	1E-30	1E-10	1E10	1E-30	1E-10	1E10	1E-30	1E-10	1E10	1E-30	1E-10
14	1.56958851031882E-07	1E10	666666666.666667	1E-30	2.7881699290583E-10	1E10	1E-30	1E10	1.03173350743029E-02	1.8611136424161E-05	1E10	115.756798509437	2.00406153448256E-05	1E10	25.567719608875	1.70532487649533E-05	1E10	5.62336196250505	1.53045395820672E-05	1E10	1.12603565678149	1.38293113115271E-05	1E10	0.231176700977723	1.03851575535711E-05	1E10	3.18887145180097E-02	1E-30	1.85254125305194E-10	6.37239935637023E-02	1E-30	3.77950488538801E-11	5.67611049749853E-02	9.78400648577727E-12	4.13313986806803E-10	22.6880352762974	1E10	1E-30	1E-10	1E10	1E-30	1E-10	1E10	1E-30	1E-10	1E10	1E-30	1E-10	1E10	1E-30	1E-10	1E10	1E-30	1E-10
15	2.26605204200301E-07	1E10	454545454.545455	1E-30	2.50411077081955E-10	1E10	1E-30	1E10	9.64302102132626E-03	2.21318228124901E-05	1E10	89.9481779873158	2.73553186312057E-05	1E10	13.2007615670453	2.35026187922938E-05	1E10	2.81111747131186	2.03467157635238E-05	1E10	0.556881830359988	1.94926803687534E-05	1E10	7.02909110445389E-02	1.35122834606995E-05	1E10	0.013603483754071	1E-30	1.42493011544501E-11	0.158856206043535	1E-30	1.51487517241694E-10	8.29797029509558E-02	4.32145997713239E-07	7.93463633684452E-11	6.93880643620033E-02	1.39355054367821E-07	7.71707662157549E-11	5.27701932540316E-02	1.20523857695051E-11	2.2689558617904E-10	15.2129189644286	1E10	1E-30	1E-10	1E10	1E-30	1E-10	1E10	1E-30	1E-10	1E10	1E-30	1E-10
16	2.26605204200301E-07	1E10	454545454.545455	1E-30	2.50411077081955E-10	1E10	1E-30	1E10	9.64302102132626E-03	2.21318228124901E-05	1E10	89.9481779873158	2.73553186312057E-05	1E10	13.2007615670453	2.35026187922938E-05	1E10	2.81111747131186	2.03467157635238E-05	1E10	0.556881830359988	1.94926803687534E-05	1E10	7.02909110445389E-02	1.35122834606995E-05	1E10	0.013603483754071	1E-30	1.42493011544501E-11	0.158856206043535	1E-30	1.51487517241694E-10	8.29797029509558E-02	4.32145997713239E-07	7.93463633684452E-11	6.93880643620033E-02	1.39355054367821E-07	7.71707662157549E-11	5.27701932540316E-02	1.20523857695051E-11	2.2689558617904E-10	15.2129189644286	1E10	1E-30	1E-10	1E10	1E-30	1E-10	1E10	1E-30	1E-10	1E10	1E-30	1E-10
17	3.32677910155644E-07	1E10	303030303.030303	1E-30	3.13454781637537E-10	1E10	1E-30	1E10	1.27688410102168E-02	3.35338225842826E-05	1E10	64.079125656291	4.00154572826331E-05	1E10	11.0237491680811	2.76243036154803E-05	1E10	2.3673612219071	3.14449477105228E-05	1E10	0.323970481292491	2.39699580206733E-05	1E10	4.64453941117846E-02	1.33646015749448E-07	1E10	2.83810719495264E-02	1E-30	9.73463307672907E-11	3.29158497859826E-02	1E-30	3.47197784269081E-11	0.017170109964393	8.37218534072851E-07	3.82649776411787E-11	1.97813328760218E-02	3.7706600711258E-07	2.31101903120786E-11	1.27416465360569E-02	1.07064822890989E-11	3.90246562000446E-10	17.5590754420856	1E10	1E-30	1E-10	1E10	1E-30	1E-10	1E10	1E-30	1E-10	1E10	1E-30	1E-10
18	3.32677910155644E-07	1E10	303030303.030303	1E-30	3.13454781637537E-10	1E10	1E-30	1E10	1.27688410102168E-02	3.35338225842826E-05	1E10	64.079125656291	4.00154572826331E-05	1E10	11.0237491680811	2.76243036154803E-05	1E10	2.3673612219071	3.14449477105228E-05	1E10	0.323970481292491	2.39699580206733E-05	1E10	4.64453941117846E-02	1.33646015749448E-07	1E10	2.83810719495264E-02	1E-30	9.73463307672907E-11	3.29158497859826E-02	1E-30	3.47197784269081E-11	0.017170109964393	8.37218534072851E-07	3.82649776411787E-11	1.97813328760218E-02	3.7706600711258E-07	2.31101903120786E-11	1.27416465360569E-02	1.07064822890989E-11	3.90246562000446E-10	17.5590754420856	1E10	1E-30	1E-10	1E10	1E-30	1E-10	1E10	1E-30	1E-10	1E10	1E-30	1E-10
19	3.32677910155644E-07	1E10	303030303.030303	1E-30	3.13454781637537E-10	1E10	1E-30	1E10	1.27688410102168E-02	3.35338225842826E-05	1E10	64.079125656291	4.00154572826331E-05	1E10	11.0237491680811	2.76243036154803E-05	1E10	2.3673612219071	3.14449477105228E-05	1E10	0.323970481292491	2.39699580206733E-05	1E10	4.64453941117846E-02	1.33646015749448E-07	1E10	2.83810719495264E-02	1E-30	9.73463307672907E-11	3.29158497859826E-02	1E-30	3.47197784269081E-11	0.017170109964393	8.37218534072851E-07	3.82649776411787E-11	1.97813328760218E-02	3.7706600711258E-07	2.31101903120786E-11	1.27416465360569E-02	1.07064822890989E-11	3.90246562000446E-10	17.5590754420856	1E10	1E-30	1E-10	1E10	1E-30	1E-10	1E10	1E-30	1E-10	1E10	1E-30	1E-10
20	4.67698664687171E-07	1E10	212765957.446809	1E-30	2.94854497794306E-10	1E10	1E-30	1E10	7.87498014450375E-03	5.04993713555655E-05	1E10	41.8656884054884	6.07490630776768E-05	1E10	7.06017631339857	5.408380917476E-05	1E10	1.46399772083615	5.1395971878743E-05	1E10	0.328600016356722	3.7564910842738E-05	1E10	6.73101578333967E-02	3.5629104652171E-05	1E10	6.57974599455761E-03	1E-30	1.47573665481649E-10	4.70624094612569E-02	1E-30	2.65758634298511E-11	1.61766291775958E-02	1.00528075607708E-06	6.55547632091758E-11	3.53158303460392E-02	3.6103058962092E-07	5.63213791681918E-11	2.57244627713487E-02	1.3725450944744E-11	2.37731576521085E-10	14.0732901585557	1E10	1E-30	1E-10	1E10	1E-30	1E-10	1E10	1E-30	1E-10	1E10	1E-30	1E-10
21	4.67698664687171E-07	1E10	212765957.446809	1E-30	2.94854497794306E-10	1E10	1E-30	1E10	7.87498014450375E-03	5.04993713555655E-05	1E10	41.8656884054884	6.07490630776768E-05	1E10	7.06017631339857	5.408380917476E-05	1E10	1.46399772083615	5.1395971878743E-05	1E10	0.328600016356722	3.7564910842738E-05	1E10	6.73101578333967E-02	3.5629104652171E-05	1E10	6.57974599455761E-03	1E-30	1.47573665481649E-10	4.70624094612569E-02	1E-30	2.65758634298511E-11	1.61766291775958E-02	1.00528075607708E-06	6.55547632091758E-11	3.53158303460392E-02	3.6103058962092E-07	5.63213791681918E-11	2.57244627713487E-02	1.3725450944744E-11	2.37731576521085E-10	14.0732901585557	1E10	1E-30	1E-10	1E10	1E-30	1E-10	1E10	1E-30	1E-10	1E10	1E-30	1E-10
22	4.67698664687171E-07	1E10	212765957.446809	1E-30	2.94854497794306E-10	1E10	1E-30	1E10	7.87498014450375E-03	5.04993713555655E-05	1E10	41.8656884054884	6.07490630776768E-05	1E10	7.06017631339857	5.408380917476E-05	1E10	1.46399772083615	5.1395971878743E-05	1E10	0.328600016356722	3.7564910842738E-05	1E10	6.73101578333967E-02	3.5629104652171E-05	1E10	6.57974599455761E-03	1E-30	1.47573665481649E-10	4.70624094612569E-02	1E-30	2.65758634298511E-11	1.61766291775958E-02	1.00528075607708E-06	6.55547632091758E-11	3.53158303460392E-02	3.6103058962092E-07	5.63213791681918E-11	2.57244627713487E-02	1.3725450944744E-11	2.37731576521085E-10	14.0732901585557	1E10	1E-30	1E-10	1E10	1E-30	1E-10	1E10	1E-30	1E-10	1E10	1E-30	1E-10
23	6.69855596106793E-07	1E10	147058823.529412	1E-30	2.77582877418715E-10	1E10	1E-30	1E10	8.82246583150079E-03	6.22823538958466E-05	1E10	33.2708849242033	6.96111932442937E-05	1E10	6.72004896494512	5.96590382035049E-05	1E10	1.39660846778109	6.06760423887246E-05	1E10	0.309559576889232	5.67320694475092E-05	1E10	4.31944767563746E-02	5.56290971291237E-05	1E10	6.06716338245808E-03	1E-30	1.3783167750607E-10	3.49609191268423E-02	1E-30	1.45555763347932E-11	2.06247253620318E-02	1.62930377597236E-06	4.43508752537243E-11	1.67256420126992E-02	5.95886682946078E-07	3.58742363075209E-11	1.38959264439407E-02	8.74618662266371E-12	4.36885564298788E-10	22.8222427112657	1E10	1E-30	1E-10	1E10	1E-30	1E-10	1E10	1E-30	1E-10	1E10	1E-30	1E-10
24	1.00714032943533E-06	1E10	5E8	1E-30	1E-12	1E10	1E-30	1E10	5.79821557883489E-03	1.08383277239879E-04	1E10	20.4096200505498	1.50732555954933E-04	1E10	2.31367057128887	1.283750347022E-04	1E10	0.348833334518385	1.42666992134928E-04	1E10	5.09991890927028E-02	3.25418286655388E-04	1E10	1.16901159273836E-02	7.42602331869286E-05	1E10	8.86914241460347E-03	1E-30	2.84242816793333E-10	4.12060608783759E-02	1E-30	7.62223602086811E-12	5.04041583748273E-03	2.45399916275464E-06	8.57870415599115E-11	2.30455729256188E-02	1.20221730219045E-06	6.25351395341305E-11	1.93294968923516E-02	9.65178707407847E-12	3.67609691313554E-10	33.936018329561	8.44640659510535E-12	2.36219661642866E-10	15.8801635832342	1.20347536754576E-11	3.40916516970655E-11	2.93796766398111	1E10	1E-30	1E-10	1E10	1E-30	1E-10
25	9.7826255438135E-07	1E10	5E8	1E-30	1E-12	1E10	1E-30	1E10	6.83579563454363E-03	1.10372799412445E-04	1E10	16.9648468679802	1.12774639521289E-04	1E10	1.97733988625453	1.17896906638643E-04	1E10	0.175819916453802	1.27757509216379E-04	1E10	2.30252771844388E-02	6.8139154609715E-05	1E10	5.73096098973885E-03	1E-30	3.01263918046032E-11	0.173546297539569	1E-30	2.29691250426102E-10	6.12480083788605E-02	1.45704985226266E-06	1.24314039356482E-10	2.60381887313834E-02	4.07471315359209E-07	1.38665804132141E-10	2.38597047511247E-02	3.17200004449953E-12	3.40432703845384E-10	82.7994716702073	1E10	1E-30	1E-10	1E10	1E-30	1E-10	1E10	1E-30	1E-10	1E10	1E-30	1E-10	1E10	1E-30	1E-10
26	1.00904675848481E-06	1E10	1E8	1E-30	2.67529917192165E-10	1E10	1E-30	1E10	6.55033766186407E-03	1.07769721125324E-04	1E10	16.2212839508505	1.11115791692793E-04	1E10	3.63881924169346	8.31947291176834E-05	1E10	0.916364108025192	1.33680405982224E-04	1E10	0.109112176059614	6.89523198468348E-05	1E10	0.063961750291155	1.43606654737433E-04	1E10	6.34529538857673E-03	1E-30	1.21691300979665E-11	0.144437545686056	1E-30	2.04636268759531E-10	4.39904526905787E-02	1E-30	5.79307071874441E-12	1.95480354758061E-02	1.87388814103543E-06	7.95231735642341E-11	2.30856431423338E-02	8.22125319364149E-07	5.61346094542232E-11	1.83159527723631E-02	1.14782709793233E-11	2.0723699418797E-10	16.100990992426	1E10	1E-30	1E-10	1E10	1E-30	1E-10	1E10	1E-30	1E-10
27	4.74971364057646E-06	1E10	106382978.723404	1E-30	2.88403150312661E-12	1E10	1E-30	1E10	2.55476692381502E-03	5.26399872059036E-04	1E10	5.05221034384327	5.26030221954485E-04	1E10	0.409614872124506	5.59074097719709E-04	1E10	4.45382687880017E-02	1.00985438589125E-03	1E10	4.53245424734544E-03	3.82092038767758E-04	1E10	2.21866666336516E-03	1E-30	2.6709831169469E-11	3.67328801463382E-02	1E-30	3.23711637844984E-10	0.027040167023254	7.05085295977422E-06	1.68084228266884E-10	1.72115457431299E-02	3.76045036129053E-06	1.17894268500779E-10	1.42405308525354E-02	1.00953262967354E-11	1.62234745092933E-10	39.1462677816675	4.01073732999649E-12	2.33200534087664E-10	38.2567041273967	1E10	1E-30	1E-10	1E10	1E-30	1E-10	1E10	1E-30	1E-10	1E10	1E-30	1E-10
28	4.74971364057646E-06	1E10	106382978.723404	1E-30	2.88403150312661E-12	1E10	1E-30	1E10	2.55476692381502E-03	5.26399872059036E-04	1E10	5.05221034384327	5.26030221954485E-04	1E10	0.409614872124506	5.59074097719709E-04	1E10	4.45382687880017E-02	1.00985438589125E-03	1E10	4.53245424734544E-03	3.82092038767758E-04	1E10	2.21866666336516E-03	1E-30	2.6709831169469E-11	3.67328801463382E-02	1E-30	3.23711637844984E-10	0.027040167023254	7.05085295977422E-06	1.68084228266884E-10	1.72115457431299E-02	3.76045036129053E-06	1.17894268500779E-10	1.42405308525354E-02	1.00953262967354E-11	1.62234745092933E-10	39.1462677816675	4.01073732999649E-12	2.33200534087664E-10	38.2567041273967	1E10	1E-30	1E-10	1E10	1E-30	1E-10	1E10	1E-30	1E-10	1E10	1E-30	1E-10
29	4.74971364057646E-06	1E10	106382978.723404	1E-30	2.88403150312661E-12	1E10	1E-30	1E10	2.55476692381502E-03	5.26399872059036E-04	1E10	5.05221034384327	5.26030221954485E-04	1E10	0.409614872124506	5.59074097719709E-04	1E10	4.45382687880017E-02	1.00985438589125E-03	1E10	4.53245424734544E-03	3.82092038767758E-04	1E10	2.21866666336516E-03	1E-30	2.6709831169469E-11	3.67328801463382E-02	1E-30	3.23711637844984E-10	0.027040167023254	7.05085295977422E-06	1.68084228266884E-10	1.72115457431299E-02	3.76045036129053E-06	1.17894268500779E-10	1.42405308525354E-02	1.00953262967354E-11	1.62234745092933E-10	39.1462677816675	4.01073732999649E-12	2.33200534087664E-10	38.2567041273967	1E10	1E-30	1E-10	1E10	1E-30	1E-10	1E10	1E-30	1E-10	1E10	1E-30	1E-10
30	1.01603126972198E-05	1E10	5E7	1E-30	1E-12	1E10	1E-30	1E10	1.56982176148639E-03	1.18414851523527E-03	1E10	3.16838302392383	1.23035817683587E-03	1E10	0.269210158617676	1.22097199445741E-03	1E10	3.46177848096038E-02	2.46511598710283E-03	1E10	3.81140919113968E-03	9.43206321393551E-04	1E10	1.54601019853296E-03	1E-30	3.11119116698339E-11	2.18752659417964E-02	1E-30	3.61121771450938E-10	1.86246688739629E-02	1.78647991999591E-05	1.44533932915419E-10	1.12809709241697E-02	9.05865619894658E-06	1.08750088869574E-10	0.010082503104927	5.53991763089203E-11	7.0012860887026E-11	4.47531582738987	3.15461068071932E-12	3.40201298277854E-10	71.8495365973275	1E10	1E-30	1E-10	1E10	1E-30	1E-10	1E10	1E-30	1E-10	1E10	1E-30	1E-10
31	1.01603126972198E-05	1E10	5E7	1E-30	1E-12	1E10	1E-30	1E10	1.56982176148639E-03	1.18414851523527E-03	1E10	3.16838302392383	1.23035817683587E-03	1E10	0.269210158617676	1.22097199445741E-03	1E10	3.46177848096038E-02	2.46511598710283E-03	1E10	3.81140919113968E-03	9.43206321393551E-04	1E10	1.54601019853296E-03	1E-30	3.11119116698339E-11	2.18752659417964E-02	1E-30	3.61121771450938E-10	1.86246688739629E-02	1.78647991999591E-05	1.44533932915419E-10	1.12809709241697E-02	9.05865619894658E-06	1.08750088869574E-10	0.010082503104927	5.53991763089203E-11	7.0012860887026E-11	4.47531582738987	3.15461068071932E-12	3.40201298277854E-10	71.8495365973275	1E10	1E-30	1E-10	1E10	1E-30	1E-10	1E10	1E-30	1E-10	1E10	1E-30	1E-10
END DSCRDATA
