BEGIN DSCRDATA
% INDEX	K01	L01	M01	K02	L02	M02	K03	L03	M03	K04	L04	M04	K05	L05	M05	K06	L06	M06	K07	L07	M07	K08	L08	M08	K09	L09	M09	K10	L10	M10	K11	L11	M11	K12	L12	M12	K13	L13	M13	K14	L14	M14	K15	L15	M15	K16	L16	M16	K17	L17	M17	K18	L18	M18
0	0	0	0	0	0	0	0	0	0	0	0	0	0	0	0	0	0	0	0	0	0	0	0	0	0	0	0	0	0	0	0	0	0	0	0	0	0	0	0	0	0	0	0	0	0	0	0	0	0	0	0	0	0	0
1	2.1920209276204E-10	1E10	1E9	1E-30	1.3E-10	1E10	1E-30	1E10	0.533306706709808	4.78192560065733E-08	1E10	53330.6706713407	3.85185515151636E-08	1E10	14688.4863931281	3.61873374243492E-08	1E10	1503.06251932992	3.77615682954758E-08	1E10	207.48038503974	2.92925235993693E-08	1E10	33.6493783461369	3.12347498216498E-08	1E10	6.58744702170867	1.35980962665431E-08	1E10	2.95025171632338	4.2977668335876E-09	1E10	1.38501994296899	9.4993627759714E-10	1E10	0.818645092078817	2.6E-12	1.10402641437326E-10	19.6889803438169	1.09017539484957E-12	1.29083693169695E-10	4.86634058592183	1E10	1E-30	1E-10	1E10	1E-30	1E-10	1E10	1E-30	1E-10	1E10	1E-30	1E-10
2	4.9332490812137E-10	1E10	1E9	1E-30	1.30891068506362E-10	1E10	1E-30	1E10	0.110761220605276	3.52975191320926E-08	1E10	87992.43735184	1.26008206523977E-07	1E10	4948.17838271625	7.74268666325658E-08	1E10	879.9243735184	6.50117288774982E-08	1E10	94.2855953374072	4.51746877566502E-08	1E10	12.1463375924535	2.14975617694762E-08	1E10	2.11779988648363	6.51211595400236E-09	1E10	0.579533665742857	9.4169517450389E-10	1E10	0.485065956773878	2.98597621768167E-09	2.12077173962315E-11	6.80060816626621E-02	4.794879599577E-12	1.03302664515487E-10	1.17825758387483	1.6E-12	1.86782393918915E-10	20.6152852697798	1E10	1E-30	1E-10	1E10	1E-30	1E-10	1E10	1E-30	1E-10	1E10	1E-30	1E-10
3	9.83789345823186E-10	1E10	1E9	1E-30	1.46604494372618E-10	1E10	1E-30	1E10	0.161709769421462	1.22798409926008E-07	1E10	22365.6452730991	4.80674739674837E-07	1E10	1620.24777061142	2.06881781375525E-07	1E10	793.563040174418	1.99339013317472E-07	1E10	141.117681491006	1.18761493863313E-07	1E10	23.9652206842219	8.4737008774716E-08	1E10	3.12295521543738	6.19540521779801E-08	1E10	0.715570411580482	2.15853337955413E-08	1E10	0.297453342328555	3.56193059211704E-09	1E10	0.20751270523933	1E-30	2.67290818754061E-11	0.671775098055808	2.67967361556079E-10	5.25153008757239E-11	0.277668740149153	1.9E-12	1.74418839161883E-10	22.077866747144	1E10	1E-30	1E-10	1E10	1E-30	1E-10	1E10	1E-30	1E-10
4	2.20007993340362E-09	1E10	1E9	1E-30	1.51E-10	1E10	1E-30	1E10	0.1558	3.96728073398608E-07	1E10	7455.56153884361	3.97147993816102E-07	1E10	1128.44490305251	3.58316326150181E-07	1E10	148.75800975386	3.35869115038371E-07	1E10	18.727523868706	3.25087419968578E-07	1E10	3.25764932552903	2.09736803821914E-07	1E10	0.704243432008408	1.06898007588661E-07	1E10	0.229240546797122	2.57850778723499E-08	1E10	0.115411732436782	1E-30	5.89153313562154E-11	0.555263916517484	3.7840853817128E-09	1.38206782947919E-11	8.54671482629825E-02	1.98E-12	1.48091775992229E-10	20.5001057735275	1E10	1E-30	1E-10	1E10	1E-30	1E-10	1E10	1E-30	1E-10	1E10	1E-30	1E-10
5	4.5932300748153E-09	1E10	1E9	1E-30	1.8E-10	1E10	1E-30	1E10	0.10042676469234	5.19796723552507E-07	1E10	3144.60332671971	7.66174352202407E-07	1E10	165.031128538876	7.01828766402192E-07	1E10	18.5167971754898	5.49522595435518E-07	1E10	2.4423180074733	3.97984708966903E-07	1E10	0.452715860271652	2.45302324109284E-07	1E10	9.93162764508749E-02	6.75562363664149E-08	1E10	5.88972061101298E-02	1E-30	1.97950261404702E-11	0.497503269604153	1E-30	5.30475950682402E-11	0.177764197287456	8.36288941845829E-09	1.44232992547814E-11	4.75777375283158E-02	3.24483691358915E-12	9.11420311998481E-11	14.0239870611133	1E10	1E-30	1E-10	1E10	1E-30	1E-10	1E10	1E-30	1E-10	1E10	1E-30	1E-10
6	9.6000435139648E-09	1E10	1E9	1E-30	1.6E-10	1E10	1E-30	1E10	7.41464888622533E-02	1.09786857901216E-06	1E10	3624.18021005529	1.92060125316038E-06	1E10	301.446179867126	1.4077339498076E-06	1E10	64.4480504581186	1.85870554449619E-06	1E10	6.59492383999492	1.37201807630065E-06	1E10	1.79663683081666	9.05140068883135E-07	1E10	0.472406097550989	3.50664013427299E-07	1E10	0.104906137420691	1E-30	5.57282373838291E-11	0.183155825216202	1.21578760836928E-08	2.08344744889773E-11	0.04363562133065	2E-12	1.48729722675416E-10	20.5625690286415	1E10	1E-30	1E-10	1E10	1E-30	1E-10	1E10	1E-30	1E-10	1E10	1E-30	1E-10	1E10	1E-30	1E-10
7	9.6000435139648E-09	1E10	1E9	1E-30	1.6E-10	1E10	1E-30	1E10	7.41464888622533E-02	1.09786857901216E-06	1E10	3624.18021005529	1.92060125316038E-06	1E10	301.446179867126	1.4077339498076E-06	1E10	64.4480504581186	1.85870554449619E-06	1E10	6.59492383999492	1.37201807630065E-06	1E10	1.79663683081666	9.05140068883135E-07	1E10	0.472406097550989	3.50664013427299E-07	1E10	0.104906137420691	1E-30	5.57282373838291E-11	0.183155825216202	1.21578760836928E-08	2.08344744889773E-11	0.04363562133065	2E-12	1.48729722675416E-10	20.5625690286415	1E10	1E-30	1E-10	1E10	1E-30	1E-10	1E10	1E-30	1E-10	1E10	1E-30	1E-10	1E10	1E-30	1E-10
8	9.65833952724979E-09	1E10	1E9	1E-30	1.80782180004821E-10	1E10	1E-30	1E10	4.86837755422762E-02	8.69239906557724E-07	1E10	1.77280121600498	7.38568940035824E-07	1E10	0.360202180350935	9.13354014331348E-07	1E10	6.28657359613494E-02	5.45133349308197E-07	1E10	2.35609189444137E-02	1E-30	5.76560945900588E-11	0.228222679395327	1.54931804757783E-07	4.43275748615866E-12	1.52806573846959E-02	9.51542718136714E-09	3.18819614780852E-11	7.36611788712362E-02	4.31183001024083E-12	6.52301312386736E-11	11.0641947732493	1E10	1E-30	1E-10	1E10	1E-30	1E-10	1E10	1E-30	1E-10	1E10	1E-30	1E-10	1E10	1E-30	1E-10	1E10	1E-30	1E-10	1E10	1E-30	1E-10
9	2.12011644107636E-08	1E10	1E9	1E-30	1.35E-10	1E10	1E-30	1E10	4.50887343092597E-02	2.23063482934372E-06	1E10	1656.28904591564	4.84962377708998E-06	1E10	109.429932064321	3.60078794223795E-06	1E10	23.3957046210324	3.31829702838111E-06	1E10	4.7962838085517	2.40261402724686E-06	1E10	0.829889805818134	1.56114981955438E-06	1E10	0.137849610749883	1.02052069713179E-06	1E10	0.01900773069777	1E-30	5.65574250197171E-11	0.15108976898887	1E-30	3.81361185025399E-12	0.129844960241109	1.74537053056082E-08	4.0601316010601E-11	4.04714380302411E-02	1.71E-12	1.60902904951209E-10	25	1E10	1E-30	1E-10	1E10	1E-30	1E-10	1E10	1E-30	1E-10	1E10	1E-30	1E-10
10	2.20422167939021E-08	1E10	1E9	1E-30	1.61708361900511E-10	1E10	1E-30	1E10	4.45270950998629E-02	2.49719986768621E-06	1E10	1593.33404938229	4.44778529878791E-06	1E10	120.866747939185	3.21097430848582E-06	1E10	21.0042334736957	3.07323506327423E-06	1E10	2.47870219938593	2.33184180021703E-06	1E10	0.39617868044745	1.16111884694231E-06	1E10	7.72743030539215E-02	1E-30	1.36380002566137E-11	0.342327299669154	1E-30	6.95946258146092E-11	0.14283092050546	2.66182156609591E-07	6.74421580660775E-12	8.98529401548625E-03	3.75368504580491E-08	2.02839825882345E-11	2.82131463988802E-02	2.61789184229866E-12	1.19418530730334E-10	21.4598780793457	1E10	1E-30	1E-10	1E10	1E-30	1E-10	1E10	1E-30	1E-10	1E10	1E-30	1E-10
11	2.23729880738119E-08	1E10	1E9	1E-30	1.82158281890393E-10	1E10	1E-30	1E10	2.89552844712658E-02	2.31103383529936E-06	1E10	1279.87332778581	6.55682020877919E-06	1E10	65.6397606221864	2.95504011216721E-06	1E10	30.7020227086762	5.68051905092452E-06	1E10	1.99446526492045	3.40403216005587E-06	1E10	1.0228842160898	2.19506187149616E-06	1E10	0.323588431611616	1.63598133561089E-06	1E10	7.92246886231677E-02	1.5884214579555E-06	1E10	1.25246154204524E-02	1E-30	2.15544995634981E-11	0.451436383203267	1E-30	8.90195738836052E-11	0.132081892160099	2.89127090463648E-07	6.79259086660137E-12	1.70872118226376E-02	5.63700378531533E-08	1.61951249233387E-11	3.45524632308703E-02	7.66100940283948E-12	3.65672816602513E-11	9.11377393843049	1E10	1E-30	1E-10	1E10	1E-30	1E-10
12	4.57325167942203E-08	1E10	1E9	1E-30	1.92811537144251E-10	1E10	1E-30	1E10	2.32931112099545E-02	5.97352444520185E-06	1E10	533.262406272882	7.64732740557448E-06	1E10	70.2976760488032	6.05344637808743E-06	1E10	11.6665102793881	5.80079901242426E-06	1E10	1.34379281125315	4.87455930288588E-06	1E10	0.20246044481408	2.90259619114178E-06	1E10	0.045831654624226	1E-30	1.66532900987872E-11	0.2901530990831	1E-30	7.53777064896502E-11	0.110022744594638	1.46157837249818E-06	2.8412788441178E-12	5.75908076584073E-03	5.17905856769637E-08	3.81914610678958E-11	3.32323752596228E-02	9.12524660742427E-12	3.76448152130118E-11	6.24134114809145	1E10	1E-30	1E-10	1E10	1E-30	1E-10	1E10	1E-30	1E-10	1E10	1E-30	1E-10
13	4.63654113870529E-08	1E10	1E9	1E-30	1.46499848167843E-10	1E10	1E-30	1E10	2.18650380116814E-02	5.91546605428369E-06	1E10	624.562122303866	8.26173670681206E-06	1E10	70.0770227082937	6.70730336507007E-06	1E10	15.6882912064991	5.9105976204744E-06	1E10	2.2160300340155	4.57056283782242E-06	1E10	0.296962213556961	3.67609649224346E-06	1E10	0.045740951391231	4.58824621888716E-06	1E10	7.3809697415444E-03	1E-30	1.82153711127825E-11	0.3116959030118	1E-30	7.34509168764516E-11	0.108732558667206	1.7041675409249E-06	2.49664988041356E-12	5.5920585848086E-03	4.78470724748179E-08	4.34785155494524E-11	3.58295336698402E-02	3.5964568635371E-12	7.9708380078699E-11	26.7475724879157	1E10	1E-30	1E-10	1E10	1E-30	1E-10	1E10	1E-30	1E-10
14	4.63305909836024E-08	1E10	1E9	1E-30	1.87342696926952E-10	1E10	1E-30	1E10	2.24373078990801E-02	5.03239000190315E-06	1E10	510.761976784357	9.14636567831343E-06	1E10	40.5712659383403	7.4254898478187E-06	1E10	9.08277506746401	8.32150387711087E-06	1E10	1.77099999161117	5.52728689941552E-06	1E10	0.442663995800536	4.46973381405775E-06	1E10	0.101511439785242	2.69720112719212E-06	1E10	2.38425903020646E-02	1E-30	1.36453680467495E-11	0.131651268776938	1E-30	8.79047190094642E-11	0.110254425066268	3.31522931922536E-07	1.20422660013411E-11	1.50565581804547E-02	7.35021647704934E-08	2.35681166558414E-11	2.95033599459616E-02	1.5124566201173E-11	2.18137874610327E-11	5.15361579245653	1E10	1E-30	1E-10	1E10	1E-30	1E-10	1E10	1E-30	1E-10
15	9.30310851988828E-08	1E10	5E8	1E-30	1.16911334095168E-10	1E10	1E-30	1E10	1.43855830507493E-02	1.250126786002E-05	1E10	303.952751799488	1.64601381031048E-05	1E10	43.9345395878646	1.4103232603338E-05	1E10	7.46115529789202	1.27820178791392E-05	1E10	1.29660018601045	1.03209515591069E-05	1E10	0.197574106417286	7.71458554323029E-06	1E10	3.88667125434546E-02	9.52698237306715E-06	1E10	7.15191648680723E-03	1E-30	1.29638148493828E-11	8.89655842768866E-02	1E-30	9.65250741160381E-11	6.73537799790359E-02	6.50352820978142E-07	1.22628836857112E-11	0.011167637112966	1.85135241487542E-07	2.09765495029615E-11	2.11653337338122E-02	2.30757557129013E-12	8.12174692884375E-11	19.4244223867199	1E10	1E-30	1E-10	1E10	1E-30	1E-10	1E10	1E-30	1E-10
16	9.30310851988828E-08	1E10	5E8	1E-30	1.16911334095168E-10	1E10	1E-30	1E10	1.43855830507493E-02	1.250126786002E-05	1E10	303.952751799488	1.64601381031048E-05	1E10	43.9345395878646	1.4103232603338E-05	1E10	7.46115529789202	1.27820178791392E-05	1E10	1.29660018601045	1.03209515591069E-05	1E10	0.197574106417286	7.71458554323029E-06	1E10	3.88667125434546E-02	9.52698237306715E-06	1E10	7.15191648680723E-03	1E-30	1.29638148493828E-11	8.89655842768866E-02	1E-30	9.65250741160381E-11	6.73537799790359E-02	6.50352820978142E-07	1.22628836857112E-11	0.011167637112966	1.85135241487542E-07	2.09765495029615E-11	2.11653337338122E-02	2.30757557129013E-12	8.12174692884375E-11	19.4244223867199	1E10	1E-30	1E-10	1E10	1E-30	1E-10	1E10	1E-30	1E-10
17	2.1693811436352E-07	1E10	227272727.272727	1E-30	2.01554395497656E-10	1E10	1E-30	1E10	0.0172	2.14355061637851E-05	1E10	185.620696189559	2.95537882320015E-05	1E10	24.4695733567418	3.13114308109208E-05	1E10	3.61931512068541	3.80872049641675E-05	1E10	0.466258108165915	2.91378826055111E-05	1E10	0.103507864343909	1.59289667015797E-05	1E10	0.017702968766457	1E-30	2.96810847550817E-11	0.182210722927581	1E-30	1.09E-10	0.0556	1.40722159817637E-06	1.45608345922416E-11	5.80364614837111E-03	5.49E-7	1.96E-11	8.07E-3	7.80223981104062E-12	3.68043924005228E-11	5.64659235136193	1E10	1E-30	1E-10	1E10	1E-30	1E-10	1E10	1E-30	1E-10	1E10	1E-30	1E-10
18	1.36959670516611E-07	1E10	227272727.272727	1E-30	1.43602989910598E-10	1E10	1E-30	1E10	1.64641217929376E-02	4.13282927962896E-06	1E10	962.74810985045	4.88801710669904E-06	1E10	91.9417307113331	4.04029460591499E-06	1E10	9.6274810985045	3.31404275293718E-06	1E10	0.994126362380671	2.81201151951043E-06	1E10	0.112034948246917	2.15696066257197E-06	1E10	2.22440032820484E-02	1E-30	2.54870329541674E-11	0.218660892492324	1E-30	1.33903686395111E-10	6.69455003680123E-02	1.58335145111763E-06	7.07190757813401E-12	6.36966536737632E-03	5.41187133081966E-07	1.10893028657304E-11	1.08834465042616E-02	2.55354458179527E-12	8.73092922868055E-11	19.549959792625	1E10	1E-30	1E-10	1E10	1E-30	1E-10	1E10	1E-30	1E-10	1E10	1E-30	1E-10
19	1.36959670516611E-07	1E10	227272727.272727	1E-30	1.43602989910598E-10	1E10	1E-30	1E10	1.64641217929376E-02	4.13282927962896E-06	1E10	962.74810985045	4.88801710669904E-06	1E10	91.9417307113331	4.04029460591499E-06	1E10	9.6274810985045	3.31404275293718E-06	1E10	0.994126362380671	2.81201151951043E-06	1E10	0.112034948246917	2.15696066257197E-06	1E10	2.22440032820484E-02	1E-30	2.54870329541674E-11	0.218660892492324	1E-30	1.33903686395111E-10	6.69455003680123E-02	1.58335145111763E-06	7.07190757813401E-12	6.36966536737632E-03	5.41187133081966E-07	1.10893028657304E-11	1.08834465042616E-02	2.55354458179527E-12	8.73092922868055E-11	19.549959792625	1E10	1E-30	1E-10	1E10	1E-30	1E-10	1E10	1E-30	1E-10	1E10	1E-30	1E-10
20	2.1693811436352E-07	1E10	227272727.272727	1E-30	2.01554395497656E-10	1E10	1E-30	1E10	0.0172	2.14355061637851E-05	1E10	185.620696189559	2.95537882320015E-05	1E10	24.4695733567418	3.13114308109208E-05	1E10	3.61931512068541	3.80872049641675E-05	1E10	0.466258108165915	2.91378826055111E-05	1E10	0.103507864343909	1.59289667015797E-05	1E10	0.017702968766457	1E-30	2.96810847550817E-11	0.182210722927581	1E-30	1.09E-10	0.0556	1.40722159817637E-06	1.45608345922416E-11	5.80364614837111E-03	5.49E-7	1.96E-11	8.07E-3	7.80223981104062E-12	3.68043924005228E-11	5.64659235136193	1E10	1E-30	1E-10	1E10	1E-30	1E-10	1E10	1E-30	1E-10	1E10	1E-30	1E-10
21	2.1693811436352E-07	1E10	227272727.272727	1E-30	2.01554395497656E-10	1E10	1E-30	1E10	0.0172	2.14355061637851E-05	1E10	185.620696189559	2.95537882320015E-05	1E10	24.4695733567418	3.13114308109208E-05	1E10	3.61931512068541	3.80872049641675E-05	1E10	0.466258108165915	2.91378826055111E-05	1E10	0.103507864343909	1.59289667015797E-05	1E10	0.017702968766457	1E-30	2.96810847550817E-11	0.182210722927581	1E-30	1.09E-10	0.0556	1.40722159817637E-06	1.45608345922416E-11	5.80364614837111E-03	5.49E-7	1.96E-11	8.07E-3	7.80223981104062E-12	3.68043924005228E-11	5.64659235136193	1E10	1E-30	1E-10	1E10	1E-30	1E-10	1E10	1E-30	1E-10	1E10	1E-30	1E-10
22	1.38280210140489E-07	1E10	227272727.272727	1E-30	1.1220074269963E-10	1E10	1E-30	1E10	0.018391116169759	4.1605029208181E-06	1E10	700.229512406736	1.09432376628151E-05	1E10	59.5991973481276	5.1034836800597E-06	1E10	26.0159932312638	4.18761383364476E-06	1E10	3.93767991944196	3.53753767832719E-06	1E10	0.535918344431139	3.70564677047408E-06	1E10	7.58893141304753E-02	2.08676876363834E-06	1E10	2.47608701175307E-02	1E-30	1.7456323654661E-11	0.102332216224924	1E-30	9.10151931445384E-11	7.75745606152299E-02	6.6482977154866E-07	1.7010379920554E-11	7.72233914374143E-03	2.18830162724542E-07	2.85205767156378E-11	1.47179726371455E-02	1.52665244474793E-12	1.17809654929617E-10	26.7801100637819	1E10	1E-30	1E-10	1E10	1E-30	1E-10	1E10	1E-30	1E-10
23	1.36959670516611E-07	1E10	227272727.272727	1E-30	1.43602989910598E-10	1E10	1E-30	1E10	1.64641217929376E-02	4.13282927962896E-06	1E10	962.74810985045	4.88801710669904E-06	1E10	91.9417307113331	4.04029460591499E-06	1E10	9.6274810985045	3.31404275293718E-06	1E10	0.994126362380671	2.81201151951043E-06	1E10	0.112034948246917	2.15696066257197E-06	1E10	2.22440032820484E-02	1E-30	2.54870329541674E-11	0.218660892492324	1E-30	1.33903686395111E-10	6.69455003680123E-02	1.58335145111763E-06	7.07190757813401E-12	6.36966536737632E-03	5.41187133081966E-07	1.10893028657304E-11	1.08834465042616E-02	2.55354458179527E-12	8.73092922868055E-11	19.549959792625	1E10	1E-30	1E-10	1E10	1E-30	1E-10	1E10	1E-30	1E-10	1E10	1E-30	1E-10
24	1.36959670516611E-07	1E10	227272727.272727	1E-30	1.43602989910598E-10	1E10	1E-30	1E10	1.64641217929376E-02	4.13282927962896E-06	1E10	962.74810985045	4.88801710669904E-06	1E10	91.9417307113331	4.04029460591499E-06	1E10	9.6274810985045	3.31404275293718E-06	1E10	0.994126362380671	2.81201151951043E-06	1E10	0.112034948246917	2.15696066257197E-06	1E10	2.22440032820484E-02	1E-30	2.54870329541674E-11	0.218660892492324	1E-30	1.33903686395111E-10	6.69455003680123E-02	1.58335145111763E-06	7.07190757813401E-12	6.36966536737632E-03	5.41187133081966E-07	1.10893028657304E-11	1.08834465042616E-02	2.55354458179527E-12	8.73092922868055E-11	19.549959792625	1E10	1E-30	1E-10	1E10	1E-30	1E-10	1E10	1E-30	1E-10	1E10	1E-30	1E-10
25	1.36959670516611E-07	1E10	227272727.272727	1E-30	1.43602989910598E-10	1E10	1E-30	1E10	1.64641217929376E-02	4.13282927962896E-06	1E10	962.74810985045	4.88801710669904E-06	1E10	91.9417307113331	4.04029460591499E-06	1E10	9.6274810985045	3.31404275293718E-06	1E10	0.994126362380671	2.81201151951043E-06	1E10	0.112034948246917	2.15696066257197E-06	1E10	2.22440032820484E-02	1E-30	2.54870329541674E-11	0.218660892492324	1E-30	1.33903686395111E-10	6.69455003680123E-02	1.58335145111763E-06	7.07190757813401E-12	6.36966536737632E-03	5.41187133081966E-07	1.10893028657304E-11	1.08834465042616E-02	2.55354458179527E-12	8.73092922868055E-11	19.549959792625	1E10	1E-30	1E-10	1E10	1E-30	1E-10	1E10	1E-30	1E-10	1E10	1E-30	1E-10
26	1.38280210140489E-07	1E10	227272727.272727	1E-30	1.1220074269963E-10	1E10	1E-30	1E10	0.018391116169759	4.1605029208181E-06	1E10	700.229512406736	1.09432376628151E-05	1E10	59.5991973481276	5.1034836800597E-06	1E10	26.0159932312638	4.18761383364476E-06	1E10	3.93767991944196	3.53753767832719E-06	1E10	0.535918344431139	3.70564677047408E-06	1E10	7.58893141304753E-02	2.08676876363834E-06	1E10	2.47608701175307E-02	1E-30	1.7456323654661E-11	0.102332216224924	1E-30	9.10151931445384E-11	7.75745606152299E-02	6.6482977154866E-07	1.7010379920554E-11	7.72233914374143E-03	2.18830162724542E-07	2.85205767156378E-11	1.47179726371455E-02	1.52665244474793E-12	1.17809654929617E-10	26.7801100637819	1E10	1E-30	1E-10	1E10	1E-30	1E-10	1E10	1E-30	1E-10
27	4.44109158649847E-07	1E10	106382978.723404	1E-30	2.01310867516897E-10	1E10	1E-30	1E10	0.0112	3.69793795043146E-05	1E10	107.597088718948	6.06787808010282E-05	1E10	10.2754422004086	5.62761304455662E-05	1E10	1.86982309946808	7.20451881013627E-05	1E10	0.246490690078222	6.93646315443541E-05	1E10	4.64271189552959E-02	3.68E-5	1E10	0.0121	1E-30	1.41253754462275E-11	0.212758394593214	1E-30	2.75E-11	0.0999	1E-30	1.27E-10	0.042	2.84376031298141E-06	1.49517294806239E-11	3.68E-3	1.02E-6	2.6E-11	7.05E-3	4.09276720243281E-11	8.26437413164359E-12	0.776247116628692	1E10	1E-30	1E-10	1E10	1E-30	1E-10	1E10	1E-30	1E-10
28	2.77771187671448E-07	1E10	106382978.723404	1E-30	1.81071129439885E-10	1E10	1E-30	1E10	1.39836681087069E-02	8.14093590300121E-06	1E10	488.748913479412	1.13125259085368E-05	1E10	51.1782940133152	1.05208858223278E-05	1E10	6.90376190183248	1.13164505181679E-05	1E10	1.25627814604035	8.01943838150224E-06	1E10	0.304547993564424	6.8055869209198E-06	1E10	4.77348522565134E-02	4.47951410194325E-06	1E10	0.015089775612031	1E-30	2.56444702297419E-11	0.141484459618606	1E-30	1.10836788040706E-10	5.60803083710354E-02	1.59230949237867E-06	1.64150073611367E-11	6.03852493236791E-03	5.15710417531967E-07	2.30045778403447E-11	1.05211353485827E-02	3.03061704381949E-12	5.9207240183716E-11	8.81312402864619	1E10	1E-30	1E-10	1E10	1E-30	1E-10	1E10	1E-30	1E-10
29	4.44109158649847E-07	1E10	106382978.723404	1E-30	2.01310867516897E-10	1E10	1E-30	1E10	0.0112	3.69793795043146E-05	1E10	107.597088718948	6.06787808010282E-05	1E10	10.2754422004086	5.62761304455662E-05	1E10	1.86982309946808	7.20451881013627E-05	1E10	0.246490690078222	6.93646315443541E-05	1E10	4.64271189552959E-02	3.68E-5	1E10	0.0121	1E-30	1.41253754462275E-11	0.212758394593214	1E-30	2.75E-11	0.0999	1E-30	1.27E-10	0.042	2.84376031298141E-06	1.49517294806239E-11	3.68E-3	1.02E-6	2.6E-11	7.05E-3	4.09276720243281E-11	8.26437413164359E-12	0.776247116628692	1E10	1E-30	1E-10	1E10	1E-30	1E-10	1E10	1E-30	1E-10
30	4.44109158649847E-07	1E10	106382978.723404	1E-30	2.01310867516897E-10	1E10	1E-30	1E10	0.0112	3.69793795043146E-05	1E10	107.597088718948	6.06787808010282E-05	1E10	10.2754422004086	5.62761304455662E-05	1E10	1.86982309946808	7.20451881013627E-05	1E10	0.246490690078222	6.93646315443541E-05	1E10	4.64271189552959E-02	3.68E-5	1E10	0.0121	1E-30	1.41253754462275E-11	0.212758394593214	1E-30	2.75E-11	0.0999	1E-30	1.27E-10	0.042	2.84376031298141E-06	1.49517294806239E-11	3.68E-3	1.02E-6	2.6E-11	7.05E-3	4.09276720243281E-11	8.26437413164359E-12	0.776247116628692	1E10	1E-30	1E-10	1E10	1E-30	1E-10	1E10	1E-30	1E-10
31	2.77771187671448E-07	1E10	106382978.723404	1E-30	1.81071129439885E-10	1E10	1E-30	1E10	1.39836681087069E-02	8.14093590300121E-06	1E10	488.748913479412	1.13125259085368E-05	1E10	51.1782940133152	1.05208858223278E-05	1E10	6.90376190183248	1.13164505181679E-05	1E10	1.25627814604035	8.01943838150224E-06	1E10	0.304547993564424	6.8055869209198E-06	1E10	4.77348522565134E-02	4.47951410194325E-06	1E10	0.015089775612031	1E-30	2.56444702297419E-11	0.141484459618606	1E-30	1.10836788040706E-10	5.60803083710354E-02	1.59230949237867E-06	1.64150073611367E-11	6.03852493236791E-03	5.15710417531967E-07	2.30045778403447E-11	1.05211353485827E-02	3.03061704381949E-12	5.9207240183716E-11	8.81312402864619	1E10	1E-30	1E-10	1E10	1E-30	1E-10	1E10	1E-30	1E-10
32	2.77771187671448E-07	1E10	106382978.723404	1E-30	1.81071129439885E-10	1E10	1E-30	1E10	1.39836681087069E-02	8.14093590300121E-06	1E10	488.748913479412	1.13125259085368E-05	1E10	51.1782940133152	1.05208858223278E-05	1E10	6.90376190183248	1.13164505181679E-05	1E10	1.25627814604035	8.01943838150224E-06	1E10	0.304547993564424	6.8055869209198E-06	1E10	4.77348522565134E-02	4.47951410194325E-06	1E10	0.015089775612031	1E-30	2.56444702297419E-11	0.141484459618606	1E-30	1.10836788040706E-10	5.60803083710354E-02	1.59230949237867E-06	1.64150073611367E-11	6.03852493236791E-03	5.15710417531967E-07	2.30045778403447E-11	1.05211353485827E-02	3.03061704381949E-12	5.9207240183716E-11	8.81312402864619	1E10	1E-30	1E-10	1E10	1E-30	1E-10	1E10	1E-30	1E-10
33	2.77771187671448E-07	1E10	106382978.723404	1E-30	1.81071129439885E-10	1E10	1E-30	1E10	1.39836681087069E-02	8.14093590300121E-06	1E10	488.748913479412	1.13125259085368E-05	1E10	51.1782940133152	1.05208858223278E-05	1E10	6.90376190183248	1.13164505181679E-05	1E10	1.25627814604035	8.01943838150224E-06	1E10	0.304547993564424	6.8055869209198E-06	1E10	4.77348522565134E-02	4.47951410194325E-06	1E10	0.015089775612031	1E-30	2.56444702297419E-11	0.141484459618606	1E-30	1.10836788040706E-10	5.60803083710354E-02	1.59230949237867E-06	1.64150073611367E-11	6.03852493236791E-03	5.15710417531967E-07	2.30045778403447E-11	1.05211353485827E-02	3.03061704381949E-12	5.9207240183716E-11	8.81312402864619	1E10	1E-30	1E-10	1E10	1E-30	1E-10	1E10	1E-30	1E-10
34	2.77771187671448E-07	1E10	106382978.723404	1E-30	1.81071129439885E-10	1E10	1E-30	1E10	1.39836681087069E-02	8.14093590300121E-06	1E10	488.748913479412	1.13125259085368E-05	1E10	51.1782940133152	1.05208858223278E-05	1E10	6.90376190183248	1.13164505181679E-05	1E10	1.25627814604035	8.01943838150224E-06	1E10	0.304547993564424	6.8055869209198E-06	1E10	4.77348522565134E-02	4.47951410194325E-06	1E10	0.015089775612031	1E-30	2.56444702297419E-11	0.141484459618606	1E-30	1.10836788040706E-10	5.60803083710354E-02	1.59230949237867E-06	1.64150073611367E-11	6.03852493236791E-03	5.15710417531967E-07	2.30045778403447E-11	1.05211353485827E-02	3.03061704381949E-12	5.9207240183716E-11	8.81312402864619	1E10	1E-30	1E-10	1E10	1E-30	1E-10	1E10	1E-30	1E-10
35	8.59423635965154E-07	1E10	5E7	1E-30	1.41148924475576E-10	1E10	1E-30	1E10	8.69308486391589E-03	5.52188312422939E-06	1E10	1266.51887580913	2.83861665879299E-05	1E10	9.7181096244642	2.82301764529634E-05	1E10	0.967936070627964	2.1491369192351E-05	1E10	0.126934793483723	1.86396336897809E-05	1E10	1.52891272773453E-02	1E-30	3.48099255620954E-11	0.161477864460068	1E-30	1.32137150935142E-10	3.53885675526666E-02	1.8459696141917E-06	4.48420793252356E-11	5.54730741774949E-03	1.70091711660788E-06	2.36470802397016E-11	6.22597431646419E-03	6.57552294890468E-12	4.17693476294344E-11	7.73061070072247	1E10	1E-30	1E-10	1E10	1E-30	1E-10	1E10	1E-30	1E-10	1E10	1E-30	1E-10	1E10	1E-30	1E-10
36	8.35880119478757E-07	1E10	5E7	1E-30	1.16026439454283E-10	1E10	1E-30	1E10	0.010388096675612	2.58685865751976E-05	1E10	214.74654080344	3.91735782703151E-05	1E10	10.8581858276913	4.33059258417669E-05	1E10	0.962077171211619	3.90469733318475E-05	1E10	0.105845883708703	2.26322455604869E-05	1E10	1.84916478951307E-02	1E-30	3.29073799956752E-11	0.280703916961988	1E-30	2.43294204770305E-11	6.13709811992773E-02	1E-30	1.22236875085505E-10	3.09688084363055E-02	8.98041951735524E-07	5.27127444480245E-11	8.91358457357809E-03	2.52089274450945E-12	7.00955165304762E-11	11.6652250764981	1E10	1E-30	1E-10	1E10	1E-30	1E-10	1E10	1E-30	1E-10	1E10	1E-30	1E-10	1E10	1E-30	1E-10
37	5.56098645682095E-07	1E10	5E7	1E-30	1.54471002737278E-10	1E10	1E-30	1E10	1.05779380405818E-02	1.76637582028794E-05	1E10	122.796796262403	1.64933804580019E-05	1E10	17.1869537784448	1.46623072951822E-05	1E10	2.4109503435367	1.49297735105505E-05	1E10	0.302147614794933	1.14826406312851E-05	1E10	5.23504433593629E-02	1.38106366599942E-05	1E10	9.18047534654443E-03	1E-30	2.04737522044543E-11	0.23672090237667	1E-30	2.1900419706268E-11	6.72047463254707E-02	1E-30	1.20361555440113E-10	3.79508941700677E-02	4.54247433517528E-06	1.13763353299164E-11	3.84664619013823E-03	8.42439312153319E-07	3.21256577791183E-11	5.60045083834557E-03	7.38717456875134E-12	2.47224295809359E-11	4.09595598511572	1E10	1E-30	1E-10	1E10	1E-30	1E-10	1E10	1E-30	1E-10
38	6.72863011476734E-07	1E10	5E7	1E-30	1.81227505900078E-10	1E10	1E-30	1E10	9.31262159366351E-03	6.74609955137411E-05	1E10	35.7434294219427	7.54144016569578E-05	1E10	5.40213053490751	4.86881613505102E-05	1E10	1.62912405886866	3.71338724963273E-05	1E10	0.385941454003516	2.6143547268505E-05	1E10	7.29725865153704E-02	1.66443063203825E-05	1E10	1.36625243219252E-02	1E-30	9.71541533636119E-12	0.139954426115245	1E-30	3.24758209609827E-11	0.103957446619863	1E-30	1.44313390635668E-10	3.22536926300065E-02	4.59874805828583E-06	1.55089470800017E-11	3.8805243281079E-03	2.28097420555431E-06	1.65263715505881E-11	5.0957033612754E-03	2.71324520710669E-11	1.15263380967546E-11	1.73896908364826	1E10	1E-30	1E-10	1E10	1E-30	1E-10	1E10	1E-30	1E-10
39	6.72863011476734E-07	1E10	5E7	1E-30	1.81227505900078E-10	1E10	1E-30	1E10	9.31262159366351E-03	6.74609955137411E-05	1E10	35.7434294219427	7.54144016569578E-05	1E10	5.40213053490751	4.86881613505102E-05	1E10	1.62912405886866	3.71338724963273E-05	1E10	0.385941454003516	2.6143547268505E-05	1E10	7.29725865153704E-02	1.66443063203825E-05	1E10	1.36625243219252E-02	1E-30	9.71541533636119E-12	0.139954426115245	1E-30	3.24758209609827E-11	0.103957446619863	1E-30	1.44313390635668E-10	3.22536926300065E-02	4.59874805828583E-06	1.55089470800017E-11	3.8805243281079E-03	2.28097420555431E-06	1.65263715505881E-11	5.0957033612754E-03	2.71324520710669E-11	1.15263380967546E-11	1.73896908364826	1E10	1E-30	1E-10	1E10	1E-30	1E-10	1E10	1E-30	1E-10
40	8.35880119478757E-07	1E10	5E7	1E-30	1.16026439454283E-10	1E10	1E-30	1E10	0.010388096675612	2.58685865751976E-05	1E10	214.74654080344	3.91735782703151E-05	1E10	10.8581858276913	4.33059258417669E-05	1E10	0.962077171211619	3.90469733318475E-05	1E10	0.105845883708703	2.26322455604869E-05	1E10	1.84916478951307E-02	1E-30	3.29073799956752E-11	0.280703916961988	1E-30	2.43294204770305E-11	6.13709811992773E-02	1E-30	1.22236875085505E-10	3.09688084363055E-02	8.98041951735524E-07	5.27127444480245E-11	8.91358457357809E-03	2.52089274450945E-12	7.00955165304762E-11	11.6652250764981	1E10	1E-30	1E-10	1E10	1E-30	1E-10	1E10	1E-30	1E-10	1E10	1E-30	1E-10	1E10	1E-30	1E-10
41	7.82311764397032E-07	1E10	5E7	1E-30	1.77549543756947E-10	1E10	1E-30	1E10	1.41561974137735E-02	4.37192823522219E-06	1E10	1714.05933822985	3.27610703612431E-05	1E10	14.5524022909543	3.37507042509283E-05	1E10	1.32862500204225	3.13998472404469E-05	1E10	0.148476825090319	2.08694891639457E-05	1E10	2.26625226212072E-02	1E-30	3.37891720697957E-11	0.140981304727258	1E-30	1.10001373599567E-10	4.23974515588521E-02	5.33427138355582E-07	8.71411883426276E-11	1.33328793521498E-02	7.85908424236712E-12	4.0920938335542E-11	2.7136387855956	1E10	1E-30	1E-10	1E10	1E-30	1E-10	1E10	1E-30	1E-10	1E10	1E-30	1E-10	1E10	1E-30	1E-10	1E10	1E-30	1E-10
42	6.60640967154301E-07	1E10	5E7	1E-30	9.93384193888503E-11	1E10	1E-30	1E10	0.011150916507331	2.54952109088275E-06	1E10	2743.09133266552	1.18653702447182E-05	1E10	25.3519564450145	1.24757372877894E-05	1E10	2.42098742860652	9.90474005919978E-06	1E10	0.295231933993137	7.18502012570838E-06	1E10	3.13118361164074E-02	1E-30	3.53655259201143E-11	0.147558453823148	1E-30	1.21186548856108E-10	3.59620182473838E-02	1.95375481739142E-06	2.54326857338998E-11	5.15475622593598E-03	1.30182859416218E-06	2.16184878060282E-11	5.50894738389798E-03	1.40365652233255E-12	9.71732212126127E-11	18.4685683112096	1E10	1E-30	1E-10	1E10	1E-30	1E-10	1E10	1E-30	1E-10	1E10	1E-30	1E-10	1E10	1E-30	1E-10
43	5.56098645682095E-07	1E10	5E7	1E-30	1.54471002737278E-10	1E10	1E-30	1E10	1.05779380405818E-02	1.76637582028794E-05	1E10	122.796796262403	1.64933804580019E-05	1E10	17.1869537784448	1.46623072951822E-05	1E10	2.4109503435367	1.49297735105505E-05	1E10	0.302147614794933	1.14826406312851E-05	1E10	5.23504433593629E-02	1.38106366599942E-05	1E10	9.18047534654443E-03	1E-30	2.04737522044543E-11	0.23672090237667	1E-30	2.1900419706268E-11	6.72047463254707E-02	1E-30	1.20361555440113E-10	3.79508941700677E-02	4.54247433517528E-06	1.13763353299164E-11	3.84664619013823E-03	8.42439312153319E-07	3.21256577791183E-11	5.60045083834557E-03	7.38717456875134E-12	2.47224295809359E-11	4.09595598511572	1E10	1E-30	1E-10	1E10	1E-30	1E-10	1E10	1E-30	1E-10
44	6.72863011476734E-07	1E10	5E7	1E-30	1.81227505900078E-10	1E10	1E-30	1E10	9.31262159366351E-03	6.74609955137411E-05	1E10	35.7434294219427	7.54144016569578E-05	1E10	5.40213053490751	4.86881613505102E-05	1E10	1.62912405886866	3.71338724963273E-05	1E10	0.385941454003516	2.6143547268505E-05	1E10	7.29725865153704E-02	1.66443063203825E-05	1E10	1.36625243219252E-02	1E-30	9.71541533636119E-12	0.139954426115245	1E-30	3.24758209609827E-11	0.103957446619863	1E-30	1.44313390635668E-10	3.22536926300065E-02	4.59874805828583E-06	1.55089470800017E-11	3.8805243281079E-03	2.28097420555431E-06	1.65263715505881E-11	5.0957033612754E-03	2.71324520710669E-11	1.15263380967546E-11	1.73896908364826	1E10	1E-30	1E-10	1E10	1E-30	1E-10	1E10	1E-30	1E-10
45	1.7339021579238E-06	1E10	22727272.7272727	1E-30	1.78896783714283E-10	1E10	1E-30	1E10	6.34586454200836E-03	5.99923270611639E-05	1E10	85.7369052068733	9.14415324532643E-05	1E10	5.82268392878056	8.03439027485901E-05	1E10	0.940458964388421	7.76088576946338E-05	1E10	0.14677394786731	7.79155657208395E-05	1E10	2.69251896508937E-02	4.69488429584249E-05	1E10	8.75140427768972E-03	1E-30	1.90098136632731E-11	0.211955656489092	1E-30	3.14068794278873E-11	6.04197208008966E-02	1E-30	1.38253604158527E-10	2.71129339432493E-02	6.23892506223399E-06	3.27406391220869E-11	4.66956894803331E-03	2.47394707934384E-06	3.93077215299621E-11	6.91477042323453E-03	4.51149616945011E-11	8.51532025874297E-12	0.919071641493577	1E10	1E-30	1E-10	1E10	1E-30	1E-10	1E10	1E-30	1E-10
46	1.7339021579238E-06	1E10	22727272.7272727	1E-30	1.78896783714283E-10	1E10	1E-30	1E10	6.34586454200836E-03	5.99923270611639E-05	1E10	85.7369052068733	9.14415324532643E-05	1E10	5.82268392878056	8.03439027485901E-05	1E10	0.940458964388421	7.76088576946338E-05	1E10	0.14677394786731	7.79155657208395E-05	1E10	2.69251896508937E-02	4.69488429584249E-05	1E10	8.75140427768972E-03	1E-30	1.90098136632731E-11	0.211955656489092	1E-30	3.14068794278873E-11	6.04197208008966E-02	1E-30	1.38253604158527E-10	2.71129339432493E-02	6.23892506223399E-06	3.27406391220869E-11	4.66956894803331E-03	2.47394707934384E-06	3.93077215299621E-11	6.91477042323453E-03	4.51149616945011E-11	8.51532025874297E-12	0.919071641493577	1E10	1E-30	1E-10	1E10	1E-30	1E-10	1E10	1E-30	1E-10
47	1.7339021579238E-06	1E10	22727272.7272727	1E-30	1.78896783714283E-10	1E10	1E-30	1E10	6.34586454200836E-03	5.99923270611639E-05	1E10	85.7369052068733	9.14415324532643E-05	1E10	5.82268392878056	8.03439027485901E-05	1E10	0.940458964388421	7.76088576946338E-05	1E10	0.14677394786731	7.79155657208395E-05	1E10	2.69251896508937E-02	4.69488429584249E-05	1E10	8.75140427768972E-03	1E-30	1.90098136632731E-11	0.211955656489092	1E-30	3.14068794278873E-11	6.04197208008966E-02	1E-30	1.38253604158527E-10	2.71129339432493E-02	6.23892506223399E-06	3.27406391220869E-11	4.66956894803331E-03	2.47394707934384E-06	3.93077215299621E-11	6.91477042323453E-03	4.51149616945011E-11	8.51532025874297E-12	0.919071641493577	1E10	1E-30	1E-10	1E10	1E-30	1E-10	1E10	1E-30	1E-10
48	1.7339021579238E-06	1E10	22727272.7272727	1E-30	1.78896783714283E-10	1E10	1E-30	1E10	6.34586454200836E-03	5.99923270611639E-05	1E10	85.7369052068733	9.14415324532643E-05	1E10	5.82268392878056	8.03439027485901E-05	1E10	0.940458964388421	7.76088576946338E-05	1E10	0.14677394786731	7.79155657208395E-05	1E10	2.69251896508937E-02	4.69488429584249E-05	1E10	8.75140427768972E-03	1E-30	1.90098136632731E-11	0.211955656489092	1E-30	3.14068794278873E-11	6.04197208008966E-02	1E-30	1.38253604158527E-10	2.71129339432493E-02	6.23892506223399E-06	3.27406391220869E-11	4.66956894803331E-03	2.47394707934384E-06	3.93077215299621E-11	6.91477042323453E-03	4.51149616945011E-11	8.51532025874297E-12	0.919071641493577	1E10	1E-30	1E-10	1E10	1E-30	1E-10	1E10	1E-30	1E-10
49	1.7339021579238E-06	1E10	22727272.7272727	1E-30	1.78896783714283E-10	1E10	1E-30	1E10	6.34586454200836E-03	5.99923270611639E-05	1E10	85.7369052068733	9.14415324532643E-05	1E10	5.82268392878056	8.03439027485901E-05	1E10	0.940458964388421	7.76088576946338E-05	1E10	0.14677394786731	7.79155657208395E-05	1E10	2.69251896508937E-02	4.69488429584249E-05	1E10	8.75140427768972E-03	1E-30	1.90098136632731E-11	0.211955656489092	1E-30	3.14068794278873E-11	6.04197208008966E-02	1E-30	1.38253604158527E-10	2.71129339432493E-02	6.23892506223399E-06	3.27406391220869E-11	4.66956894803331E-03	2.47394707934384E-06	3.93077215299621E-11	6.91477042323453E-03	4.51149616945011E-11	8.51532025874297E-12	0.919071641493577	1E10	1E-30	1E-10	1E10	1E-30	1E-10	1E10	1E-30	1E-10
END DSCRDATA
