BEGIN DSCRDATA
% INDEX	K01	L01	M01	K02	L02	M02	K03	L03	M03	K04	L04	M04	K05	L05	M05	K06	L06	M06	K07	L07	M07	K08	L08	M08	K09	L09	M09	K10	L10	M10	K11	L11	M11	K12	L12	M12	K13	L13	M13	K14	L14	M14	K15	L15	M15	K16	L16	M16	K17	L17	M17	K18	L18	M18
0	0	0	0	0	0	0	0	0	0	0	0	0	0	0	0	0	0	0	0	0	0	0	0	0	0	0	0	0	0	0	0	0	0	0	0	0	0	0	0	0	0	0	0	0	0	0	0	0	0	0	0	0	0	0
1	9.69250658556823E-08	1E10	1E9	1E-30	2.61499194019534E-12	1E10	1E-30	1E10	4.81704031320967E-04	1.31520779814797E-05	1E10	5.97240634387371E-02	1E-30	1.41408042190208E-10	1.99430775563366E-02	1E-30	6.71314382525725E-09	1.91521963870906E-02	3.44963646112951E-07	3.52473050812253E-11	4.30952884067854E-02	6.76327922424885E-08	5.10228771004933E-11	5.21478049238598E-02	1.20475898529422E-08	4.97949409421941E-11	5.28452805986288E-02	5.31021083216166E-12	1.01386234768018E-09	149.424217764137	6.76906052697423E-12	4.70768734532549E-10	54.4237726534875	1.57506375657491E-11	5.89137486481924E-11	5.6407278741783	1E10	1E-30	1E-10	1E10	1E-30	1E-10	1E10	1E-30	1E-10	1E10	1E-30	1E-10	1E10	1E-30	1E-10	1E10	1E-30	1E-10
2	1.28850285636511E-07	1E10	1E10	1E-30	3.03028479436122E-10	1E10	1E-30	1E10	1.19523753980804E-02	2.89098822352374E-05	1E10	5.01187233627267E-02	1E-30	1.83393411540003E-10	9.12010839355899E-02	1E-30	3.95465392282496E-12	2.51188643150955E-02	1E-30	2.98489197319049E-10	8.91250938133735E-03	3.12360687435147E-07	1.05015224806735E-10	0.159261915393512	1.52864555973923E-07	7.79608793976459E-11	0.162307910615642	2.84141760576267E-07	1.94944655780252E-11	2.44599616049681E-02	2.088740897687E-07	1.546734519672E-11	3.92072138549476E-02	4.05074539248573E-12	9.63100355995957E-10	202.58455759999	1E10	1E-30	1E-10	1E10	1E-30	1E-10	1E10	1E-30	1E-10	1E10	1E-30	1E-10	1E10	1E-30	1E-10	1E10	1E-30	1E-10
3	1.47366748392422E-07	1E10	666666666.666667	1E-30	1.62550162520615E-11	1E10	1E-30	1E10	1.62187852617313E-02	3.81724957597607E-05	1E10	3.95221668838411E-02	1E-30	1.38242321873276E-10	0.136600932750993	1E-30	2.17621343916467E-10	1.43469619698425E-02	5.70032291418929E-07	4.02796464770139E-11	4.50637264096812E-02	7.84943338134968E-08	8.35699862357326E-11	4.81097156326211E-02	3.94742512757158E-12	1.14189477444776E-09	263.053030505601	1.49956919510318E-11	2.01038500606616E-10	28.1534600733203	1E10	1E-30	1E-10	1E10	1E-30	1E-10	1E10	1E-30	1E-10	1E10	1E-30	1E-10	1E10	1E-30	1E-10	1E10	1E-30	1E-10	1E10	1E-30	1E-10	1E10	1E-30	1E-10
4	2.20356835740431E-07	1E10	454545454.545455	1E-30	3.16213496434584E-11	1E10	1E-30	1E10	1.23359299350687E-02	5.81546920947657E-05	1E10	3.61605585321646E-02	1E-30	2.58407441461675E-10	9.32981574043615E-02	1E-30	7.75449336770588E-12	0.062141107920158	1E-30	3.11453560040406E-10	7.19163363828694E-03	6.94936297298041E-07	6.63487627906743E-11	6.10533626603058E-02	2.67909152268825E-07	5.79151512763058E-11	4.98939545073794E-02	6.06419216439804E-12	7.61674852330808E-10	144.865130618979	5.82370648474142E-12	5.23420739607231E-10	66.7069023015441	1E10	1E-30	1E-10	1E10	1E-30	1E-10	1E10	1E-30	1E-10	1E10	1E-30	1E-10	1E10	1E-30	1E-10	1E10	1E-30	1E-10	1E10	1E-30	1E-10
5	2.18864434153935E-07	1E10	454545454.545455	1E-30	1.75295835486652E-12	1E10	1E-30	1E10	2.55245948716621E-03	2.58078648512241E-05	1E10	2.91189929457625E-02	1E-30	8.10595328119978E-11	8.96674420781313E-02	1E-30	1.49759806498111E-10	1.44277823939661E-02	1E-30	4.5975200611888E-09	1.41621024023779E-02	1.03453759380545E-06	2.62642041107484E-11	1.95411547456115E-02	9.78068930056956E-08	7.14980032264457E-11	4.07007416750422E-02	7.18756041683641E-12	7.93126066904794E-10	110.839599460229	4.53226557005063E-12	6.81816749285857E-10	109.441727142372	1E10	1E-30	1E-10	1E10	1E-30	1E-10	1E10	1E-30	1E-10	1E10	1E-30	1E-10	1E10	1E-30	1E-10	1E10	1E-30	1E-10	1E10	1E-30	1E-10
6	2.25696978427754E-07	1E10	1E10	1E-30	3.94174904163912E-10	1E10	1E-30	1E10	1.02024355436598E-02	6.77713789833491E-05	1E10	2.13796208950221E-02	1E-30	2.05153873105957E-12	0.093325430079698	1E-30	3.16896403628158E-10	7.76247116628682E-02	1E-30	4.4570256345797E-10	7.41310241300908E-03	5.72261047907592E-07	1.05158524706497E-10	0.106247928251169	2.82998771146086E-07	7.44602324262392E-11	0.107953665989957	4.17196337796869E-12	8.9302990539958E-10	228.783994058532	1E10	1E-30	1E-10	1E10	1E-30	1E-10	1E10	1E-30	1E-10	1E10	1E-30	1E-10	1E10	1E-30	1E-10	1E10	1E-30	1E-10	1E10	1E-30	1E-10	1E10	1E-30	1E-10
7	2.57215922260524E-07	1E10	370370370.37037	1E-30	3.38682478247928E-12	1E10	1E-30	1E10	1.75251918732121E-03	3.47485810724128E-05	1E10	2.31734850325984E-02	1E-30	1.4821042204807E-11	9.24041314749209E-02	1E-30	3.38687052215716E-10	8.09756798327817E-02	1E-30	3.08135852456961E-09	1.13164463644465E-02	1E-30	5.12474752011543E-11	2.01586821271709E-03	7.89577740014172E-07	7.83740891416489E-11	0.074769314527038	5.09845173028201E-07	4.36479957317766E-11	6.58354311821938E-02	3.31192102607355E-12	1.12800489939225E-09	427.947463082893	2.02296246739896E-11	1.00051292551072E-10	9.63676618340866	1E10	1E-30	1E-10	1E10	1E-30	1E-10	1E10	1E-30	1E-10	1E10	1E-30	1E-10	1E10	1E-30	1E-10	1E10	1E-30	1E-10
8	3.22459385595558E-07	1E10	303030303.030303	1E-30	7.60306164463411E-12	1E10	1E-30	1E10	1.07164305800078E-02	8.68496608397826E-05	1E10	2.92529218074113E-02	1E-30	5.36149352193801E-11	0.354240862044504	1E-30	2.13116966963132E-10	7.92909198488002E-02	1E-30	2.61047444895721E-10	6.78000363360357E-03	8.95034669925219E-07	6.3118060058542E-11	4.25607120503733E-02	3.15309899350285E-07	5.77696542280198E-11	4.72309660040735E-02	4.81976882153528E-12	8.95079105948337E-10	168.967083058311	8.84735303177652E-12	3.51853937121336E-10	58.2901193540617	1E10	1E-30	1E-10	1E10	1E-30	1E-10	1E10	1E-30	1E-10	1E10	1E-30	1E-10	1E10	1E-30	1E-10	1E10	1E-30	1E-10	1E10	1E-30	1E-10
9	3.22459385595558E-07	1E10	303030303.030303	1E-30	7.60306164463411E-12	1E10	1E-30	1E10	1.07164305800078E-02	8.68496608397826E-05	1E10	2.92529218074113E-02	1E-30	5.36149352193801E-11	0.354240862044504	1E-30	2.13116966963132E-10	7.92909198488002E-02	1E-30	2.61047444895721E-10	6.78000363360357E-03	8.95034669925219E-07	6.3118060058542E-11	4.25607120503733E-02	3.15309899350285E-07	5.77696542280198E-11	4.72309660040735E-02	4.81976882153528E-12	8.95079105948337E-10	168.967083058311	8.84735303177652E-12	3.51853937121336E-10	58.2901193540617	1E10	1E-30	1E-10	1E10	1E-30	1E-10	1E10	1E-30	1E-10	1E10	1E-30	1E-10	1E10	1E-30	1E-10	1E10	1E-30	1E-10	1E10	1E-30	1E-10
10	4.33832641200126E-07	1E10	212765957.446809	1E-30	3.12721901171668E-12	1E10	1E-30	1E10	9.13717875234345E-03	1.50691137269255E-04	1E10	1.54141188522281E-02	1E-30	2.41116980447171E-10	8.39120161051039E-02	1E-30	3.26751642284168E-10	8.79357014993091E-03	1.2657832654162E-06	6.79374691616799E-11	5.37956023537885E-02	4.32155317121009E-07	7.06163214988854E-11	4.31584776526922E-02	4.6938809600426E-12	7.62762965976203E-10	338.309742078828	6.53347114470173E-12	4.3426735539605E-10	53.7616984320601	1E10	1E-30	1E-10	1E10	1E-30	1E-10	1E10	1E-30	1E-10	1E10	1E-30	1E-10	1E10	1E-30	1E-10	1E10	1E-30	1E-10	1E10	1E-30	1E-10	1E10	1E-30	1E-10
11	4.36941177414189E-07	1E10	212765957.446809	1E-30	7.35746293963617E-12	1E10	1E-30	1E10	7.89957296839817E-03	1.3588504046363E-04	1E10	1.74615216231072E-02	1E-30	1.34458600130479E-11	8.38303406244995E-02	1E-30	2.90872786612661E-10	7.33536077652689E-02	1E-30	4.51761913025838E-10	8.54133784080505E-03	8.21202067477172E-07	2.5129630209622E-10	0.138146016539561	8.64779796102907E-07	5.71802709087484E-11	6.35287636864068E-02	1.32920472009496E-06	2.65787128731809E-11	2.26381737090576E-02	5.46123323836973E-07	2.73369223704218E-11	3.85117159138369E-02	4.83234968331488E-12	8.68237912539936E-10	184.139589397528	6.80112003557766E-12	4.28025817309833E-10	42.3437982761324	1E10	1E-30	1E-10	1E10	1E-30	1E-10	1E10	1E-30	1E-10	1E10	1E-30	1E-10	1E10	1E-30	1E-10
12	4.47178712094479E-07	1E10	212765957.446809	1E-30	1.66338419074093E-11	1E10	1E-30	1E10	2.02121253580982E-03	5.35975383954137E-05	1E10	1.46554405898672E-02	1E-30	4.29801543029893E-11	0.267966569026953	1E-30	2.86901075286799E-10	7.74680139045472E-02	1E-30	3.04082932306405E-09	9.59175219387065E-03	1E-30	1.47562863819772E-10	3.06852097545262E-03	1.31610352127775E-06	7.37201929445739E-11	5.49038579860374E-02	4.82580866308872E-07	6.98061065203079E-11	4.80243610558529E-02	3.31765943570355E-12	1.09455000715375E-09	630.077513057202	1E10	1E-30	1E-10	1E10	1E-30	1E-10	1E10	1E-30	1E-10	1E10	1E-30	1E-10	1E10	1E-30	1E-10	1E10	1E-30	1E-10	1E10	1E-30	1E-10
13	4.47178712094479E-07	1E10	212765957.446809	1E-30	1.66338419074093E-11	1E10	1E-30	1E10	2.02121253580982E-03	5.35975383954137E-05	1E10	1.46554405898672E-02	1E-30	4.29801543029893E-11	0.267966569026953	1E-30	2.86901075286799E-10	7.74680139045472E-02	1E-30	3.04082932306405E-09	9.59175219387065E-03	1E-30	1.47562863819772E-10	3.06852097545262E-03	1.31610352127775E-06	7.37201929445739E-11	5.49038579860374E-02	4.82580866308872E-07	6.98061065203079E-11	4.80243610558529E-02	3.31765943570355E-12	1.09455000715375E-09	630.077513057202	1E10	1E-30	1E-10	1E10	1E-30	1E-10	1E10	1E-30	1E-10	1E10	1E-30	1E-10	1E10	1E-30	1E-10	1E10	1E-30	1E-10	1E10	1E-30	1E-10
14	5.75874050364499E-07	1E10	1E10	1E-30	5.6956238052601E-13	1E10	1E-30	1E10	7.62607063377751E-03	2.09433582927392E-04	1E10	6.91830970918928E-03	1E-30	2.85284895202333E-10	6.02559586074352E-02	1E-30	6.74810600437991E-10	6.91830970918928E-03	1.73871616132991E-06	6.13787914646189E-11	2.93202545928591E-02	6.10698105322313E-07	5.62447594539096E-11	3.07387819957251E-02	5.26410309775638E-12	8.38695254464533E-10	165.192465690902	4.80558602268533E-11	8.48391934916528E-11	185.250117220905	1.8695899109781E-11	1.98882482051635E-10	45.4735114373853	1.51965973235552E-11	2.03515050170841E-10	40.5283097288052	1E10	1E-30	1E-10	1E10	1E-30	1E-10	1E10	1E-30	1E-10	1E10	1E-30	1E-10	1E10	1E-30	1E-10	1E10	1E-30	1E-10
15	5.26192227021795E-07	1E10	178571428.571429	1E-30	1.06878045070449E-11	1E10	1E-30	1E10	7.82245802157079E-03	1.96093846575627E-04	1E10	8.09674504435831E-03	1E-30	6.05897801157329E-11	0.469890811939194	1E-30	2.67099856469384E-10	8.40650418380322E-02	1E-30	4.62260628382486E-10	8.64187147553778E-03	8.98748075894781E-07	2.7579516282827E-10	0.130223780394919	8.23765258920969E-07	8.0286808174229E-11	6.08273618462292E-02	1.38268950757017E-06	3.13531673077313E-11	2.41365541827187E-02	4.34019979060145E-07	4.64950078595416E-11	2.78315147702056E-02	3.43498377016735E-12	1.08496546839905E-09	403.137887646862	2.47665451003319E-11	9.25885680701388E-11	13.1468194545447	1E10	1E-30	1E-10	1E10	1E-30	1E-10	1E10	1E-30	1E-10	1E10	1E-30	1E-10	1E10	1E-30	1E-10
16	5.42202487930938E-07	1E10	178571428.571429	1E-30	5.12539909954883E-12	1E10	1E-30	1E10	8.38099243544718E-03	2.10085765175057E-04	1E10	7.73353050666146E-03	1E-30	3.05318783320091E-10	6.35783908314228E-02	1E-30	1.35218962567494E-12	1.48851291895352E-02	1E-30	3.48643829928977E-10	6.98951170466798E-03	1.52663720091187E-06	8.97317244834345E-11	5.36004741221899E-02	6.8810661632106E-07	7.01652523024932E-11	4.57086980298688E-02	4.3716848212568E-12	9.11859521380599E-10	164.002113207356	1.10888101906713E-11	2.87849484169966E-10	43.1007971321147	1E10	1E-30	1E-10	1E10	1E-30	1E-10	1E10	1E-30	1E-10	1E10	1E-30	1E-10	1E10	1E-30	1E-10	1E10	1E-30	1E-10	1E10	1E-30	1E-10
17	5.71442441959676E-07	1E10	1E10	1E-30	1.69241080104051E-10	1E10	1E-30	1E10	7.27764845722332E-03	1.82409025243805E-04	1E10	7.94328234724272E-03	1E-30	3.16677180221092E-10	5.88843655355583E-02	1E-30	4.46673832439241E-12	7.67041863276168E-03	1E-30	6.30796630545492E-10	5.81911850515112E-03	2.22071309732709E-06	4.85175541440734E-11	3.04833678342683E-02	7.925813256944E-07	4.67609330695799E-11	3.33370763200807E-02	3.762999219356E-12	1.12045506412515E-09	246.474313680275	1E10	1E-30	1E-10	1E10	1E-30	1E-10	1E10	1E-30	1E-10	1E10	1E-30	1E-10	1E10	1E-30	1E-10	1E10	1E-30	1E-10	1E10	1E-30	1E-10	1E10	1E-30	1E-10
18	5.42202487930938E-07	1E10	178571428.571429	1E-30	5.12539909954883E-12	1E10	1E-30	1E10	8.38099243544718E-03	2.10085765175057E-04	1E10	7.73353050666146E-03	1E-30	3.05318783320091E-10	6.35783908314228E-02	1E-30	1.35218962567494E-12	1.48851291895352E-02	1E-30	3.48643829928977E-10	6.98951170466798E-03	1.52663720091187E-06	8.97317244834345E-11	5.36004741221899E-02	6.8810661632106E-07	7.01652523024932E-11	4.57086980298688E-02	4.3716848212568E-12	9.11859521380599E-10	164.002113207356	1.10888101906713E-11	2.87849484169966E-10	43.1007971321147	1E10	1E-30	1E-10	1E10	1E-30	1E-10	1E10	1E-30	1E-10	1E10	1E-30	1E-10	1E10	1E-30	1E-10	1E10	1E-30	1E-10	1E10	1E-30	1E-10
19	6.52748387475453E-07	1E10	147058823.529412	1E-30	9.93965295333356E-12	1E10	1E-30	1E10	0.014820828687077	8.72274395778813E-05	1E10	1.57215896603554E-02	1E-30	1.84775612679121E-10	6.48332762487276E-02	1E-30	1.30327172566268E-10	6.70409248320353E-03	1.77467468423879E-06	5.03944433019956E-11	1.05747965633434E-02	3.78984942290363E-07	6.44852559453136E-11	1.70530742303231E-02	4.24727108186443E-12	9.64621733669504E-10	183.567317206692	8.24767938604603E-12	3.93259174874987E-10	42.74181210387	6.62832864421398E-11	3.73321028557585E-11	14.1046760752718	1E10	1E-30	1E-10	1E10	1E-30	1E-10	1E10	1E-30	1E-10	1E10	1E-30	1E-10	1E10	1E-30	1E-10	1E10	1E-30	1E-10	1E10	1E-30	1E-10
20	6.48568618135455E-07	1E10	147058823.529412	1E-30	1.13093875074233E-11	1E10	1E-30	1E10	8.14478845869506E-03	1.9595271416673E-04	1E10	6.3484993992724E-03	1E-30	2.39057226858503E-11	0.193240161599016	1E-30	1.93550902156518E-10	7.46603561369585E-02	1E-30	6.56961190166229E-10	1.04858564309304E-02	1.41107351470451E-06	1.87756871748308E-10	8.37444300720487E-02	5.34094604561537E-07	1.04036863948892E-10	4.59647218982271E-02	3.44672987599547E-07	4.88657360445661E-11	2.68754771122691E-02	4.86769819861425E-12	8.17119889465383E-10	136.484916337626	7.38101079672518E-12	4.07937829034996E-10	70.5019617371473	1E10	1E-30	1E-10	1E10	1E-30	1E-10	1E10	1E-30	1E-10	1E10	1E-30	1E-10	1E10	1E-30	1E-10	1E10	1E-30	1E-10
21	6.52748387475453E-07	1E10	147058823.529412	1E-30	9.93965295333356E-12	1E10	1E-30	1E10	0.014820828687077	8.72274395778813E-05	1E10	1.57215896603554E-02	1E-30	1.84775612679121E-10	6.48332762487276E-02	1E-30	1.30327172566268E-10	6.70409248320353E-03	1.77467468423879E-06	5.03944433019956E-11	1.05747965633434E-02	3.78984942290363E-07	6.44852559453136E-11	1.70530742303231E-02	4.24727108186443E-12	9.64621733669504E-10	183.567317206692	8.24767938604603E-12	3.93259174874987E-10	42.74181210387	6.62832864421398E-11	3.73321028557585E-11	14.1046760752718	1E10	1E-30	1E-10	1E10	1E-30	1E-10	1E10	1E-30	1E-10	1E10	1E-30	1E-10	1E10	1E-30	1E-10	1E10	1E-30	1E-10	1E10	1E-30	1E-10
22	6.48568618135455E-07	1E10	147058823.529412	1E-30	1.13093875074233E-11	1E10	1E-30	1E10	8.14478845869506E-03	1.9595271416673E-04	1E10	6.3484993992724E-03	1E-30	2.39057226858503E-11	0.193240161599016	1E-30	1.93550902156518E-10	7.46603561369585E-02	1E-30	6.56961190166229E-10	1.04858564309304E-02	1.41107351470451E-06	1.87756871748308E-10	8.37444300720487E-02	5.34094604561537E-07	1.04036863948892E-10	4.59647218982271E-02	3.44672987599547E-07	4.88657360445661E-11	2.68754771122691E-02	4.86769819861425E-12	8.17119889465383E-10	136.484916337626	7.38101079672518E-12	4.07937829034996E-10	70.5019617371473	1E10	1E-30	1E-10	1E10	1E-30	1E-10	1E10	1E-30	1E-10	1E10	1E-30	1E-10	1E10	1E-30	1E-10	1E10	1E-30	1E-10
23	9.82868323997297E-07	1E10	1E8	1E-30	9.06520106851593E-11	1E10	1E-30	1E10	5.49422389206501E-03	3.96391561797101E-04	1E10	8.74047604298953E-02	3.44544672004939E-04	1E10	9.28061651922817E-03	1E-30	2.98892325721921E-11	0.18634914725427	1E-30	1.62396336518993E-10	8.10038565941112E-02	1E-30	4.13914610347732E-10	4.58457611600692E-03	1E-30	6.13848961347486E-10	2.60604577257383E-03	2.21562705055044E-06	1.18584921774226E-10	0.042913588841895	1.23593163223512E-06	7.72281760857345E-11	3.79310344597252E-02	1.44842882407119E-07	1.80075260160554E-10	0.029239724647771	3.50550981621512E-12	1.11561909265534E-09	520.855139629956	1E10	1E-30	1E-10	1E10	1E-30	1E-10	1E10	1E-30	1E-10	1E10	1E-30	1E-10	1E10	1E-30	1E-10
24	9.2421861187791E-07	1E10	1E9	1E-30	4.97015509568213E-11	1E10	1E-30	1E10	3.06653269824793E-03	1.4638002664859E-04	1E10	6.29999992480758E-03	1E-30	3.19911304284663E-11	0.199453761840349	1E-30	2.4469154281276E-10	0.057441316981526	1E-30	2.99474067435294E-10	1.44833725187525E-02	1E-30	1.8587560850229E-09	6.09037174660172E-03	1.95312799270899E-06	1.88765543074261E-10	8.98876448001685E-02	1.4509172578637E-06	7.47291712855111E-11	4.95118448053822E-02	3.66661166479233E-06	1.75095899429087E-11	1.71173446314509E-02	1.20321171913178E-06	2.8363605977543E-11	2.10211592470402E-02	3.24460469661101E-12	1.03437408713953E-09	389.239147578481	1E10	1E-30	1E-10	1E10	1E-30	1E-10	1E10	1E-30	1E-10	1E10	1E-30	1E-10	1E10	1E-30	1E-10
25	9.82868323997297E-07	1E10	1E8	1E-30	9.06520106851593E-11	1E10	1E-30	1E10	5.49422389206501E-03	3.96391561797101E-04	1E10	8.74047604298953E-02	3.44544672004939E-04	1E10	9.28061651922817E-03	1E-30	2.98892325721921E-11	0.18634914725427	1E-30	1.62396336518993E-10	8.10038565941112E-02	1E-30	4.13914610347732E-10	4.58457611600692E-03	1E-30	6.13848961347486E-10	2.60604577257383E-03	2.21562705055044E-06	1.18584921774226E-10	0.042913588841895	1.23593163223512E-06	7.72281760857345E-11	3.79310344597252E-02	1.44842882407119E-07	1.80075260160554E-10	0.029239724647771	3.50550981621512E-12	1.11561909265534E-09	520.855139629956	1E10	1E-30	1E-10	1E10	1E-30	1E-10	1E10	1E-30	1E-10	1E10	1E-30	1E-10	1E10	1E-30	1E-10
26	9.2421861187791E-07	1E10	1E9	1E-30	4.97015509568213E-11	1E10	1E-30	1E10	3.06653269824793E-03	1.4638002664859E-04	1E10	6.29999992480758E-03	1E-30	3.19911304284663E-11	0.199453761840349	1E-30	2.4469154281276E-10	0.057441316981526	1E-30	2.99474067435294E-10	1.44833725187525E-02	1E-30	1.8587560850229E-09	6.09037174660172E-03	1.95312799270899E-06	1.88765543074261E-10	8.98876448001685E-02	1.4509172578637E-06	7.47291712855111E-11	4.95118448053822E-02	3.66661166479233E-06	1.75095899429087E-11	1.71173446314509E-02	1.20321171913178E-06	2.8363605977543E-11	2.10211592470402E-02	3.24460469661101E-12	1.03437408713953E-09	389.239147578481	1E10	1E-30	1E-10	1E10	1E-30	1E-10	1E10	1E-30	1E-10	1E10	1E-30	1E-10	1E10	1E-30	1E-10
27	1.0964122499348E-06	1E10	83333333.3333333	1E-30	1.75554906446813E-11	1E10	1E-30	1E10	6.75815422857686E-03	5.89051984372582E-04	1E10	6.22190300658687E-02	6.80783735459088E-04	1E10	1.42929389275146E-02	8.88854474485487E-04	1E10	2.83054940294082E-03	1E-30	4.11047145277386E-11	0.256273843159851	1E-30	3.19664101719389E-10	6.06234665637818E-02	1E-30	5.48686074351411E-10	8.54419893696755E-03	2.11401976956591E-06	2.65927722437597E-10	8.67620967653878E-02	2.03568158928968E-06	7.8817209743805E-11	4.81586643900018E-02	2.43850163562444E-06	4.27390177572422E-11	2.32237181114306E-02	1.0355131872216E-06	4.568929474217E-11	2.15685618497683E-02	3.88831144294802E-12	1.01168130297321E-09	292.789837542583	1.61574127931248E-11	1.78186142615022E-10	25.5344476154941	1E10	1E-30	1E-10	1E10	1E-30	1E-10	1E10	1E-30	1E-10
28	1.0964122499348E-06	1E10	83333333.3333333	1E-30	1.75554906446813E-11	1E10	1E-30	1E10	6.75815422857686E-03	5.89051984372582E-04	1E10	6.22190300658687E-02	6.80783735459088E-04	1E10	1.42929389275146E-02	8.88854474485487E-04	1E10	2.83054940294082E-03	1E-30	4.11047145277386E-11	0.256273843159851	1E-30	3.19664101719389E-10	6.06234665637818E-02	1E-30	5.48686074351411E-10	8.54419893696755E-03	2.11401976956591E-06	2.65927722437597E-10	8.67620967653878E-02	2.03568158928968E-06	7.8817209743805E-11	4.81586643900018E-02	2.43850163562444E-06	4.27390177572422E-11	2.32237181114306E-02	1.0355131872216E-06	4.568929474217E-11	2.15685618497683E-02	3.88831144294802E-12	1.01168130297321E-09	292.789837542583	1.61574127931248E-11	1.78186142615022E-10	25.5344476154941	1E10	1E-30	1E-10	1E10	1E-30	1E-10	1E10	1E-30	1E-10
29	1.3618572443559E-06	1E10	66666666.6666667	1E-30	2.05140385811788E-11	1E10	1E-30	1E10	2.59868906555761E-03	1.07323386047523E-04	1E10	5.57912829953473E-03	1E-30	3.78457698358667E-11	0.278244921565341	1E-30	2.72900662603159E-10	6.22344171251501E-02	1E-30	1.7219995761407E-09	8.78602100797904E-03	2.42425415027541E-06	2.41756309210202E-10	6.92683306914613E-02	1.98479922663106E-06	8.34387910913207E-11	4.27555119898865E-02	2.78829239787339E-06	3.91389592787768E-11	0.016508837320346	7.28906063510655E-07	6.32173515424963E-11	2.07421181516804E-02	3.68328061271113E-12	1.00566062512829E-09	338.90832344285	1.52188180913677E-11	1.29185099657452E-10	11.6795745071677	1E10	1E-30	1E-10	1E10	1E-30	1E-10	1E10	1E-30	1E-10	1E10	1E-30	1E-10	1E10	1E-30	1E-10
30	1.3618572443559E-06	1E10	66666666.6666667	1E-30	2.05140385811788E-11	1E10	1E-30	1E10	2.59868906555761E-03	1.07323386047523E-04	1E10	5.57912829953473E-03	1E-30	3.78457698358667E-11	0.278244921565341	1E-30	2.72900662603159E-10	6.22344171251501E-02	1E-30	1.7219995761407E-09	8.78602100797904E-03	2.42425415027541E-06	2.41756309210202E-10	6.92683306914613E-02	1.98479922663106E-06	8.34387910913207E-11	4.27555119898865E-02	2.78829239787339E-06	3.91389592787768E-11	0.016508837320346	7.28906063510655E-07	6.32173515424963E-11	2.07421181516804E-02	3.68328061271113E-12	1.00566062512829E-09	338.90832344285	1.52188180913677E-11	1.29185099657452E-10	11.6795745071677	1E10	1E-30	1E-10	1E10	1E-30	1E-10	1E10	1E-30	1E-10	1E10	1E-30	1E-10	1E10	1E-30	1E-10
31	1.98861053669148E-06	1E10	45454545.4545455	1E-30	1.0573764317126E-11	1E10	1E-30	1E10	4.75743158120377E-03	9.55658080467195E-04	1E10	9.50802589356983E-02	8.88542516896667E-04	1E10	1.72938730237443E-02	1.56959129926893E-03	1E10	1.26935581664587E-03	1E-30	4.18769115457599E-10	5.24706474902704E-02	1E-30	1.16243041065505E-11	3.30678165224206E-02	1E-30	1.02278963250958E-09	6.58706915097118E-03	3.44274034064447E-06	3.06746663163004E-10	6.53593747957533E-02	3.12405132992922E-06	9.97273632052176E-11	4.50880801468819E-02	5.71181392066612E-06	3.26656209528494E-11	1.94045293359954E-02	2.16261058206794E-06	4.28987918184726E-11	1.72087899305041E-02	4.81167533230341E-12	7.29808383538207E-10	147.263921210493	6.17468143327477E-12	4.66263254445925E-10	84.1169915267963	1E10	1E-30	1E-10	1E10	1E-30	1E-10	1E10	1E-30	1E-10
32	1.98861053669148E-06	1E10	45454545.4545455	1E-30	1.0573764317126E-11	1E10	1E-30	1E10	4.75743158120377E-03	9.55658080467195E-04	1E10	9.50802589356983E-02	8.88542516896667E-04	1E10	1.72938730237443E-02	1.56959129926893E-03	1E10	1.26935581664587E-03	1E-30	4.18769115457599E-10	5.24706474902704E-02	1E-30	1.16243041065505E-11	3.30678165224206E-02	1E-30	1.02278963250958E-09	6.58706915097118E-03	3.44274034064447E-06	3.06746663163004E-10	6.53593747957533E-02	3.12405132992922E-06	9.97273632052176E-11	4.50880801468819E-02	5.71181392066612E-06	3.26656209528494E-11	1.94045293359954E-02	2.16261058206794E-06	4.28987918184726E-11	1.72087899305041E-02	4.81167533230341E-12	7.29808383538207E-10	147.263921210493	6.17468143327477E-12	4.66263254445925E-10	84.1169915267963	1E10	1E-30	1E-10	1E10	1E-30	1E-10	1E10	1E-30	1E-10
END DSCRDATA
