BEGIN DSCRDATA
% INDEX	K01	L01	M01	K02	L02	M02	K03	L03	M03	K04	L04	M04	K05	L05	M05	K06	L06	M06	K07	L07	M07	K08	L08	M08	K09	L09	M09	K10	L10	M10	K11	L11	M11	K12	L12	M12	K13	L13	M13	K14	L14	M14	K15	L15	M15	K16	L16	M16
0	0	0	0	0	0	0	0	0	0	0	0	0	0	0	0	0	0	0	0	0	0	0	0	0	0	0	0	0	0	0	0	0	0	0	0	0	0	0	0	0	0	0	0	0	0	0	0	0
1	7.26E-15	1E-30	1E-10	1E10	1.38E-9	0.0197	1E10	1E-30	3500	1E10	3.78E-8	114	1E10	1.34E-8	4.96	1E10	1.26E-7	23.3	8.23E-14	7.81E-10	0.603	1E-30	1E10	1E10	1E-30	1E10	1E10	1E-30	1E10	1E10	1E-30	1E10	1E10	1E-30	1E10	1E10	1E-30	1E10	1E10	1E-30	1E10	1E10	1E-30	1E10	1E10	1E-30	1E10	1E10
2	7.26E-15	1E-30	1E-10	1E10	1.38E-9	0.0197	1E10	1E-30	3500	1E10	3.78E-8	114	1E10	1.34E-8	4.96	1E10	1.26E-7	23.3	8.23E-14	7.81E-10	0.603	1E-30	1E10	1E10	1E-30	1E10	1E10	1E-30	1E10	1E10	1E-30	1E10	1E10	1E-30	1E10	1E10	1E-30	1E10	1E10	1E-30	1E10	1E10	1E-30	1E10	1E10	1E-30	1E10	1E10
3	7.26E-15	1E-30	1E-10	1E10	1.38E-9	0.0197	1E10	1E-30	3500	1E10	3.78E-8	114	1E10	1.34E-8	4.96	1E10	1.26E-7	23.3	8.23E-14	7.81E-10	0.603	1E-30	1E10	1E10	1E-30	1E10	1E10	1E-30	1E10	1E10	1E-30	1E10	1E10	1E-30	1E10	1E10	1E-30	1E10	1E10	1E-30	1E10	1E10	1E-30	1E10	1E10	1E-30	1E10	1E10
4	6.18E-17	1E-30	1E-10	1E10	1.55E-9	0.0193	1E10	1E-30	3580	1E10	4.89E-8	177	1E10	2.85E-8	20.7	1E10	1.51E-8	2.5	3.43E-15	3.74E-8	97.8	1.1E-13	7.35E-10	0.554	1E-30	1E10	1E10	1E-30	1E10	1E10	1E-30	1E10	1E10	1E-30	1E10	1E10	1E-30	1E10	1E10	1E-30	1E10	1E10	1E-30	1E10	1E10	1E-30	1E10	1E10
5	6.18E-17	1E-30	1E-10	1E10	1.55E-9	0.0193	1E10	1E-30	3580	1E10	4.89E-8	177	1E10	2.85E-8	20.7	1E10	1.51E-8	2.5	3.43E-15	3.74E-8	97.8	1.1E-13	7.35E-10	0.554	1E-30	1E10	1E10	1E-30	1E10	1E10	1E-30	1E10	1E10	1E-30	1E10	1E10	1E-30	1E10	1E10	1E-30	1E10	1E10	1E-30	1E10	1E10	1E-30	1E10	1E10
6	6.18E-17	1E-30	1E-10	1E10	1.55E-9	0.0193	1E10	1E-30	3580	1E10	4.89E-8	177	1E10	2.85E-8	20.7	1E10	1.51E-8	2.5	3.43E-15	3.74E-8	97.8	1.1E-13	7.35E-10	0.554	1E-30	1E10	1E10	1E-30	1E10	1E10	1E-30	1E10	1E10	1E-30	1E10	1E10	1E-30	1E10	1E10	1E-30	1E10	1E10	1E-30	1E10	1E10	1E-30	1E10	1E10
7	6.18E-17	1E-30	1E-10	1E10	1.65E-9	0.0216	1E10	1E-30	3500	1E10	4.56E-8	155	1E10	2.85E-8	16.4	1E10	1.7E-8	2.8	3.59E-15	3.74E-8	30.2	1.45E-13	7.69E-10	0.82	1E-30	1E10	1E10	1E-30	1E10	1E10	1E-30	1E10	1E10	1E-30	1E10	1E10	1E-30	1E10	1E10	1E-30	1E10	1E10	1E-30	1E10	1E10	1E-30	1E10	1E10
8	6.18E-17	1E-30	1E-10	1E10	1.65E-9	0.0216	1E10	1E-30	3500	1E10	4.56E-8	155	1E10	2.85E-8	16.4	1E10	1.7E-8	2.8	3.59E-15	3.74E-8	30.2	1.45E-13	7.69E-10	0.82	1E-30	1E10	1E10	1E-30	1E10	1E10	1E-30	1E10	1E10	1E-30	1E10	1E10	1E-30	1E10	1E10	1E-30	1E10	1E10	1E-30	1E10	1E10	1E-30	1E10	1E10
9	6.18E-17	1E-30	1E-10	1E10	1.65E-9	0.0216	1E10	1E-30	3500	1E10	4.56E-8	155	1E10	2.85E-8	16.4	1E10	1.7E-8	2.8	3.59E-15	3.74E-8	30.2	1.45E-13	7.69E-10	0.82	1E-30	1E10	1E10	1E-30	1E10	1E10	1E-30	1E10	1E10	1E-30	1E10	1E10	1E-30	1E10	1E10	1E-30	1E10	1E10	1E-30	1E10	1E10	1E-30	1E10	1E10
10	6.93E-15	1E-30	1E-10	1E10	1.69E-9	0.0248	1E10	1E-30	4210	1E10	4.12E-8	138	1E10	3.49E-8	13.3	1E10	2.38E-8	6.31	2.37E-15	5.41E-8	44.7	2.19E-13	7.69E-10	0.594	1E-30	1E10	1E10	1E-30	1E10	1E10	1E-30	1E10	1E10	1E-30	1E10	1E10	1E-30	1E10	1E10	1E-30	1E10	1E10	1E-30	1E10	1E10	1E-30	1E10	1E10
11	6.93E-15	1E-30	1E-10	1E10	1.69E-9	0.0248	1E10	1E-30	4210	1E10	4.12E-8	138	1E10	3.49E-8	13.3	1E10	2.38E-8	6.31	2.37E-15	5.41E-8	44.7	2.19E-13	7.69E-10	0.594	1E-30	1E10	1E10	1E-30	1E10	1E10	1E-30	1E10	1E10	1E-30	1E10	1E10	1E-30	1E10	1E10	1E-30	1E10	1E10	1E-30	1E10	1E10	1E-30	1E10	1E10
12	6.93E-15	1E-30	1E-10	1E10	1.69E-9	0.0248	1E10	1E-30	4210	1E10	4.12E-8	138	1E10	3.49E-8	13.3	1E10	2.38E-8	6.31	2.37E-15	5.41E-8	44.7	2.19E-13	7.69E-10	0.594	1E-30	1E10	1E10	1E-30	1E10	1E10	1E-30	1E10	1E10	1E-30	1E10	1E10	1E-30	1E10	1E10	1E-30	1E10	1E10	1E-30	1E10	1E10	1E-30	1E10	1E10
13	4.38E-16	1E-30	1E-10	1E10	2.01E-9	0.0248	1E10	1E-30	4210	1E10	4.41E-8	144	1E10	2.05E-8	7.85	1E10	2.17E-8	3.09	7.36E-16	1.76E-7	145	1.15E-13	6.08E-10	0.43	1E-30	1E10	1E10	1E-30	1E10	1E10	1E-30	1E10	1E10	1E-30	1E10	1E10	1E-30	1E10	1E10	1E-30	1E10	1E10	1E-30	1E10	1E10	1E-30	1E10	1E10
14	4.38E-16	1E-30	1E-10	1E10	2.01E-9	0.0248	1E10	1E-30	4210	1E10	4.41E-8	144	1E10	2.05E-8	7.85	1E10	2.17E-8	3.09	7.36E-16	1.76E-7	145	1.15E-13	6.08E-10	0.43	1E-30	1E10	1E10	1E-30	1E10	1E10	1E-30	1E10	1E10	1E-30	1E10	1E10	1E-30	1E10	1E10	1E-30	1E10	1E10	1E-30	1E10	1E10	1E-30	1E10	1E10
15	4.38E-16	1E-30	1E-10	1E10	2.01E-9	0.0248	1E10	1E-30	4210	1E10	4.41E-8	144	1E10	2.05E-8	7.85	1E10	2.17E-8	3.09	7.36E-16	1.76E-7	145	1.15E-13	6.08E-10	0.43	1E-30	1E10	1E10	1E-30	1E10	1E10	1E-30	1E10	1E10	1E-30	1E10	1E10	1E-30	1E10	1E10	1E-30	1E10	1E10	1E-30	1E10	1E10	1E-30	1E10	1E10
16	4.38E-16	1E-30	1E-10	1E10	2.09E-9	0.0248	1E10	1E-30	4210	1E10	4.62E-8	141	1E10	1.45E-8	4.73	1E10	7.37E-8	5.01	1.34E-15	9.68E-8	79.4	1.36E-13	6.87E-10	0.506	1E-30	1E10	1E10	1E-30	1E10	1E10	1E-30	1E10	1E10	1E-30	1E10	1E10	1E-30	1E10	1E10	1E-30	1E10	1E10	1E-30	1E10	1E10	1E-30	1E10	1E10
17	4.38E-16	1E-30	1E-10	1E10	2.09E-9	0.0248	1E10	1E-30	4210	1E10	4.62E-8	141	1E10	1.45E-8	4.73	1E10	7.37E-8	5.01	1.34E-15	9.68E-8	79.4	1.36E-13	6.87E-10	0.506	1E-30	1E10	1E10	1E-30	1E10	1E10	1E-30	1E10	1E10	1E-30	1E10	1E10	1E-30	1E10	1E10	1E-30	1E10	1E10	1E-30	1E10	1E10	1E-30	1E10	1E10
18	4.38E-16	1E-30	1E-10	1E10	2.09E-9	0.0248	1E10	1E-30	4210	1E10	4.62E-8	141	1E10	1.45E-8	4.73	1E10	7.37E-8	5.01	1.34E-15	9.68E-8	79.4	1.36E-13	6.87E-10	0.506	1E-30	1E10	1E10	1E-30	1E10	1E10	1E-30	1E10	1E10	1E-30	1E10	1E10	1E-30	1E10	1E10	1E-30	1E10	1E10	1E-30	1E10	1E10	1E-30	1E10	1E10
19	4.38E-16	1E-30	1E-10	1E10	2.82E-9	0.053	1E10	1E-30	5180	1E10	4.21E-8	129	1E10	1.13E-8	3.93	1E10	2.12E-8	1.45	3.7E-15	3.52E-8	28.8	1.75E-13	6.14E-10	0.622	1E-30	1E10	1E10	1E-30	1E10	1E10	1E-30	1E10	1E10	1E-30	1E10	1E10	1E-30	1E10	1E10	1E-30	1E10	1E10	1E-30	1E10	1E10	1E-30	1E10	1E10
20	4.38E-16	1E-30	1E-10	1E10	2.82E-9	0.053	1E10	1E-30	5180	1E10	4.21E-8	129	1E10	1.13E-8	3.93	1E10	2.12E-8	1.45	3.7E-15	3.52E-8	28.8	1.75E-13	6.14E-10	0.622	1E-30	1E10	1E10	1E-30	1E10	1E10	1E-30	1E10	1E10	1E-30	1E10	1E10	1E-30	1E10	1E10	1E-30	1E10	1E10	1E-30	1E10	1E10	1E-30	1E10	1E10
21	4.38E-16	1E-30	1E-10	1E10	2.82E-9	0.053	1E10	1E-30	5180	1E10	4.21E-8	129	1E10	1.13E-8	3.93	1E10	2.12E-8	1.45	3.7E-15	3.52E-8	28.8	1.75E-13	6.14E-10	0.622	1E-30	1E10	1E10	1E-30	1E10	1E10	1E-30	1E10	1E10	1E-30	1E10	1E10	1E-30	1E10	1E10	1E-30	1E10	1E10	1E-30	1E10	1E10	1E-30	1E10	1E10
22	3.81E-16	1E-30	1E-10	1E10	2.63E-9	0.0278	1E10	1E-30	6670	1E10	5.68E-8	199	1E10	2.05E-8	7.16	1E10	7.89E-8	7.59	1.65E-14	7.52E-9	10.7	1.84E-13	7.39E-10	2.84	1.4E-14	4.47E-9	11.6	1E-30	1E10	1E10	1E-30	1E10	1E10	1E-30	1E10	1E10	1E-30	1E10	1E10	1E-30	1E10	1E10	1E-30	1E10	1E10	1E-30	1E10	1E10
23	3.81E-16	1E-30	1E-10	1E10	2.63E-9	0.0278	1E10	1E-30	6670	1E10	5.68E-8	199	1E10	2.05E-8	7.16	1E10	7.89E-8	7.59	1.65E-14	7.52E-9	10.7	1.84E-13	7.39E-10	2.84	1.4E-14	4.47E-9	11.6	1E-30	1E10	1E10	1E-30	1E10	1E10	1E-30	1E10	1E10	1E-30	1E10	1E10	1E-30	1E10	1E10	1E-30	1E10	1E10	1E-30	1E10	1E10
24	3.81E-16	1E-30	1E-10	1E10	2.63E-9	0.0278	1E10	1E-30	6670	1E10	5.68E-8	199	1E10	2.05E-8	7.16	1E10	7.89E-8	7.59	1.65E-14	7.52E-9	10.7	1.84E-13	7.39E-10	2.84	1.4E-14	4.47E-9	11.6	1E-30	1E10	1E10	1E-30	1E10	1E10	1E-30	1E10	1E10	1E-30	1E10	1E10	1E-30	1E10	1E10	1E-30	1E10	1E10	1E-30	1E10	1E10
25	3.64E-16	1E-30	1E-10	1E10	2.99E-9	0.0518	1E10	1E-30	7480	1E10	5.43E-8	195	1E10	1.75E-8	6.09	1E10	2.61E-8	2.51	1.37E-14	9.04E-9	10.2	1.97E-13	6.89E-10	2.53	1.22E-14	4.93E-9	13	1E-30	1E10	1E10	1E-30	1E10	1E10	1E-30	1E10	1E10	1E-30	1E10	1E10	1E-30	1E10	1E10	1E-30	1E10	1E10	1E-30	1E10	1E10
26	3.64E-16	1E-30	1E-10	1E10	2.99E-9	0.0518	1E10	1E-30	7480	1E10	5.43E-8	195	1E10	1.75E-8	6.09	1E10	2.61E-8	2.51	1.37E-14	9.04E-9	10.2	1.97E-13	6.89E-10	2.53	1.22E-14	4.93E-9	13	1E-30	1E10	1E10	1E-30	1E10	1E10	1E-30	1E10	1E10	1E-30	1E10	1E10	1E-30	1E10	1E10	1E-30	1E10	1E10	1E-30	1E10	1E10
27	3.64E-16	1E-30	1E-10	1E10	2.99E-9	0.0518	1E10	1E-30	7480	1E10	5.43E-8	195	1E10	1.75E-8	6.09	1E10	2.61E-8	2.51	1.37E-14	9.04E-9	10.2	1.97E-13	6.89E-10	2.53	1.22E-14	4.93E-9	13	1E-30	1E10	1E10	1E-30	1E10	1E10	1E-30	1E10	1E10	1E-30	1E10	1E10	1E-30	1E10	1E10	1E-30	1E10	1E10	1E-30	1E10	1E10
28	3.64E-16	1E-30	1E-10	1E10	3.18E-9	0.0683	1E10	1E-30	6080	1E10	5.95E-8	186	1E10	2.77E-8	9.66	1E10	3.78E-8	3.63	2.87E-16	4.53E-7	501	7.05E-14	6.67E-10	4.16	1E-30	1E10	1E10	1E-30	1E10	1E10	1E-30	1E10	1E10	1E-30	1E10	1E10	1E-30	1E10	1E10	1E-30	1E10	1E10	1E-30	1E10	1E10	1E-30	1E10	1E10
29	3.64E-16	1E-30	1E-10	1E10	3.18E-9	0.0683	1E10	1E-30	6080	1E10	5.95E-8	186	1E10	2.77E-8	9.66	1E10	3.78E-8	3.63	2.87E-16	4.53E-7	501	7.05E-14	6.67E-10	4.16	1E-30	1E10	1E10	1E-30	1E10	1E10	1E-30	1E10	1E10	1E-30	1E10	1E10	1E-30	1E10	1E10	1E-30	1E10	1E10	1E-30	1E10	1E10	1E-30	1E10	1E10
30	3.64E-16	1E-30	1E-10	1E10	3.18E-9	0.0683	1E10	1E-30	6080	1E10	5.95E-8	186	1E10	2.77E-8	9.66	1E10	3.78E-8	3.63	2.87E-16	4.53E-7	501	7.05E-14	6.67E-10	4.16	1E-30	1E10	1E10	1E-30	1E10	1E10	1E-30	1E10	1E10	1E-30	1E10	1E10	1E-30	1E10	1E10	1E-30	1E10	1E10	1E-30	1E10	1E10	1E-30	1E10	1E10
31	3.64E-16	1E-30	1E-10	1E10	3.49E-9	0.0683	1E10	1E-30	6820	1E10	5.95E-8	174	1E10	3.65E-8	12.7	1E10	3.69E-8	3.55	7.05E-16	1.84E-7	204	8.95E-14	6.31E-10	3.59	1E-30	1E10	1E10	1E-30	1E10	1E10	1E-30	1E10	1E10	1E-30	1E10	1E10	1E-30	1E10	1E10	1E-30	1E10	1E10	1E-30	1E10	1E10	1E-30	1E10	1E10
32	3.64E-16	1E-30	1E-10	1E10	3.49E-9	0.0683	1E10	1E-30	6820	1E10	5.95E-8	174	1E10	3.65E-8	12.7	1E10	3.69E-8	3.55	7.05E-16	1.84E-7	204	8.95E-14	6.31E-10	3.59	1E-30	1E10	1E10	1E-30	1E10	1E10	1E-30	1E10	1E10	1E-30	1E10	1E10	1E-30	1E10	1E10	1E-30	1E10	1E10	1E-30	1E10	1E10	1E-30	1E10	1E10
33	3.64E-16	1E-30	1E-10	1E10	3.49E-9	0.0683	1E10	1E-30	6820	1E10	5.95E-8	174	1E10	3.65E-8	12.7	1E10	3.69E-8	3.55	7.05E-16	1.84E-7	204	8.95E-14	6.31E-10	3.59	1E-30	1E10	1E10	1E-30	1E10	1E10	1E-30	1E10	1E10	1E-30	1E10	1E10	1E-30	1E10	1E10	1E-30	1E10	1E10	1E-30	1E10	1E10	1E-30	1E10	1E10
34	3.64E-16	1E-30	1E-10	1E10	3.81E-9	0.0683	1E10	1E-30	7310	1E10	8.41E-8	295	1E10	3.25E-8	14	1E10	3.87E-8	3.72	7.91E-16	1.64E-7	182	9.82E-14	6.03E-10	3.35	1E-30	1E10	1E10	1E-30	1E10	1E10	1E-30	1E10	1E10	1E-30	1E10	1E10	1E-30	1E10	1E10	1E-30	1E10	1E10	1E-30	1E10	1E10	1E-30	1E10	1E10
35	3.64E-16	1E-30	1E-10	1E10	3.81E-9	0.0683	1E10	1E-30	7310	1E10	8.41E-8	295	1E10	3.25E-8	14	1E10	3.87E-8	3.72	7.91E-16	1.64E-7	182	9.82E-14	6.03E-10	3.35	1E-30	1E10	1E10	1E-30	1E10	1E10	1E-30	1E10	1E10	1E-30	1E10	1E10	1E-30	1E10	1E10	1E-30	1E10	1E10	1E-30	1E10	1E10	1E-30	1E10	1E10
36	3.64E-16	1E-30	1E-10	1E10	3.81E-9	0.0683	1E10	1E-30	7310	1E10	8.41E-8	295	1E10	3.25E-8	14	1E10	3.87E-8	3.72	7.91E-16	1.64E-7	182	9.82E-14	6.03E-10	3.35	1E-30	1E10	1E10	1E-30	1E10	1E10	1E-30	1E10	1E10	1E-30	1E10	1E10	1E-30	1E10	1E10	1E-30	1E10	1E10	1E-30	1E10	1E10	1E-30	1E10	1E10
37	3.64E-16	1E-30	1E-10	1E10	4.48E-9	0.0987	1E10	1E-30	9210	1E10	3.67E-8	112	1E10	4.49E-8	22.6	1E10	3.87E-8	3.72	2.33E-15	5.57E-8	120	1.34E-13	5.98E-10	0.903	1E-30	1E10	1E10	1E-30	1E10	1E10	1E-30	1E10	1E10	1E-30	1E10	1E10	1E-30	1E10	1E10	1E-30	1E10	1E10	1E-30	1E10	1E10	1E-30	1E10	1E10
38	3.64E-16	1E-30	1E-10	1E10	4.48E-9	0.0987	1E10	1E-30	9210	1E10	3.67E-8	112	1E10	4.49E-8	22.6	1E10	3.87E-8	3.72	2.33E-15	5.57E-8	120	1.34E-13	5.98E-10	0.903	1E-30	1E10	1E10	1E-30	1E10	1E10	1E-30	1E10	1E10	1E-30	1E10	1E10	1E-30	1E10	1E10	1E-30	1E10	1E10	1E-30	1E10	1E10	1E-30	1E10	1E10
39	3.64E-16	1E-30	1E-10	1E10	4.48E-9	0.0987	1E10	1E-30	9210	1E10	3.67E-8	112	1E10	4.49E-8	22.6	1E10	3.87E-8	3.72	2.33E-15	5.57E-8	120	1.34E-13	5.98E-10	0.903	1E-30	1E10	1E10	1E-30	1E10	1E10	1E-30	1E10	1E10	1E-30	1E10	1E10	1E-30	1E10	1E10	1E-30	1E10	1E10	1E-30	1E10	1E10	1E-30	1E10	1E10
40	3.64E-16	1E-30	1E-10	1E10	4.62E-9	0.0987	1E10	1E-30	6980	1E10	9.01E-8	295	1E10	4.29E-8	22.1	1E10	3.53E-8	3.39	1.12E-15	1.16E-7	251	8.29E-14	5.84E-10	1.14	1E-30	1E10	1E10	1E-30	1E10	1E10	1E-30	1E10	1E10	1E-30	1E10	1E10	1E-30	1E10	1E10	1E-30	1E10	1E10	1E-30	1E10	1E10	1E-30	1E10	1E10
41	3.64E-16	1E-30	1E-10	1E10	4.62E-9	0.0987	1E10	1E-30	6980	1E10	9.01E-8	295	1E10	4.29E-8	22.1	1E10	3.53E-8	3.39	1.12E-15	1.16E-7	251	8.29E-14	5.84E-10	1.14	1E-30	1E10	1E10	1E-30	1E10	1E10	1E-30	1E10	1E10	1E-30	1E10	1E10	1E-30	1E10	1E10	1E-30	1E10	1E10	1E-30	1E10	1E10	1E-30	1E10	1E10
42	3.64E-16	1E-30	1E-10	1E10	4.62E-9	0.0987	1E10	1E-30	6980	1E10	9.01E-8	295	1E10	4.29E-8	22.1	1E10	3.53E-8	3.39	1.12E-15	1.16E-7	251	8.29E-14	5.84E-10	1.14	1E-30	1E10	1E10	1E-30	1E10	1E10	1E-30	1E10	1E10	1E-30	1E10	1E10	1E-30	1E10	1E10	1E-30	1E10	1E10	1E-30	1E10	1E10	1E-30	1E10	1E10
43	3.64E-16	1E-30	1E-10	1E10	5.28E-9	0.0965	1E10	1E-30	7150	1E10	8.84E-8	280	1E10	3.96E-8	16.1	1E10	3.09E-8	2.25	1.12E-15	1.16E-7	251	9.42E-14	5.63E-10	1.05	1E-30	1E10	1E10	1E-30	1E10	1E10	1E-30	1E10	1E10	1E-30	1E10	1E10	1E-30	1E10	1E10	1E-30	1E10	1E10	1E-30	1E10	1E10	1E-30	1E10	1E10
44	3.64E-16	1E-30	1E-10	1E10	5.28E-9	0.0965	1E10	1E-30	7150	1E10	8.84E-8	280	1E10	3.96E-8	16.1	1E10	3.09E-8	2.25	1.12E-15	1.16E-7	251	9.42E-14	5.63E-10	1.05	1E-30	1E10	1E10	1E-30	1E10	1E10	1E-30	1E10	1E10	1E-30	1E10	1E10	1E-30	1E10	1E10	1E-30	1E10	1E10	1E-30	1E10	1E10	1E-30	1E10	1E10
45	3.64E-16	1E-30	1E-10	1E10	5.28E-9	0.0965	1E10	1E-30	7150	1E10	8.84E-8	280	1E10	3.96E-8	16.1	1E10	3.09E-8	2.25	1.12E-15	1.16E-7	251	9.42E-14	5.63E-10	1.05	1E-30	1E10	1E10	1E-30	1E10	1E10	1E-30	1E10	1E10	1E-30	1E10	1E10	1E-30	1E10	1E10	1E-30	1E10	1E10	1E-30	1E10	1E10	1E-30	1E10	1E10
46	3.64E-16	1E-30	1E-10	1E10	5.57E-9	0.0784	1E10	1E-30	7150	1E10	8.84E-8	274	1E10	3.53E-8	11.1	1E10	4.27E-8	2.83	1.94E-15	6.7E-8	126	1.15E-13	6.25E-10	1.7	1E-30	1E10	1E10	1E-30	1E10	1E10	1E-30	1E10	1E10	1E-30	1E10	1E10	1E-30	1E10	1E10	1E-30	1E10	1E10	1E-30	1E10	1E10	1E-30	1E10	1E10
47	3.64E-16	1E-30	1E-10	1E10	5.57E-9	0.0784	1E10	1E-30	7150	1E10	8.84E-8	274	1E10	3.53E-8	11.1	1E10	4.27E-8	2.83	1.94E-15	6.7E-8	126	1.15E-13	6.25E-10	1.7	1E-30	1E10	1E10	1E-30	1E10	1E10	1E-30	1E10	1E10	1E-30	1E10	1E10	1E-30	1E10	1E10	1E-30	1E10	1E10	1E-30	1E10	1E10	1E-30	1E10	1E10
48	3.64E-16	1E-30	1E-10	1E10	5.57E-9	0.0784	1E10	1E-30	7150	1E10	8.84E-8	274	1E10	3.53E-8	11.1	1E10	4.27E-8	2.83	1.94E-15	6.7E-8	126	1.15E-13	6.25E-10	1.7	1E-30	1E10	1E10	1E-30	1E10	1E10	1E-30	1E10	1E10	1E-30	1E10	1E10	1E-30	1E10	1E10	1E-30	1E10	1E10	1E-30	1E10	1E10	1E-30	1E10	1E10
49	3.64E-16	1E-30	1E-10	1E10	5.8E-9	0.09	1E10	1E-30	8590	1E10	1.19E-7	444	1E10	4.76E-8	24.3	1E10	5.26E-8	4.39	1.94E-15	6.7E-8	126	3.25E-14	2.68E-9	6.92	8.98E-14	7.04E-10	2.57	1E-30	1E10	1E10	1E-30	1E10	1E10	1E-30	1E10	1E10	1E-30	1E10	1E10	1E-30	1E10	1E10	1E-30	1E10	1E10	1E-30	1E10	1E10
50	3.64E-16	1E-30	1E-10	1E10	5.8E-9	0.09	1E10	1E-30	8590	1E10	1.19E-7	444	1E10	4.76E-8	24.3	1E10	5.26E-8	4.39	1.94E-15	6.7E-8	126	3.25E-14	2.68E-9	6.92	8.98E-14	7.04E-10	2.57	1E-30	1E10	1E10	1E-30	1E10	1E10	1E-30	1E10	1E10	1E-30	1E10	1E10	1E-30	1E10	1E10	1E-30	1E10	1E10	1E-30	1E10	1E10
51	3.64E-16	1E-30	1E-10	1E10	5.8E-9	0.09	1E10	1E-30	8590	1E10	1.19E-7	444	1E10	4.76E-8	24.3	1E10	5.26E-8	4.39	1.94E-15	6.7E-8	126	3.25E-14	2.68E-9	6.92	8.98E-14	7.04E-10	2.57	1E-30	1E10	1E10	1E-30	1E10	1E10	1E-30	1E10	1E10	1E-30	1E10	1E10	1E-30	1E10	1E10	1E-30	1E10	1E10	1E-30	1E10	1E10
52	3.64E-16	1E-30	1E-10	1E10	6.34E-9	0.103	1E10	1E-30	8590	1E10	1.37E-7	522	1E10	5.47E-8	27.9	1E10	5.14E-8	4.29	1.94E-15	6.7E-8	126	1.51E-14	5.7E-9	16.6	1.17E-13	6.08E-10	0.659	1E-30	1E10	1E10	1E-30	1E10	1E10	1E-30	1E10	1E10	1E-30	1E10	1E10	1E-30	1E10	1E10	1E-30	1E10	1E10	1E-30	1E10	1E10
53	3.64E-16	1E-30	1E-10	1E10	6.34E-9	0.103	1E10	1E-30	8590	1E10	1.37E-7	522	1E10	5.47E-8	27.9	1E10	5.14E-8	4.29	1.94E-15	6.7E-8	126	1.51E-14	5.7E-9	16.6	1.17E-13	6.08E-10	0.659	1E-30	1E10	1E10	1E-30	1E10	1E10	1E-30	1E10	1E10	1E-30	1E10	1E10	1E-30	1E10	1E10	1E-30	1E10	1E10	1E-30	1E10	1E10
54	3.64E-16	1E-30	1E-10	1E10	6.34E-9	0.103	1E10	1E-30	8590	1E10	1.37E-7	522	1E10	5.47E-8	27.9	1E10	5.14E-8	4.29	1.94E-15	6.7E-8	126	1.51E-14	5.7E-9	16.6	1.17E-13	6.08E-10	0.659	1E-30	1E10	1E10	1E-30	1E10	1E10	1E-30	1E10	1E10	1E-30	1E10	1E10	1E-30	1E10	1E10	1E-30	1E10	1E10	1E-30	1E10	1E10
55	3.64E-16	1E-30	1E-10	1E10	6.95E-9	0.103	1E10	1E-30	8020	1E10	1.37E-7	465	1E10	6.57E-8	33.6	1E10	5.38E-8	4.49	2.87E-15	4.53E-8	42.7	6.73E-14	1.6E-9	4.47	9.95E-14	8.18E-10	1.7	1E-30	1E10	1E10	1E-30	1E10	1E10	1E-30	1E10	1E10	1E-30	1E10	1E10	1E-30	1E10	1E10	1E-30	1E10	1E10	1E-30	1E10	1E10
56	3.64E-16	1E-30	1E-10	1E10	6.95E-9	0.103	1E10	1E-30	8020	1E10	1.37E-7	465	1E10	6.57E-8	33.6	1E10	5.38E-8	4.49	2.87E-15	4.53E-8	42.7	6.73E-14	1.6E-9	4.47	9.95E-14	8.18E-10	1.7	1E-30	1E10	1E10	1E-30	1E10	1E10	1E-30	1E10	1E10	1E-30	1E10	1E10	1E-30	1E10	1E10	1E-30	1E10	1E10	1E-30	1E10	1E10
57	3.64E-16	1E-30	1E-10	1E10	6.95E-9	0.103	1E10	1E-30	8020	1E10	1.37E-7	465	1E10	6.57E-8	33.6	1E10	5.38E-8	4.49	2.87E-15	4.53E-8	42.7	6.73E-14	1.6E-9	4.47	9.95E-14	8.18E-10	1.7	1E-30	1E10	1E10	1E-30	1E10	1E10	1E-30	1E10	1E10	1E-30	1E10	1E10	1E-30	1E10	1E10	1E-30	1E10	1E10	1E-30	1E10	1E10
58	9.57E-17	1E-30	1E-10	1E10	8.36E-9	0.11	1E10	1E-30	8590	1E10	1.65E-7	599	1E10	6.88E-8	36	1E10	3.81E-8	3.25	1.34E-15	9.68E-8	91.3	1.15E-13	6.87E-10	0.832	2.62E-14	1.08E-9	3.81	1E-30	1E10	1E10	1E-30	1E10	1E10	1E-30	1E10	1E10	1E-30	1E10	1E10	1E-30	1E10	1E10	1E-30	1E10	1E10	1E-30	1E10	1E10
59	9.57E-17	1E-30	1E-10	1E10	8.36E-9	0.11	1E10	1E-30	8590	1E10	1.65E-7	599	1E10	6.88E-8	36	1E10	3.81E-8	3.25	1.34E-15	9.68E-8	91.3	1.15E-13	6.87E-10	0.832	2.62E-14	1.08E-9	3.81	1E-30	1E10	1E10	1E-30	1E10	1E10	1E-30	1E10	1E10	1E-30	1E10	1E10	1E-30	1E10	1E10	1E-30	1E10	1E10	1E-30	1E10	1E10
60	9.57E-17	1E-30	1E-10	1E10	8.36E-9	0.11	1E10	1E-30	8590	1E10	1.65E-7	599	1E10	6.88E-8	36	1E10	3.81E-8	3.25	1.34E-15	9.68E-8	91.3	1.15E-13	6.87E-10	0.832	2.62E-14	1.08E-9	3.81	1E-30	1E10	1E10	1E-30	1E10	1E10	1E-30	1E10	1E10	1E-30	1E10	1E10	1E-30	1E10	1E10	1E-30	1E10	1E10	1E-30	1E10	1E10
61	2.24E-14	1E-30	1E-10	1E10	8.75E-9	0.129	1E10	1E-30	8790	1E10	1.73E-7	599	1E10	6.88E-8	36	1E10	4.37E-8	3.25	4.65E-15	3.51E-8	45.8	1.18E-13	6.41E-10	0.795	1.59E-15	7.71E-8	75.8	1E-30	1E10	1E10	1E-30	1E10	1E10	1E-30	1E10	1E10	1E-30	1E10	1E10	1E-30	1E10	1E10	1E-30	1E10	1E10	1E-30	1E10	1E10
62	2.24E-14	1E-30	1E-10	1E10	8.75E-9	0.129	1E10	1E-30	8790	1E10	1.73E-7	599	1E10	6.88E-8	36	1E10	4.37E-8	3.25	4.65E-15	3.51E-8	45.8	1.18E-13	6.41E-10	0.795	1.59E-15	7.71E-8	75.8	1E-30	1E10	1E10	1E-30	1E10	1E10	1E-30	1E10	1E10	1E-30	1E10	1E10	1E-30	1E10	1E10	1E-30	1E10	1E10	1E-30	1E10	1E10
63	2.24E-14	1E-30	1E-10	1E10	8.75E-9	0.129	1E10	1E-30	8790	1E10	1.73E-7	599	1E10	6.88E-8	36	1E10	4.37E-8	3.25	4.65E-15	3.51E-8	45.8	1.18E-13	6.41E-10	0.795	1.59E-15	7.71E-8	75.8	1E-30	1E10	1E10	1E-30	1E10	1E10	1E-30	1E10	1E10	1E-30	1E10	1E10	1E-30	1E10	1E10	1E-30	1E10	1E10	1E-30	1E10	1E10
64	5.77E-14	1E-30	1E-10	1E10	1.05E-8	0.129	1E10	1E-30	9640	1E10	1.85E-7	642	1E10	8.08E-8	42.3	1E10	3.64E-8	2.25	2.28E-15	7.18E-8	93.4	9.9E-14	8.55E-10	1	1.6E-15	8.13E-8	77.5	1E-30	1E10	1E10	1E-30	1E10	1E10	1E-30	1E10	1E10	1E-30	1E10	1E10	1E-30	1E10	1E10	1E-30	1E10	1E10	1E-30	1E10	1E10
65	5.77E-14	1E-30	1E-10	1E10	1.05E-8	0.129	1E10	1E-30	9640	1E10	1.85E-7	642	1E10	8.08E-8	42.3	1E10	3.64E-8	2.25	2.28E-15	7.18E-8	93.4	9.9E-14	8.55E-10	1	1.6E-15	8.13E-8	77.5	1E-30	1E10	1E10	1E-30	1E10	1E10	1E-30	1E10	1E10	1E-30	1E10	1E10	1E-30	1E10	1E10	1E-30	1E10	1E10	1E-30	1E10	1E10
66	5.77E-14	1E-30	1E-10	1E10	1.05E-8	0.129	1E10	1E-30	9640	1E10	1.85E-7	642	1E10	8.08E-8	42.3	1E10	3.64E-8	2.25	2.28E-15	7.18E-8	93.4	9.9E-14	8.55E-10	1	1.6E-15	8.13E-8	77.5	1E-30	1E10	1E10	1E-30	1E10	1E10	1E-30	1E10	1E10	1E-30	1E10	1E10	1E-30	1E10	1E10	1E-30	1E10	1E10	1E-30	1E10	1E10
67	2.89E-14	1E-30	1E-10	1E10	1.13E-8	0.129	1E10	1E-30	9640	1E10	2.03E-7	704	1E10	8.46E-8	44.3	1E10	4.18E-8	2.58	2.28E-15	7.18E-8	93.4	1.5E-13	6.19E-10	0.692	3.75E-15	3.47E-8	33.1	1E-30	1E10	1E10	1E-30	1E10	1E10	1E-30	1E10	1E10	1E-30	1E10	1E10	1E-30	1E10	1E10	1E-30	1E10	1E10	1E-30	1E10	1E10
68	2.89E-14	1E-30	1E-10	1E10	1.13E-8	0.129	1E10	1E-30	9640	1E10	2.03E-7	704	1E10	8.46E-8	44.3	1E10	4.18E-8	2.58	2.28E-15	7.18E-8	93.4	1.5E-13	6.19E-10	0.692	3.75E-15	3.47E-8	33.1	1E-30	1E10	1E10	1E-30	1E10	1E10	1E-30	1E10	1E10	1E-30	1E10	1E10	1E-30	1E10	1E10	1E-30	1E10	1E10	1E-30	1E10	1E10
69	2.89E-14	1E-30	1E-10	1E10	1.13E-8	0.129	1E10	1E-30	9640	1E10	2.03E-7	704	1E10	8.46E-8	44.3	1E10	4.18E-8	2.58	2.28E-15	7.18E-8	93.4	1.5E-13	6.19E-10	0.692	3.75E-15	3.47E-8	33.1	1E-30	1E10	1E10	1E-30	1E10	1E10	1E-30	1E10	1E10	1E-30	1E10	1E10	1E-30	1E10	1E10	1E-30	1E10	1E10	1E-30	1E10	1E10
70	8.15E-14	1E-30	1E-10	1E10	1.27E-8	0.152	1E10	1E-30	10300	1E10	2.28E-7	790	1E10	8.46E-8	44.3	1E10	4.27E-8	2.64	2.28E-15	7.18E-8	93.4	7.69E-14	1.21E-9	1.35	3.84E-15	3.39E-8	32.3	3.56E-15	1.72E-8	32.6	1E-30	1E10	1E10	1E-30	1E10	1E10	1E-30	1E10	1E10	1E-30	1E10	1E10	1E-30	1E10	1E10	1E-30	1E10	1E10
71	8.15E-14	1E-30	1E-10	1E10	1.27E-8	0.152	1E10	1E-30	10300	1E10	2.28E-7	790	1E10	8.46E-8	44.3	1E10	4.27E-8	2.64	2.28E-15	7.18E-8	93.4	7.69E-14	1.21E-9	1.35	3.84E-15	3.39E-8	32.3	3.56E-15	1.72E-8	32.6	1E-30	1E10	1E10	1E-30	1E10	1E10	1E-30	1E10	1E10	1E-30	1E10	1E10	1E-30	1E10	1E10	1E-30	1E10	1E10
72	8.15E-14	1E-30	1E-10	1E10	1.27E-8	0.152	1E10	1E-30	10300	1E10	2.28E-7	790	1E10	8.46E-8	44.3	1E10	4.27E-8	2.64	2.28E-15	7.18E-8	93.4	7.69E-14	1.21E-9	1.35	3.84E-15	3.39E-8	32.3	3.56E-15	1.72E-8	32.6	1E-30	1E10	1E10	1E-30	1E10	1E10	1E-30	1E10	1E10	1E-30	1E10	1E10	1E-30	1E10	1E10	1E-30	1E10	1E10
73	4.8E-14	1E-30	1E-10	1E10	1.35E-8	0.183	1E10	1E-30	13300	1E10	2.28E-7	866	1E10	1.02E-7	53.2	1E10	5.64E-8	3.91	1.73E-15	1.43E-7	152	8.82E-14	1.05E-9	2.34	1.21E-15	1.07E-7	102	2.1E-14	3.06E-9	19.2	1E-30	1E10	1E10	1E-30	1E10	1E10	1E-30	1E10	1E10	1E-30	1E10	1E10	1E-30	1E10	1E10	1E-30	1E10	1E10
74	4.8E-14	1E-30	1E-10	1E10	1.35E-8	0.183	1E10	1E-30	13300	1E10	2.28E-7	866	1E10	1.02E-7	53.2	1E10	5.64E-8	3.91	1.73E-15	1.43E-7	152	8.82E-14	1.05E-9	2.34	1.21E-15	1.07E-7	102	2.1E-14	3.06E-9	19.2	1E-30	1E10	1E10	1E-30	1E10	1E10	1E-30	1E10	1E10	1E-30	1E10	1E10	1E-30	1E10	1E10	1E-30	1E10	1E10
75	4.8E-14	1E-30	1E-10	1E10	1.35E-8	0.183	1E10	1E-30	13300	1E10	2.28E-7	866	1E10	1.02E-7	53.2	1E10	5.64E-8	3.91	1.73E-15	1.43E-7	152	8.82E-14	1.05E-9	2.34	1.21E-15	1.07E-7	102	2.1E-14	3.06E-9	19.2	1E-30	1E10	1E10	1E-30	1E10	1E10	1E-30	1E10	1E10	1E-30	1E10	1E10	1E-30	1E10	1E10	1E-30	1E10	1E10
76	1.7E-14	1E-30	1E-10	1E10	1.52E-8	0.178	1E10	1E-30	10100	1E10	2.62E-7	827	1E10	1.28E-7	64	1E10	7.78E-8	6.05	1.73E-15	1.43E-7	152	1.01E-13	1.15E-9	3.02	1.56E-14	8.72E-9	8.12	7.45E-14	9.04E-10	3.49	1E-30	1E10	1E10	1E-30	1E10	1E10	1E-30	1E10	1E10	1E-30	1E10	1E10	1E-30	1E10	1E10	1E-30	1E10	1E10
77	1.7E-14	1E-30	1E-10	1E10	1.52E-8	0.178	1E10	1E-30	10100	1E10	2.62E-7	827	1E10	1.28E-7	64	1E10	7.78E-8	6.05	1.73E-15	1.43E-7	152	1.01E-13	1.15E-9	3.02	1.56E-14	8.72E-9	8.12	7.45E-14	9.04E-10	3.49	1E-30	1E10	1E10	1E-30	1E10	1E10	1E-30	1E10	1E10	1E-30	1E10	1E10	1E-30	1E10	1E10	1E-30	1E10	1E10
78	1.7E-14	1E-30	1E-10	1E10	1.52E-8	0.178	1E10	1E-30	10100	1E10	2.62E-7	827	1E10	1.28E-7	64	1E10	7.78E-8	6.05	1.73E-15	1.43E-7	152	1.01E-13	1.15E-9	3.02	1.56E-14	8.72E-9	8.12	7.45E-14	9.04E-10	3.49	1E-30	1E10	1E10	1E-30	1E10	1E10	1E-30	1E10	1E10	1E-30	1E10	1E10	1E-30	1E10	1E10	1E-30	1E10	1E10
79	4.79E-15	1E-30	1E-10	1E10	1.9E-8	0.209	1E10	1E-30	13300	1E10	3.08E-7	950	1E10	1.57E-7	78.7	1E10	1.03E-7	7.98	1.05E-13	1.35E-9	6.16	8.55E-14	8.63E-10	0.939	1E-30	1E10	1E10	1E-30	1E10	1E10	1E-30	1E10	1E10	1E-30	1E10	1E10	1E-30	1E10	1E10	1E-30	1E10	1E10	1E-30	1E10	1E10	1E-30	1E10	1E10
80	4.79E-15	1E-30	1E-10	1E10	1.9E-8	0.209	1E10	1E-30	13300	1E10	3.08E-7	950	1E10	1.57E-7	78.7	1E10	1.03E-7	7.98	1.05E-13	1.35E-9	6.16	8.55E-14	8.63E-10	0.939	1E-30	1E10	1E10	1E-30	1E10	1E10	1E-30	1E10	1E10	1E-30	1E10	1E10	1E-30	1E10	1E10	1E-30	1E10	1E10	1E-30	1E10	1E10	1E-30	1E10	1E10
81	4.79E-15	1E-30	1E-10	1E10	1.9E-8	0.209	1E10	1E-30	13300	1E10	3.08E-7	950	1E10	1.57E-7	78.7	1E10	1.03E-7	7.98	1.05E-13	1.35E-9	6.16	8.55E-14	8.63E-10	0.939	1E-30	1E10	1E10	1E-30	1E10	1E10	1E-30	1E10	1E10	1E-30	1E10	1E10	1E-30	1E10	1E10	1E-30	1E10	1E10	1E-30	1E10	1E10	1E-30	1E10	1E10
82	8.52E-15	1E-30	1E-10	1E10	2.28E-8	0.24	1E10	1E-30	14600	1E10	3.88E-7	1250	1E10	1.77E-7	88.3	1E10	1.18E-7	9.16	3.34E-14	5.13E-9	11.7	1.45E-13	4.85E-10	1.1	1E-30	1E10	1E10	1E-30	1E10	1E10	1E-30	1E10	1E10	1E-30	1E10	1E10	1E-30	1E10	1E10	1E-30	1E10	1E10	1E-30	1E10	1E10	1E-30	1E10	1E10
83	8.52E-15	1E-30	1E-10	1E10	2.28E-8	0.24	1E10	1E-30	14600	1E10	3.88E-7	1250	1E10	1.77E-7	88.3	1E10	1.18E-7	9.16	3.34E-14	5.13E-9	11.7	1.45E-13	4.85E-10	1.1	1E-30	1E10	1E10	1E-30	1E10	1E10	1E-30	1E10	1E10	1E-30	1E10	1E10	1E-30	1E10	1E10	1E-30	1E10	1E10	1E-30	1E10	1E10	1E-30	1E10	1E10
84	8.52E-15	1E-30	1E-10	1E10	2.28E-8	0.24	1E10	1E-30	14600	1E10	3.88E-7	1250	1E10	1.77E-7	88.3	1E10	1.18E-7	9.16	3.34E-14	5.13E-9	11.7	1.45E-13	4.85E-10	1.1	1E-30	1E10	1E10	1E-30	1E10	1E10	1E-30	1E10	1E10	1E-30	1E10	1E10	1E-30	1E10	1E10	1E-30	1E10	1E10	1E-30	1E10	1E10	1E-30	1E10	1E10
85	4.27E-14	1E-30	1E-10	1E10	2.81E-8	0.269	1E10	1E-30	16400	1E10	4.45E-7	1440	1E10	2.12E-7	106	1E10	1.35E-7	11.3	2.47E-14	8.72E-9	17.8	1.24E-13	6.55E-10	1.3	6.62E-15	1.94E-8	68.7	1E-30	1E10	1E10	1E-30	1E10	1E10	1E-30	1E10	1E10	1E-30	1E10	1E10	1E-30	1E10	1E10	1E-30	1E10	1E10	1E-30	1E10	1E10
86	4.27E-14	1E-30	1E-10	1E10	2.81E-8	0.269	1E10	1E-30	16400	1E10	4.45E-7	1440	1E10	2.12E-7	106	1E10	1.35E-7	11.3	2.47E-14	8.72E-9	17.8	1.24E-13	6.55E-10	1.3	6.62E-15	1.94E-8	68.7	1E-30	1E10	1E10	1E-30	1E10	1E10	1E-30	1E10	1E10	1E-30	1E10	1E10	1E-30	1E10	1E10	1E-30	1E10	1E10	1E-30	1E10	1E10
87	4.27E-14	1E-30	1E-10	1E10	2.81E-8	0.269	1E10	1E-30	16400	1E10	4.45E-7	1440	1E10	2.12E-7	106	1E10	1.35E-7	11.3	2.47E-14	8.72E-9	17.8	1.24E-13	6.55E-10	1.3	6.62E-15	1.94E-8	68.7	1E-30	1E10	1E10	1E-30	1E10	1E10	1E-30	1E10	1E10	1E-30	1E10	1E10	1E-30	1E10	1E10	1E-30	1E10	1E10	1E-30	1E10	1E10
88	5.02E-15	1E-30	1E-10	1E10	3.54E-8	0.309	1E10	1E-30	19300	1E10	4.88E-7	1510	1E10	2.79E-7	140	1E10	1.55E-7	14.2	1.45E-14	2.04E-8	35.5	9.85E-14	9.47E-10	1.75	9.14E-15	1.41E-8	49.8	1E-13	6.42E-10	3.26	1E-30	1E10	1E10	1E-30	1E10	1E10	1E-30	1E10	1E10	1E-30	1E10	1E10	1E-30	1E10	1E10	1E-30	1E10	1E10
89	5.02E-15	1E-30	1E-10	1E10	3.54E-8	0.309	1E10	1E-30	19300	1E10	4.88E-7	1510	1E10	2.79E-7	140	1E10	1.55E-7	14.2	1.45E-14	2.04E-8	35.5	9.85E-14	9.47E-10	1.75	9.14E-15	1.41E-8	49.8	1E-13	6.42E-10	3.26	1E-30	1E10	1E10	1E-30	1E10	1E10	1E-30	1E10	1E10	1E-30	1E10	1E10	1E-30	1E10	1E10	1E-30	1E10	1E10
90	5.02E-15	1E-30	1E-10	1E10	3.54E-8	0.309	1E10	1E-30	19300	1E10	4.88E-7	1510	1E10	2.79E-7	140	1E10	1.55E-7	14.2	1.45E-14	2.04E-8	35.5	9.85E-14	9.47E-10	1.75	9.14E-15	1.41E-8	49.8	1E-13	6.42E-10	3.26	1E-30	1E10	1E10	1E-30	1E10	1E10	1E-30	1E10	1E10	1E-30	1E10	1E10	1E-30	1E10	1E10	1E-30	1E10	1E10
91	2.89E-15	1E-30	1E-10	1E10	4.25E-8	0.389	1E10	1E-30	26600	1E10	5.73E-7	1650	1E10	3.6E-7	180	1E10	1.95E-7	19.6	1.75E-14	2.46E-8	35.5	1.83E-13	4.04E-10	0.259	2.4E-14	5.1E-9	18.5	8.81E-16	1.27E-6	757	1E-30	1E10	1E10	1E-30	1E10	1E10	1E-30	1E10	1E10	1E-30	1E10	1E10	1E-30	1E10	1E10	1E-30	1E10	1E10
92	2.89E-15	1E-30	1E-10	1E10	4.25E-8	0.389	1E10	1E-30	26600	1E10	5.73E-7	1650	1E10	3.6E-7	180	1E10	1.95E-7	19.6	1.75E-14	2.46E-8	35.5	1.83E-13	4.04E-10	0.259	2.4E-14	5.1E-9	18.5	8.81E-16	1.27E-6	757	1E-30	1E10	1E10	1E-30	1E10	1E10	1E-30	1E10	1E10	1E-30	1E10	1E10	1E-30	1E10	1E10	1E-30	1E10	1E10
93	2.89E-15	1E-30	1E-10	1E10	4.25E-8	0.389	1E10	1E-30	26600	1E10	5.73E-7	1650	1E10	3.6E-7	180	1E10	1.95E-7	19.6	1.75E-14	2.46E-8	35.5	1.83E-13	4.04E-10	0.259	2.4E-14	5.1E-9	18.5	8.81E-16	1.27E-6	757	1E-30	1E10	1E10	1E-30	1E10	1E10	1E-30	1E10	1E10	1E-30	1E10	1E10	1E-30	1E10	1E10	1E-30	1E10	1E10
94	3.63E-14	1E-30	1E-10	1E10	4.95E-8	0.457	1E10	1E-30	31200	1E10	6.58E-7	1900	1E10	4.23E-7	207	1E10	2.51E-7	25.3	1.13E-14	4.37E-8	58.9	1.42E-13	5.45E-10	1.3	2.76E-14	5.6E-9	18.1	1.69E-16	7.6E-6	6630	1E-30	1E10	1E10	1E-30	1E10	1E10	1E-30	1E10	1E10	1E-30	1E10	1E10	1E-30	1E10	1E10	1E-30	1E10	1E10
95	3.63E-14	1E-30	1E-10	1E10	4.95E-8	0.457	1E10	1E-30	31200	1E10	6.58E-7	1900	1E10	4.23E-7	207	1E10	2.51E-7	25.3	1.13E-14	4.37E-8	58.9	1.42E-13	5.45E-10	1.3	2.76E-14	5.6E-9	18.1	1.69E-16	7.6E-6	6630	1E-30	1E10	1E10	1E-30	1E10	1E10	1E-30	1E10	1E10	1E-30	1E10	1E10	1E-30	1E10	1E10	1E-30	1E10	1E10
96	3.63E-14	1E-30	1E-10	1E10	4.95E-8	0.457	1E10	1E-30	31200	1E10	6.58E-7	1900	1E10	4.23E-7	207	1E10	2.51E-7	25.3	1.13E-14	4.37E-8	58.9	1.42E-13	5.45E-10	1.3	2.76E-14	5.6E-9	18.1	1.69E-16	7.6E-6	6630	1E-30	1E10	1E10	1E-30	1E10	1E10	1E-30	1E10	1E10	1E-30	1E10	1E10	1E-30	1E10	1E10	1E-30	1E10	1E10
97	4.68E-15	1E-30	1E-10	1E10	6.08E-8	0.501	1E10	1E-30	31200	1E10	7.56E-7	2180	1E10	5.2E-7	254	1E10	2.76E-7	27.7	1.27E-14	4.9E-8	58.9	1.97E-13	4.75E-10	2.59	3.81E-14	4.24E-9	20.3	2.5E-15	7.1E-7	469	1E-30	1E10	1E10	1E-30	1E10	1E10	1E-30	1E10	1E10	1E-30	1E10	1E10	1E-30	1E10	1E10	1E-30	1E10	1E10
98	4.68E-15	1E-30	1E-10	1E10	6.08E-8	0.501	1E10	1E-30	31200	1E10	7.56E-7	2180	1E10	5.2E-7	254	1E10	2.76E-7	27.7	1.27E-14	4.9E-8	58.9	1.97E-13	4.75E-10	2.59	3.81E-14	4.24E-9	20.3	2.5E-15	7.1E-7	469	1E-30	1E10	1E10	1E-30	1E10	1E10	1E-30	1E10	1E10	1E-30	1E10	1E10	1E-30	1E10	1E10	1E-30	1E10	1E10
99	4.68E-15	1E-30	1E-10	1E10	6.08E-8	0.501	1E10	1E-30	31200	1E10	7.56E-7	2180	1E10	5.2E-7	254	1E10	2.76E-7	27.7	1.27E-14	4.9E-8	58.9	1.97E-13	4.75E-10	2.59	3.81E-14	4.24E-9	20.3	2.5E-15	7.1E-7	469	1E-30	1E10	1E10	1E-30	1E10	1E10	1E-30	1E10	1E10	1E-30	1E10	1E10	1E-30	1E10	1E10	1E-30	1E10	1E10
100	6.32E-15	1E-30	1E-10	1E10	7.48E-8	0.602	1E10	1E-30	31200	1E10	9.51E-7	2560	1E10	6.55E-7	320	1E10	3.24E-7	32.6	1.18E-14	6.61E-8	162	2.01E-13	3.86E-10	1.46	3.56E-14	3.15E-9	18.1	5.46E-15	4.48E-8	79.7	1E-30	1E10	1E10	1E-30	1E10	1E10	1E-30	1E10	1E10	1E-30	1E10	1E10	1E-30	1E10	1E10	1E-30	1E10	1E10
101	6.32E-15	1E-30	1E-10	1E10	7.48E-8	0.602	1E10	1E-30	31200	1E10	9.51E-7	2560	1E10	6.55E-7	320	1E10	3.24E-7	32.6	1.18E-14	6.61E-8	162	2.01E-13	3.86E-10	1.46	3.56E-14	3.15E-9	18.1	5.46E-15	4.48E-8	79.7	1E-30	1E10	1E10	1E-30	1E10	1E10	1E-30	1E10	1E10	1E-30	1E10	1E10	1E-30	1E10	1E10	1E-30	1E10	1E10
102	6.32E-15	1E-30	1E-10	1E10	7.48E-8	0.602	1E10	1E-30	31200	1E10	9.51E-7	2560	1E10	6.55E-7	320	1E10	3.24E-7	32.6	1.18E-14	6.61E-8	162	2.01E-13	3.86E-10	1.46	3.56E-14	3.15E-9	18.1	5.46E-15	4.48E-8	79.7	1E-30	1E10	1E10	1E-30	1E10	1E10	1E-30	1E10	1E10	1E-30	1E10	1E10	1E-30	1E10	1E10	1E-30	1E10	1E10
103	1.26E-13	1E-30	1E-10	1E10	8.77E-8	0.691	1E10	1E-30	31200	1E10	1.07E-6	2620	1E10	7.7E-7	376	1E10	3.8E-7	38.3	1.36E-14	7.25E-8	159	1.13E-13	7.87E-10	2.78	2.7E-14	5.47E-9	27.3	1.04E-14	2.82E-8	91.5	1.45E-15	1.84E-6	1530	1E-30	1E10	1E10	1E-30	1E10	1E10	1E-30	1E10	1E10	1E-30	1E10	1E10	1E-30	1E10	1E10
104	1.26E-13	1E-30	1E-10	1E10	8.77E-8	0.691	1E10	1E-30	31200	1E10	1.07E-6	2620	1E10	7.7E-7	376	1E10	3.8E-7	38.3	1.36E-14	7.25E-8	159	1.13E-13	7.87E-10	2.78	2.7E-14	5.47E-9	27.3	1.04E-14	2.82E-8	91.5	1.45E-15	1.84E-6	1530	1E-30	1E10	1E10	1E-30	1E10	1E10	1E-30	1E10	1E10	1E-30	1E10	1E10	1E-30	1E10	1E10
105	1.26E-13	1E-30	1E-10	1E10	8.77E-8	0.691	1E10	1E-30	31200	1E10	1.07E-6	2620	1E10	7.7E-7	376	1E10	3.8E-7	38.3	1.36E-14	7.25E-8	159	1.13E-13	7.87E-10	2.78	2.7E-14	5.47E-9	27.3	1.04E-14	2.82E-8	91.5	1.45E-15	1.84E-6	1530	1E-30	1E10	1E10	1E-30	1E10	1E10	1E-30	1E10	1E10	1E-30	1E10	1E10	1E-30	1E10	1E10
106	5.38E-14	1E-30	1E-10	1E10	1.02E-7	0.891	1E10	1E-30	31200	1E10	1.34E-6	3300	1E10	8.44E-7	412	1E10	4.9E-7	49.3	1.67E-14	7.42E-8	145	1.42E-13	5.97E-10	2.16	7.26E-14	1.47E-9	8.65	1.19E-14	3.24E-8	91.5	3.26E-15	1.04E-6	766	2.35E-14	7.21E-9	33.6	1E-30	1E10	1E10	1E-30	1E10	1E10	1E-30	1E10	1E10	1E-30	1E10	1E10
107	5.38E-14	1E-30	1E-10	1E10	1.02E-7	0.891	1E10	1E-30	31200	1E10	1.34E-6	3300	1E10	8.44E-7	412	1E10	4.9E-7	49.3	1.67E-14	7.42E-8	145	1.42E-13	5.97E-10	2.16	7.26E-14	1.47E-9	8.65	1.19E-14	3.24E-8	91.5	3.26E-15	1.04E-6	766	2.35E-14	7.21E-9	33.6	1E-30	1E10	1E10	1E-30	1E10	1E10	1E-30	1E10	1E10	1E-30	1E10	1E10
108	5.38E-14	1E-30	1E-10	1E10	1.02E-7	0.891	1E10	1E-30	31200	1E10	1.34E-6	3300	1E10	8.44E-7	412	1E10	4.9E-7	49.3	1.67E-14	7.42E-8	145	1.42E-13	5.97E-10	2.16	7.26E-14	1.47E-9	8.65	1.19E-14	3.24E-8	91.5	3.26E-15	1.04E-6	766	2.35E-14	7.21E-9	33.6	1E-30	1E10	1E10	1E-30	1E10	1E10	1E-30	1E10	1E10	1E-30	1E10	1E10
109	7.09E-14	1E-30	1E-10	1E10	1.29E-7	0.999	1E10	1E-30	31200	1E10	1.86E-6	4350	1E10	1.11E-6	544	1E10	5.89E-7	59.3	1.1E-14	4.9E-8	145	1.71E-13	5.7E-10	1.92	2.52E-15	2.44E-8	189	3.29E-15	8.53E-8	105	1.6E-14	1.01E-7	171	4.17E-14	3.22E-9	16.8	1E-30	1E10	1E10	1E-30	1E10	1E10	1E-30	1E10	1E10	1E-30	1E10	1E10
110	7.09E-14	1E-30	1E-10	1E10	1.29E-7	0.999	1E10	1E-30	31200	1E10	1.86E-6	4350	1E10	1.11E-6	544	1E10	5.89E-7	59.3	1.1E-14	4.9E-8	145	1.71E-13	5.7E-10	1.92	2.52E-15	2.44E-8	189	3.29E-15	8.53E-8	105	1.6E-14	1.01E-7	171	4.17E-14	3.22E-9	16.8	1E-30	1E10	1E10	1E-30	1E10	1E10	1E-30	1E10	1E10	1E-30	1E10	1E10
111	7.09E-14	1E-30	1E-10	1E10	1.29E-7	0.999	1E10	1E-30	31200	1E10	1.86E-6	4350	1E10	1.11E-6	544	1E10	5.89E-7	59.3	1.1E-14	4.9E-8	145	1.71E-13	5.7E-10	1.92	2.52E-15	2.44E-8	189	3.29E-15	8.53E-8	105	1.6E-14	1.01E-7	171	4.17E-14	3.22E-9	16.8	1E-30	1E10	1E10	1E-30	1E10	1E10	1E-30	1E10	1E10	1E-30	1E10	1E10
112	9.13E-15	1E-30	1E-10	1E10	1.54E-7	1.29	1E10	1E-30	35100	1E10	2.18E-6	4770	1E10	1.17E-6	569	1E10	7.08E-7	71.3	1.18E-14	5.25E-8	145	8.01E-14	1.54E-9	4.61	2.7E-16	2.62E-7	238	1.5E-14	1.95E-8	74.3	1.87E-14	1.08E-7	164	3.31E-14	4.87E-9	15.4	2.4E-13	4.25E-10	2.82	1E-30	1E10	1E10	1E-30	1E10	1E10	1E-30	1E10	1E10
113	9.13E-15	1E-30	1E-10	1E10	1.54E-7	1.29	1E10	1E-30	35100	1E10	2.18E-6	4770	1E10	1.17E-6	569	1E10	7.08E-7	71.3	1.18E-14	5.25E-8	145	8.01E-14	1.54E-9	4.61	2.7E-16	2.62E-7	238	1.5E-14	1.95E-8	74.3	1.87E-14	1.08E-7	164	3.31E-14	4.87E-9	15.4	2.4E-13	4.25E-10	2.82	1E-30	1E10	1E10	1E-30	1E10	1E10	1E-30	1E10	1E10
114	9.13E-15	1E-30	1E-10	1E10	1.54E-7	1.29	1E10	1E-30	35100	1E10	2.18E-6	4770	1E10	1.17E-6	569	1E10	7.08E-7	71.3	1.18E-14	5.25E-8	145	8.01E-14	1.54E-9	4.61	2.7E-16	2.62E-7	238	1.5E-14	1.95E-8	74.3	1.87E-14	1.08E-7	164	3.31E-14	4.87E-9	15.4	2.4E-13	4.25E-10	2.82	1E-30	1E10	1E10	1E-30	1E10	1E10	1E-30	1E10	1E10
115	2.95E-15	1E-30	1E-10	1E10	1.76E-7	2.46	1E10	1E-30	36800	1E10	3.54E-6	7560	1E10	1.62E-6	785	1E10	1.32E-6	133	6.64E-15	8.92E-8	252	7.87E-15	3.72E-8	142	1.29E-14	1.49E-7	232	1.02E-14	1.31E-8	34.5	2.19E-13	3.88E-10	2.82	1E-30	1E10	1E10	1E-30	1E10	1E10	1E-30	1E10	1E10	1E-30	1E10	1E10	1E-30	1E10	1E10
116	2.95E-15	1E-30	1E-10	1E10	1.76E-7	2.46	1E10	1E-30	36800	1E10	3.54E-6	7560	1E10	1.62E-6	785	1E10	1.32E-6	133	6.64E-15	8.92E-8	252	7.87E-15	3.72E-8	142	1.29E-14	1.49E-7	232	1.02E-14	1.31E-8	34.5	2.19E-13	3.88E-10	2.82	1E-30	1E10	1E10	1E-30	1E10	1E10	1E-30	1E10	1E10	1E-30	1E10	1E10	1E-30	1E10	1E10
117	2.95E-15	1E-30	1E-10	1E10	1.76E-7	2.46	1E10	1E-30	36800	1E10	3.54E-6	7560	1E10	1.62E-6	785	1E10	1.32E-6	133	6.64E-15	8.92E-8	252	7.87E-15	3.72E-8	142	1.29E-14	1.49E-7	232	1.02E-14	1.31E-8	34.5	2.19E-13	3.88E-10	2.82	1E-30	1E10	1E10	1E-30	1E10	1E10	1E-30	1E10	1E10	1E-30	1E10	1E10	1E-30	1E10	1E10
118	3.55E-14	1E-30	1E-10	1E10	2.13E-7	2.96	1E10	1E-30	36800	1E10	4.88E-6	9520	1E10	1.9E-6	923	1E10	1.45E-6	146	6.64E-15	1.12E-7	283	3.86E-15	9.55E-8	324	1.29E-14	1.79E-7	254	1.41E-14	9.07E-9	24.4	6.92E-14	1.02E-9	2.04	1.4E-13	6.32E-10	5.35	4.24E-15	4.37E-8	203	1E-30	1E10	1E10	1E-30	1E10	1E10	1E-30	1E10	1E10
119	3.55E-14	1E-30	1E-10	1E10	2.13E-7	2.96	1E10	1E-30	36800	1E10	4.88E-6	9520	1E10	1.9E-6	923	1E10	1.45E-6	146	6.64E-15	1.12E-7	283	3.86E-15	9.55E-8	324	1.29E-14	1.79E-7	254	1.41E-14	9.07E-9	24.4	6.92E-14	1.02E-9	2.04	1.4E-13	6.32E-10	5.35	4.24E-15	4.37E-8	203	1E-30	1E10	1E10	1E-30	1E10	1E10	1E-30	1E10	1E10
120	3.55E-14	1E-30	1E-10	1E10	2.13E-7	2.96	1E10	1E-30	36800	1E10	4.88E-6	9520	1E10	1.9E-6	923	1E10	1.45E-6	146	6.64E-15	1.12E-7	283	3.86E-15	9.55E-8	324	1.29E-14	1.79E-7	254	1.41E-14	9.07E-9	24.4	6.92E-14	1.02E-9	2.04	1.4E-13	6.32E-10	5.35	4.24E-15	4.37E-8	203	1E-30	1E10	1E10	1E-30	1E10	1E10	1E-30	1E10	1E10
121	1.12E-14	1E-30	1E-10	1E10	2.59E-7	3.39	1E10	1E-30	36800	1E10	6.29E-6	10900	1E10	2.18E-6	1060	1E10	1.78E-6	179	4.81E-15	1.86E-7	428	3.21E-15	1.32E-7	418	1.21E-14	2.42E-7	305	2.82E-15	8.66E-8	337	4.9E-14	1.9E-9	5.01	1.94E-14	6.32E-9	18.1	1.77E-13	4.19E-10	4.34	1E-30	1E10	1E10	1E-30	1E10	1E10	1E-30	1E10	1E10
122	1.12E-14	1E-30	1E-10	1E10	2.59E-7	3.39	1E10	1E-30	36800	1E10	6.29E-6	10900	1E10	2.18E-6	1060	1E10	1.78E-6	179	4.81E-15	1.86E-7	428	3.21E-15	1.32E-7	418	1.21E-14	2.42E-7	305	2.82E-15	8.66E-8	337	4.9E-14	1.9E-9	5.01	1.94E-14	6.32E-9	18.1	1.77E-13	4.19E-10	4.34	1E-30	1E10	1E10	1E-30	1E10	1E10	1E-30	1E10	1E10
123	1.12E-14	1E-30	1E-10	1E10	2.59E-7	3.39	1E10	1E-30	36800	1E10	6.29E-6	10900	1E10	2.18E-6	1060	1E10	1.78E-6	179	4.81E-15	1.86E-7	428	3.21E-15	1.32E-7	418	1.21E-14	2.42E-7	305	2.82E-15	8.66E-8	337	4.9E-14	1.9E-9	5.01	1.94E-14	6.32E-9	18.1	1.77E-13	4.19E-10	4.34	1E-30	1E10	1E10	1E-30	1E10	1E10	1E-30	1E10	1E10
124	2.24E-14	1E-30	1E-10	1E10	3.26E-7	4.27	1E10	1E-30	36800	1E10	8.88E-6	13800	1E10	2.56E-6	1240	1E10	2.14E-6	215	6.05E-15	2.04E-7	399	3.86E-15	1.51E-7	408	1.87E-14	2.06E-7	279	3.31E-15	1.07E-7	345	1.74E-14	7.73E-9	17	3.78E-15	5.38E-8	315	2.5E-13	3.74E-10	0.547	1E-30	1E10	1E10	1E-30	1E10	1E10	1E-30	1E10	1E10
125	2.24E-14	1E-30	1E-10	1E10	3.26E-7	4.27	1E10	1E-30	36800	1E10	8.88E-6	13800	1E10	2.56E-6	1240	1E10	2.14E-6	215	6.05E-15	2.04E-7	399	3.86E-15	1.51E-7	408	1.87E-14	2.06E-7	279	3.31E-15	1.07E-7	345	1.74E-14	7.73E-9	17	3.78E-15	5.38E-8	315	2.5E-13	3.74E-10	0.547	1E-30	1E10	1E10	1E-30	1E10	1E10	1E-30	1E10	1E10
126	2.24E-14	1E-30	1E-10	1E10	3.26E-7	4.27	1E10	1E-30	36800	1E10	8.88E-6	13800	1E10	2.56E-6	1240	1E10	2.14E-6	215	6.05E-15	2.04E-7	399	3.86E-15	1.51E-7	408	1.87E-14	2.06E-7	279	3.31E-15	1.07E-7	345	1.74E-14	7.73E-9	17	3.78E-15	5.38E-8	315	2.5E-13	3.74E-10	0.547	1E-30	1E10	1E10	1E-30	1E10	1E10	1E-30	1E10	1E10
END DSCRDATA
