BEGIN DSCRDATA
% INDEX	K01	L01	M01	K02	L02	M02	K03	L03	M03	K04	L04	M04	K05	L05	M05	K06	L06	M06	K07	L07	M07	K08	L08	M08	K09	L09	M09	K10	L10	M10	K11	L11	M11	K12	L12	M12	K13	L13	M13	K14	L14	M14	K15	L15	M15	K16	L16	M16
0	0	0	0	0	0	0	0	0	0	0	0	0	0	0	0	0	0	0	0	0	0	0	0	0	0	0	0	0	0	0	0	0	0	0	0	0	0	0	0	0	0	0	0	0	0	0	0	0
1	6.94E-15	1E-30	1E-10	1E10	7.7E-10	0.0117	1E10	1E-30	18400	1E10	9.33E-8	379	1E10	6.67E-8	40.3	1E10	3.89E-6	461	3.75E-16	3.27E-7	350	1E-30	1E10	1E10	1E-30	1E10	1E10	1E-30	1E10	1E10	1E-30	1E10	1E10	1E-30	1E10	1E10	1E-30	1E10	1E10	1E-30	1E10	1E10	1E-30	1E10	1E10	1E-30	1E10	1E10
2	6.94E-15	1E-30	1E-10	1E10	9.69E-10	7.23E-3	1E10	1E-30	18400	1E10	9.33E-8	379	1E10	3.19E-8	15.3	1E10	4.47E-7	34.2	3.75E-16	3.27E-7	350	1E-30	1E10	1E10	1E-30	1E10	1E10	1E-30	1E10	1E10	1E-30	1E10	1E10	1E-30	1E10	1E10	1E-30	1E10	1E10	1E-30	1E10	1E10	1E-30	1E10	1E10	1E-30	1E10	1E10
3	6.94E-15	1E-30	1E-10	1E10	1.22E-9	0.0245	1E10	1E-30	18400	1E10	1.74E-7	706	1E10	4.21E-8	20.2	1E10	1.62E-5	1630	3.75E-16	3.27E-7	350	1E-30	1E10	1E10	1E-30	1E10	1E10	1E-30	1E10	1E10	1E-30	1E10	1E10	1E-30	1E10	1E10	1E-30	1E10	1E10	1E-30	1E10	1E10	1E-30	1E10	1E10	1E-30	1E10	1E10
4	2.7E-14	1E-30	1E-10	1E10	1.85E-9	0.0323	1E10	1E-30	18400	1E10	1.02E-7	416	1E10	4.02E-8	19.3	1E10	5.13E-8	5.17	4.03E-14	2.54E-9	4.29	1E-30	1E10	1E10	1E-30	1E10	1E10	1E-30	1E10	1E10	1E-30	1E10	1E10	1E-30	1E10	1E10	1E-30	1E10	1E10	1E-30	1E10	1E10	1E-30	1E10	1E10	1E-30	1E10	1E10
5	1.26E-14	1E-30	1E-10	1E10	2.43E-9	0.05	1E10	1E-30	24200	1E10	1.02E-7	456	1E10	4.3E-8	20.7	1E10	5.13E-8	5.17	3.2E-14	2.02E-9	4.29	1E-30	1E10	1E10	1E-30	1E10	1E10	1E-30	1E10	1E10	1E-30	1E10	1E10	1E-30	1E10	1E10	1E-30	1E10	1E10	1E-30	1E10	1E10	1E-30	1E10	1E10	1E-30	1E10	1E10
6	1.55E-14	1E-30	1E-10	1E10	3.13E-9	0.063	1E10	1E-30	20600	1E10	1.15E-7	466	1E10	6.22E-8	29.9	1E10	5.13E-8	5.17	7.68E-14	1.27E-9	2.53	1E-30	1E10	1E10	1E-30	1E10	1E10	1E-30	1E10	1E10	1E-30	1E10	1E10	1E-30	1E10	1E10	1E-30	1E10	1E10	1E-30	1E10	1E10	1E-30	1E10	1E10	1E-30	1E10	1E10
7	2.58E-14	1E-30	1E-10	1E10	3.86E-9	0.074	1E10	1E-30	20600	1E10	1.32E-7	488	1E10	6.98E-8	33.5	1E10	6.61E-8	6.66	4.12E-14	1.72E-9	4.01	1E-30	1E10	1E10	1E-30	1E10	1E10	1E-30	1E10	1E10	1E-30	1E10	1E10	1E-30	1E10	1E10	1E-30	1E10	1E10	1E-30	1E10	1E10	1E-30	1E10	1E10	1E-30	1E10	1E10
8	2.35E-16	1E-30	1E-10	1E10	4.74E-9	0.0812	1E10	1E-30	22100	1E10	1.62E-7	601	1E10	8.02E-8	38.5	1E10	7.25E-8	7.3	9.67E-14	1.11E-9	2.1	1E-30	1E10	1E10	1E-30	1E10	1E10	1E-30	1E10	1E10	1E-30	1E10	1E10	1E-30	1E10	1E10	1E-30	1E10	1E10	1E-30	1E10	1E10	1E-30	1E10	1E10	1E-30	1E10	1E10
9	1.7E-14	1E-30	1E-10	1E10	5.7E-9	0.0812	1E10	1E-30	25400	1E10	1.78E-7	615	1E10	1.16E-7	55.7	1E10	7.25E-8	7.3	9.89E-14	1.13E-9	2.1	1E-30	1E10	1E10	1E-30	1E10	1E10	1E-30	1E10	1E10	1E-30	1E10	1E10	1E-30	1E10	1E10	1E-30	1E10	1E10	1E-30	1E10	1E10	1E-30	1E10	1E10	1E-30	1E10	1E10
10	1.7E-14	1E-30	1E-10	1E10	7.18E-9	0.0812	1E10	1E-30	25400	1E10	2.09E-7	722	1E10	1.16E-7	55.7	1E10	7.25E-8	7.3	9.02E-14	1.13E-9	2.2	1E-30	1E10	1E10	1E-30	1E10	1E10	1E-30	1E10	1E10	1E-30	1E10	1E10	1E-30	1E10	1E10	1E-30	1E10	1E10	1E-30	1E10	1E10	1E-30	1E10	1E10	1E-30	1E10	1E10
11	2.64E-14	1E-30	1E-10	1E10	8.84E-9	0.107	1E10	1E-30	25400	1E10	2.57E-7	868	1E10	1.43E-7	68.5	1E10	7.25E-8	7.3	1.19E-13	1.13E-9	1.56	1E-30	1E10	1E10	1E-30	1E10	1E10	1E-30	1E10	1E10	1E-30	1E10	1E10	1E-30	1E10	1E10	1E-30	1E10	1E10	1E-30	1E10	1E10	1E-30	1E10	1E10	1E-30	1E10	1E10
12	3.72E-14	1E-30	1E-10	1E10	1.07E-8	0.129	1E10	1E-30	23100	1E10	3.16E-7	930	1E10	1.88E-7	90.3	1E10	1E-7	10.1	1.51E-14	1.55E-8	19.1	1.22E-13	1.21E-9	2.2	1E-30	1E10	1E10	1E-30	1E10	1E10	1E-30	1E10	1E10	1E-30	1E10	1E10	1E-30	1E10	1E10	1E-30	1E10	1E10	1E-30	1E10	1E10	1E-30	1E10	1E10
13	1.91E-14	1E-30	1E-10	1E10	1.3E-8	0.17	1E10	1E-30	20600	1E10	3.55E-7	810	1E10	2.26E-7	109	1E10	1.41E-7	14.2	2.51E-14	2.57E-9	6.05	1.08E-13	1.56E-9	2.65	1E-30	1E10	1E10	1E-30	1E10	1E10	1E-30	1E10	1E10	1E-30	1E10	1E10	1E-30	1E10	1E10	1E-30	1E10	1E10	1E-30	1E10	1E10	1E-30	1E10	1E10
14	2.76E-14	1E-30	1E-10	1E10	1.63E-8	0.17	1E10	1E-30	23700	1E10	4.46E-7	1070	1E10	3.27E-7	161	1E10	1.29E-7	13	3.72E-14	2.4E-9	4.8	1.33E-13	1.46E-9	2.84	1E-30	1E10	1E10	1E-30	1E10	1E10	1E-30	1E10	1E10	1E-30	1E10	1E10	1E-30	1E10	1E10	1E-30	1E10	1E10	1E-30	1E10	1E10	1E-30	1E10	1E10
15	2.76E-14	1E-30	1E-10	1E10	2.01E-8	0.204	1E10	1E-30	27800	1E10	5.49E-7	1310	1E10	3.84E-7	189	1E10	1.45E-7	14.6	8.32E-14	1.29E-9	2.35	7.86E-14	2.98E-9	5.28	1E-30	1E10	1E10	1E-30	1E10	1E10	1E-30	1E10	1E10	1E-30	1E10	1E10	1E-30	1E10	1E10	1E-30	1E10	1E10	1E-30	1E10	1E10	1E-30	1E10	1E10
16	2E-14	1E-30	1E-10	1E10	2.5E-8	0.309	1E10	1E-30	27200	1E10	6.45E-7	1510	1E10	4.4E-7	217	1E10	1.95E-7	19.7	1.1E-13	1.07E-9	1.87	1.44E-14	4.69E-9	10.7	4.52E-14	6.83E-9	8.37	6.71E-17	1.1E-5	618	1E-30	1E10	1E10	1E-30	1E10	1E10	1E-30	1E10	1E10	1E-30	1E10	1E10	1E-30	1E10	1E10	1E-30	1E10	1E10
17	2E-14	1E-30	1E-10	1E10	3.01E-8	0.269	1E10	1E-30	30500	1E10	9.11E-7	2130	1E10	5.42E-7	266	1E10	2.29E-7	23.1	9.34E-14	1.52E-9	2.7	4.34E-14	1.87E-9	3.88	4.12E-14	9.43E-9	10.3	6.12E-17	1.59E-5	1950	1E-30	1E10	1E10	1E-30	1E10	1E10	1E-30	1E10	1E10	1E-30	1E10	1E10	1E-30	1E10	1E10	1E-30	1E10	1E10
18	3.4E-14	1E-30	1E-10	1E10	3.7E-8	0.346	1E10	1E-30	29800	1E10	1.23E-6	2880	1E10	5.94E-7	292	1E10	2.82E-7	28.4	7.95E-14	2.04E-9	3.9	5.73E-14	1.87E-9	3.38	3.43E-14	1.49E-8	14.2	6.61E-15	1.28E-8	21.7	1.85E-16	6.94E-6	743	1E-30	1E10	1E10	1E-30	1E10	1E10	1E-30	1E10	1E10	1E-30	1E10	1E10	1E-30	1E10	1E10
19	2.89E-14	1E-30	1E-10	1E10	4.46E-8	0.426	1E10	1E-30	27800	1E10	1.51E-6	3540	1E10	6.52E-7	320	1E10	3.39E-7	34.2	4.57E-14	4.27E-9	8.94	1.07E-13	1.1E-9	1.9	2.43E-14	2.66E-8	22.5	1.45E-14	4.88E-9	18	1.11E-15	1.32E-6	132	1E-30	1E10	1E10	1E-30	1E10	1E10	1E-30	1E10	1E10	1E-30	1E10	1E10	1E-30	1E10	1E10
20	2.14E-14	1E-30	1E-10	1E10	5.25E-8	0.467	1E10	1E-30	36700	1E10	1.86E-6	4350	1E10	8.39E-7	413	1E10	4.58E-7	46.1	3.8E-14	6.17E-9	11.8	7.21E-14	1.78E-9	1.02	2.37E-14	3.12E-8	24.7	6.61E-14	1.34E-9	4.42	2.49E-16	7.44E-6	1050	1E-30	1E10	1E10	1E-30	1E10	1E10	1E-30	1E10	1E10	1E-30	1E10	1E10	1E-30	1E10	1E10
21	3.9E-14	1E-30	1E-10	1E10	6.39E-8	0.512	1E10	1E-30	36700	1E10	2.04E-6	4770	1E10	1.03E-6	508	1E10	4.58E-7	46.1	2.46E-14	1.2E-8	20.5	9.36E-15	7.53E-9	17.6	6.88E-14	2.14E-9	4.16	2.07E-14	4.51E-8	40.1	7.25E-14	1.47E-9	4.42	1.11E-16	2.1E-5	6180	1E-30	1E10	1E10	1E-30	1E10	1E10	1E-30	1E10	1E10	1E-30	1E10	1E10
22	3.17E-14	1E-30	1E-10	1E10	7.71E-8	0.524	1E10	1E-30	40200	1E10	2.69E-6	6290	1E10	1.3E-6	639	1E10	5.76E-7	58	1.55E-14	2.19E-8	34.8	7.1E-15	1.04E-8	23.8	3.45E-14	4.91E-9	10.7	1.43E-14	7.84E-8	49.3	1.35E-13	8.28E-10	2.43	1E-30	1E10	1E10	1E-30	1E10	1E10	1E-30	1E10	1E10	1E-30	1E10	1E10	1E-30	1E10	1E10
23	3.72E-14	1E-30	1E-10	1E10	9.44E-8	0.675	1E10	1E-30	40200	1E10	3.38E-6	7920	1E10	1.4E-6	685	1E10	6.92E-7	69.7	1.83E-14	2.57E-8	55.1	2.65E-15	2.67E-8	103	5.64E-14	2.08E-9	2.49	3.96E-14	5.64E-9	20.5	1.64E-14	9E-8	55.3	7.59E-14	1.85E-9	4.85	1E-30	1E10	1E10	1E-30	1E10	1E10	1E-30	1E10	1E10	1E-30	1E10	1E10
24	4.68E-14	1E-30	1E-10	1E10	1.12E-7	0.741	1E10	1E-30	53E3	1E10	3.54E-6	8290	1E10	1.89E-6	924	1E10	7.95E-7	80	1.83E-14	3.24E-8	57.7	6.07E-14	1.53E-9	5.29	5.77E-14	2.23E-9	2.55	1.44E-14	2.05E-8	24.6	1.88E-14	9.43E-8	59.3	8.32E-14	2.13E-9	5.83	6.91E-16	6.44E-6	3420	1E-30	1E10	1E10	1E-30	1E10	1E10	1E-30	1E10	1E10
END DSCRDATA
