BEGIN DSCRDATA
% INDEX	K01	L01	M01	K02	L02	M02	K03	L03	M03	K04	L04	M04	K05	L05	M05	K06	L06	M06	K07	L07	M07	K08	L08	M08	K09	L09	M09	K10	L10	M10	K11	L11	M11	K12	L12	M12	K13	L13	M13	K14	L14	M14	K15	L15	M15	K16	L16	M16
0	0	0	0	0	0	0	0	0	0	0	0	0	0	0	0	0	0	0	0	0	0	0	0	0	0	0	0	0	0	0	0	0	0	0	0	0	0	0	0	0	0	0	0	0	0	0	0	0
1	4.53E-14	1E-30	1E-10	1E10	6.72E-10	0.0155	1E10	1E-30	1680	1E10	1.41E-8	62.4	1E10	7.15E-9	4.79	1E10	4.08E-9	0.0793	1E-30	1E10	1E10	1E-30	1E10	1E10	1E-30	1E10	1E10	1E-30	1E10	1E10	1E-30	1E10	1E10	1E-30	1E10	1E10	1E-30	1E10	1E10	1E-30	1E10	1E10	1E-30	1E10	1E10	1E-30	1E10	1E10
2	4.53E-14	1E-30	1E-10	1E10	6.72E-10	0.0155	1E10	1E-30	1680	1E10	1.41E-8	62.4	1E10	7.15E-9	4.79	1E10	4.08E-9	0.0793	1E-30	1E10	1E10	1E-30	1E10	1E10	1E-30	1E10	1E10	1E-30	1E10	1E10	1E-30	1E10	1E10	1E-30	1E10	1E10	1E-30	1E10	1E10	1E-30	1E10	1E10	1E-30	1E10	1E10	1E-30	1E10	1E10
3	4.53E-14	1E-30	1E-10	1E10	6.72E-10	0.0155	1E10	1E-30	1680	1E10	1.41E-8	62.4	1E10	7.15E-9	4.79	1E10	4.08E-9	0.0793	1E-30	1E10	1E10	1E-30	1E10	1E10	1E-30	1E10	1E10	1E-30	1E10	1E10	1E-30	1E10	1E10	1E-30	1E10	1E10	1E-30	1E10	1E10	1E-30	1E10	1E10	1E-30	1E10	1E10	1E-30	1E10	1E10
4	4.53E-14	1E-30	1E-10	1E10	6.75E-10	0.0183	1E10	1E-30	2650	1E10	1.4E-8	59.6	1E10	1.68E-8	12.9	1E10	2.69E-8	5.74	1E-30	1E10	1E10	1E-30	1E10	1E10	1E-30	1E10	1E10	1E-30	1E10	1E10	1E-30	1E10	1E10	1E-30	1E10	1E10	1E-30	1E10	1E10	1E-30	1E10	1E10	1E-30	1E10	1E10	1E-30	1E10	1E10
5	4.53E-14	1E-30	1E-10	1E10	6.75E-10	0.0183	1E10	1E-30	2650	1E10	1.4E-8	59.6	1E10	1.68E-8	12.9	1E10	2.69E-8	5.74	1E-30	1E10	1E10	1E-30	1E10	1E10	1E-30	1E10	1E10	1E-30	1E10	1E10	1E-30	1E10	1E10	1E-30	1E10	1E10	1E-30	1E10	1E10	1E-30	1E10	1E10	1E-30	1E10	1E10	1E-30	1E10	1E10
6	4.53E-14	1E-30	1E-10	1E10	6.75E-10	0.0183	1E10	1E-30	2650	1E10	1.4E-8	59.6	1E10	1.68E-8	12.9	1E10	2.69E-8	5.74	1E-30	1E10	1E10	1E-30	1E10	1E10	1E-30	1E10	1E10	1E-30	1E10	1E10	1E-30	1E10	1E10	1E-30	1E10	1E10	1E-30	1E10	1E10	1E-30	1E10	1E10	1E-30	1E10	1E10	1E-30	1E10	1E10
7	3.76E-14	1E-30	1E-10	1E10	8.7E-10	0.0209	1E10	1E-30	7300	1E10	6.09E-9	2.89	1E10	8.09E-8	78.7	1E10	2.08E-8	93.5	1E-30	1E10	1E10	1E-30	1E10	1E10	1E-30	1E10	1E10	1E-30	1E10	1E10	1E-30	1E10	1E10	1E-30	1E10	1E10	1E-30	1E10	1E10	1E-30	1E10	1E10	1E-30	1E10	1E10	1E-30	1E10	1E10
8	3.76E-14	1E-30	1E-10	1E10	8.7E-10	0.0209	1E10	1E-30	7300	1E10	6.09E-9	2.89	1E10	8.09E-8	78.7	1E10	2.08E-8	93.5	1E-30	1E10	1E10	1E-30	1E10	1E10	1E-30	1E10	1E10	1E-30	1E10	1E10	1E-30	1E10	1E10	1E-30	1E10	1E10	1E-30	1E10	1E10	1E-30	1E10	1E10	1E-30	1E10	1E10	1E-30	1E10	1E10
9	3.76E-14	1E-30	1E-10	1E10	8.7E-10	0.0209	1E10	1E-30	7300	1E10	6.09E-9	2.89	1E10	8.09E-8	78.7	1E10	2.08E-8	93.5	1E-30	1E10	1E10	1E-30	1E10	1E10	1E-30	1E10	1E10	1E-30	1E10	1E10	1E-30	1E10	1E10	1E-30	1E10	1E10	1E-30	1E10	1E10	1E-30	1E10	1E10	1E-30	1E10	1E10	1E-30	1E10	1E10
10	4.53E-14	1E-30	1E-10	1E10	9.34E-10	0.0296	1E10	1E-30	5410	1E10	2.62E-8	172	1E10	1.88E-8	24.6	1E10	1.18E-8	5.24	1E-30	1E10	1E10	1E-30	1E10	1E10	1E-30	1E10	1E10	1E-30	1E10	1E10	1E-30	1E10	1E10	1E-30	1E10	1E10	1E-30	1E10	1E10	1E-30	1E10	1E10	1E-30	1E10	1E10	1E-30	1E10	1E10
11	4.53E-14	1E-30	1E-10	1E10	9.34E-10	0.0296	1E10	1E-30	5410	1E10	2.62E-8	172	1E10	1.88E-8	24.6	1E10	1.18E-8	5.24	1E-30	1E10	1E10	1E-30	1E10	1E10	1E-30	1E10	1E10	1E-30	1E10	1E10	1E-30	1E10	1E10	1E-30	1E10	1E10	1E-30	1E10	1E10	1E-30	1E10	1E10	1E-30	1E10	1E10	1E-30	1E10	1E10
12	4.53E-14	1E-30	1E-10	1E10	9.34E-10	0.0296	1E10	1E-30	5410	1E10	2.62E-8	172	1E10	1.88E-8	24.6	1E10	1.18E-8	5.24	1E-30	1E10	1E10	1E-30	1E10	1E10	1E-30	1E10	1E10	1E-30	1E10	1E10	1E-30	1E10	1E10	1E-30	1E10	1E10	1E-30	1E10	1E10	1E-30	1E10	1E10	1E-30	1E10	1E10	1E-30	1E10	1E10
13	4.53E-14	1E-30	1E-10	1E10	1.12E-9	0.0355	1E10	1E-30	3930	1E10	2.5E-8	122	1E10	1.49E-8	12	1E10	2.4E-8	5.12	1E-30	1E10	1E10	1E-30	1E10	1E10	1E-30	1E10	1E10	1E-30	1E10	1E10	1E-30	1E10	1E10	1E-30	1E10	1E10	1E-30	1E10	1E10	1E-30	1E10	1E10	1E-30	1E10	1E10	1E-30	1E10	1E10
14	4.53E-14	1E-30	1E-10	1E10	1.12E-9	0.0355	1E10	1E-30	3930	1E10	2.5E-8	122	1E10	1.49E-8	12	1E10	2.4E-8	5.12	1E-30	1E10	1E10	1E-30	1E10	1E10	1E-30	1E10	1E10	1E-30	1E10	1E10	1E-30	1E10	1E10	1E-30	1E10	1E10	1E-30	1E10	1E10	1E-30	1E10	1E10	1E-30	1E10	1E10	1E-30	1E10	1E10
15	4.53E-14	1E-30	1E-10	1E10	1.12E-9	0.0355	1E10	1E-30	3930	1E10	2.5E-8	122	1E10	1.49E-8	12	1E10	2.4E-8	5.12	1E-30	1E10	1E10	1E-30	1E10	1E10	1E-30	1E10	1E10	1E-30	1E10	1E10	1E-30	1E10	1E10	1E-30	1E10	1E10	1E-30	1E10	1E10	1E-30	1E10	1E10	1E-30	1E10	1E10	1E-30	1E10	1E10
16	4.85E-14	1E-30	1E-10	1E10	1.2E-9	0.0447	1E10	1E-30	3840	1E10	2.23E-8	113	1E10	1.19E-8	9.56	1E10	9.57E-8	1.58	1E-30	1E10	1E10	1E-30	1E10	1E10	1E-30	1E10	1E10	1E-30	1E10	1E10	1E-30	1E10	1E10	1E-30	1E10	1E10	1E-30	1E10	1E10	1E-30	1E10	1E10	1E-30	1E10	1E10	1E-30	1E10	1E10
17	4.85E-14	1E-30	1E-10	1E10	1.2E-9	0.0447	1E10	1E-30	3840	1E10	2.23E-8	113	1E10	1.19E-8	9.56	1E10	9.57E-8	1.58	1E-30	1E10	1E10	1E-30	1E10	1E10	1E-30	1E10	1E10	1E-30	1E10	1E10	1E-30	1E10	1E10	1E-30	1E10	1E10	1E-30	1E10	1E10	1E-30	1E10	1E10	1E-30	1E10	1E10	1E-30	1E10	1E10
18	4.85E-14	1E-30	1E-10	1E10	1.2E-9	0.0447	1E10	1E-30	3840	1E10	2.23E-8	113	1E10	1.19E-8	9.56	1E10	9.57E-8	1.58	1E-30	1E10	1E10	1E-30	1E10	1E10	1E-30	1E10	1E10	1E-30	1E10	1E10	1E-30	1E10	1E10	1E-30	1E10	1E10	1E-30	1E10	1E10	1E-30	1E10	1E10	1E-30	1E10	1E10	1E-30	1E10	1E10
19	5.44E-14	1E-30	1E-10	1E10	1.26E-9	0.0525	1E10	1E-30	4020	1E10	3.54E-8	193	1E10	1.42E-8	16.6	1E10	1.52E-7	1.99	1E-30	1E10	1E10	1E-30	1E10	1E10	1E-30	1E10	1E10	1E-30	1E10	1E10	1E-30	1E10	1E10	1E-30	1E10	1E10	1E-30	1E10	1E10	1E-30	1E10	1E10	1E-30	1E10	1E10	1E-30	1E10	1E10
20	5.44E-14	1E-30	1E-10	1E10	1.26E-9	0.0525	1E10	1E-30	4020	1E10	3.54E-8	193	1E10	1.42E-8	16.6	1E10	1.52E-7	1.99	1E-30	1E10	1E10	1E-30	1E10	1E10	1E-30	1E10	1E10	1E-30	1E10	1E10	1E-30	1E10	1E10	1E-30	1E10	1E10	1E-30	1E10	1E10	1E-30	1E10	1E10	1E-30	1E10	1E10	1E-30	1E10	1E10
21	5.44E-14	1E-30	1E-10	1E10	1.26E-9	0.0525	1E10	1E-30	4020	1E10	3.54E-8	193	1E10	1.42E-8	16.6	1E10	1.52E-7	1.99	1E-30	1E10	1E10	1E-30	1E10	1E10	1E-30	1E10	1E10	1E-30	1E10	1E10	1E-30	1E10	1E10	1E-30	1E10	1E10	1E-30	1E10	1E10	1E-30	1E10	1E10	1E-30	1E10	1E10	1E-30	1E10	1E10
22	7.18E-14	1E-30	1E-10	1E10	1.38E-9	0.0502	1E10	1E-30	4110	1E10	3.22E-8	143	1E10	1.75E-8	19.1	1E10	5.77E-8	2.88	1E-30	1E10	1E10	1E-30	1E10	1E10	1E-30	1E10	1E10	1E-30	1E10	1E10	1E-30	1E10	1E10	1E-30	1E10	1E10	1E-30	1E10	1E10	1E-30	1E10	1E10	1E-30	1E10	1E10	1E-30	1E10	1E10
23	7.18E-14	1E-30	1E-10	1E10	1.38E-9	0.0502	1E10	1E-30	4110	1E10	3.22E-8	143	1E10	1.75E-8	19.1	1E10	5.77E-8	2.88	1E-30	1E10	1E10	1E-30	1E10	1E10	1E-30	1E10	1E10	1E-30	1E10	1E10	1E-30	1E10	1E10	1E-30	1E10	1E10	1E-30	1E10	1E10	1E-30	1E10	1E10	1E-30	1E10	1E10	1E-30	1E10	1E10
24	7.18E-14	1E-30	1E-10	1E10	1.38E-9	0.0502	1E10	1E-30	4110	1E10	3.22E-8	143	1E10	1.75E-8	19.1	1E10	5.77E-8	2.88	1E-30	1E10	1E10	1E-30	1E10	1E10	1E-30	1E10	1E10	1E-30	1E10	1E10	1E-30	1E10	1E10	1E-30	1E10	1E10	1E-30	1E10	1E10	1E-30	1E10	1E10	1E-30	1E10	1E10	1E-30	1E10	1E10
25	7.18E-14	1E-30	1E-10	1E10	1.51E-9	0.0631	1E10	1E-30	6510	1E10	3.38E-8	160	1E10	2.48E-8	25.7	1E10	8.53E-6	107	1E-30	1E10	1E10	1E-30	1E10	1E10	1E-30	1E10	1E10	1E-30	1E10	1E10	1E-30	1E10	1E10	1E-30	1E10	1E10	1E-30	1E10	1E10	1E-30	1E10	1E10	1E-30	1E10	1E10	1E-30	1E10	1E10
26	7.18E-14	1E-30	1E-10	1E10	1.51E-9	0.0631	1E10	1E-30	6510	1E10	3.38E-8	160	1E10	2.48E-8	25.7	1E10	8.53E-6	107	1E-30	1E10	1E10	1E-30	1E10	1E10	1E-30	1E10	1E10	1E-30	1E10	1E10	1E-30	1E10	1E10	1E-30	1E10	1E10	1E-30	1E10	1E10	1E-30	1E10	1E10	1E-30	1E10	1E10	1E-30	1E10	1E10
27	7.18E-14	1E-30	1E-10	1E10	1.51E-9	0.0631	1E10	1E-30	6510	1E10	3.38E-8	160	1E10	2.48E-8	25.7	1E10	8.53E-6	107	1E-30	1E10	1E10	1E-30	1E10	1E10	1E-30	1E10	1E10	1E-30	1E10	1E10	1E-30	1E10	1E10	1E-30	1E10	1E10	1E-30	1E10	1E10	1E-30	1E10	1E10	1E-30	1E10	1E10	1E-30	1E10	1E10
28	6.7E-14	1E-30	1E-10	1E10	1.95E-9	0.0813	1E10	1E-30	8200	1E10	4.45E-8	254	1E10	1.97E-8	22.9	1E10	1.21E-8	0.407	1E-30	1E10	1E10	1E-30	1E10	1E10	1E-30	1E10	1E10	1E-30	1E10	1E10	1E-30	1E10	1E10	1E-30	1E10	1E10	1E-30	1E10	1E10	1E-30	1E10	1E10	1E-30	1E10	1E10	1E-30	1E10	1E10
29	6.7E-14	1E-30	1E-10	1E10	1.95E-9	0.0813	1E10	1E-30	8200	1E10	4.45E-8	254	1E10	1.97E-8	22.9	1E10	1.21E-8	0.407	1E-30	1E10	1E10	1E-30	1E10	1E10	1E-30	1E10	1E10	1E-30	1E10	1E10	1E-30	1E10	1E10	1E-30	1E10	1E10	1E-30	1E10	1E10	1E-30	1E10	1E10	1E-30	1E10	1E10	1E-30	1E10	1E10
30	6.7E-14	1E-30	1E-10	1E10	1.95E-9	0.0813	1E10	1E-30	8200	1E10	4.45E-8	254	1E10	1.97E-8	22.9	1E10	1.21E-8	0.407	1E-30	1E10	1E10	1E-30	1E10	1E10	1E-30	1E10	1E10	1E-30	1E10	1E10	1E-30	1E10	1E10	1E-30	1E10	1E10	1E-30	1E10	1E10	1E-30	1E10	1E10	1E-30	1E10	1E10	1E-30	1E10	1E10
31	6.85E-14	1E-30	1E-10	1E10	1.95E-9	0.0813	1E10	1E-30	12500	1E10	6.14E-8	335	1E10	2.06E-8	25.8	1E10	6.62E-8	0.561	1E-30	1E10	1E10	1E-30	1E10	1E10	1E-30	1E10	1E10	1E-30	1E10	1E10	1E-30	1E10	1E10	1E-30	1E10	1E10	1E-30	1E10	1E10	1E-30	1E10	1E10	1E-30	1E10	1E10	1E-30	1E10	1E10
32	6.85E-14	1E-30	1E-10	1E10	1.95E-9	0.0813	1E10	1E-30	12500	1E10	6.14E-8	335	1E10	2.06E-8	25.8	1E10	6.62E-8	0.561	1E-30	1E10	1E10	1E-30	1E10	1E10	1E-30	1E10	1E10	1E-30	1E10	1E10	1E-30	1E10	1E10	1E-30	1E10	1E10	1E-30	1E10	1E10	1E-30	1E10	1E10	1E-30	1E10	1E10	1E-30	1E10	1E10
33	6.85E-14	1E-30	1E-10	1E10	1.95E-9	0.0813	1E10	1E-30	12500	1E10	6.14E-8	335	1E10	2.06E-8	25.8	1E10	6.62E-8	0.561	1E-30	1E10	1E10	1E-30	1E10	1E10	1E-30	1E10	1E10	1E-30	1E10	1E10	1E-30	1E10	1E10	1E-30	1E10	1E10	1E-30	1E10	1E10	1E-30	1E10	1E10	1E-30	1E10	1E10	1E-30	1E10	1E10
34	5.2E-14	1E-30	1E-10	1E10	2.04E-9	0.0502	1E10	1E-30	6660	1E10	2.62E-8	96.6	1E10	1.13E-8	4.18	1E10	7.78E-8	26.3	1E-30	1E10	1E10	1E-30	1E10	1E10	1E-30	1E10	1E10	1E-30	1E10	1E10	1E-30	1E10	1E10	1E-30	1E10	1E10	1E-30	1E10	1E10	1E-30	1E10	1E10	1E-30	1E10	1E10	1E-30	1E10	1E10
35	5.2E-14	1E-30	1E-10	1E10	2.04E-9	0.0502	1E10	1E-30	6660	1E10	2.62E-8	96.6	1E10	1.13E-8	4.18	1E10	7.78E-8	26.3	1E-30	1E10	1E10	1E-30	1E10	1E10	1E-30	1E10	1E10	1E-30	1E10	1E10	1E-30	1E10	1E10	1E-30	1E10	1E10	1E-30	1E10	1E10	1E-30	1E10	1E10	1E-30	1E10	1E10	1E-30	1E10	1E10
36	5.2E-14	1E-30	1E-10	1E10	2.04E-9	0.0502	1E10	1E-30	6660	1E10	2.62E-8	96.6	1E10	1.13E-8	4.18	1E10	7.78E-8	26.3	1E-30	1E10	1E10	1E-30	1E10	1E10	1E-30	1E10	1E10	1E-30	1E10	1E10	1E-30	1E10	1E10	1E-30	1E10	1E10	1E-30	1E10	1E10	1E-30	1E10	1E10	1E-30	1E10	1E10	1E-30	1E10	1E10
37	5.2E-14	1E-30	1E-10	1E10	2.14E-9	0.0603	1E10	1E-30	8990	1E10	2.74E-8	101	1E10	1.36E-8	5.38	1E10	7.78E-8	26.3	1E-30	1E10	1E10	1E-30	1E10	1E10	1E-30	1E10	1E10	1E-30	1E10	1E10	1E-30	1E10	1E10	1E-30	1E10	1E10	1E-30	1E10	1E10	1E-30	1E10	1E10	1E-30	1E10	1E10	1E-30	1E10	1E10
38	5.2E-14	1E-30	1E-10	1E10	2.14E-9	0.0603	1E10	1E-30	8990	1E10	2.74E-8	101	1E10	1.36E-8	5.38	1E10	7.78E-8	26.3	1E-30	1E10	1E10	1E-30	1E10	1E10	1E-30	1E10	1E10	1E-30	1E10	1E10	1E-30	1E10	1E10	1E-30	1E10	1E10	1E-30	1E10	1E10	1E-30	1E10	1E10	1E-30	1E10	1E10	1E-30	1E10	1E10
39	5.2E-14	1E-30	1E-10	1E10	2.14E-9	0.0603	1E10	1E-30	8990	1E10	2.74E-8	101	1E10	1.36E-8	5.38	1E10	7.78E-8	26.3	1E-30	1E10	1E10	1E-30	1E10	1E10	1E-30	1E10	1E10	1E-30	1E10	1E10	1E-30	1E10	1E10	1E-30	1E10	1E10	1E-30	1E10	1E10	1E-30	1E10	1E10	1E-30	1E10	1E10	1E-30	1E10	1E10
40	6.25E-14	1E-30	1E-10	1E10	2.24E-9	0.0832	1E10	1E-30	11100	1E10	6.43E-8	343	1E10	1.88E-8	20.5	1E10	6.47E-8	0.489	1E-30	1E10	1E10	1E-30	1E10	1E10	1E-30	1E10	1E10	1E-30	1E10	1E10	1E-30	1E10	1E10	1E-30	1E10	1E10	1E-30	1E10	1E10	1E-30	1E10	1E10	1E-30	1E10	1E10	1E-30	1E10	1E10
41	6.25E-14	1E-30	1E-10	1E10	2.24E-9	0.0832	1E10	1E-30	11100	1E10	6.43E-8	343	1E10	1.88E-8	20.5	1E10	6.47E-8	0.489	1E-30	1E10	1E10	1E-30	1E10	1E10	1E-30	1E10	1E10	1E-30	1E10	1E10	1E-30	1E10	1E10	1E-30	1E10	1E10	1E-30	1E10	1E10	1E-30	1E10	1E10	1E-30	1E10	1E10	1E-30	1E10	1E10
42	6.25E-14	1E-30	1E-10	1E10	2.24E-9	0.0832	1E10	1E-30	11100	1E10	6.43E-8	343	1E10	1.88E-8	20.5	1E10	6.47E-8	0.489	1E-30	1E10	1E10	1E-30	1E10	1E10	1E-30	1E10	1E10	1E-30	1E10	1E10	1E-30	1E10	1E10	1E-30	1E10	1E10	1E-30	1E10	1E10	1E-30	1E10	1E10	1E-30	1E10	1E10	1E-30	1E10	1E10
43	6.25E-14	1E-30	1E-10	1E10	2.35E-9	0.0872	1E10	1E-30	5170	1E10	6.43E-8	351	1E10	2.02E-8	20	1E10	6.33E-8	0.407	1E-30	1E10	1E10	1E-30	1E10	1E10	1E-30	1E10	1E10	1E-30	1E10	1E10	1E-30	1E10	1E10	1E-30	1E10	1E10	1E-30	1E10	1E10	1E-30	1E10	1E10	1E-30	1E10	1E10	1E-30	1E10	1E10
44	6.25E-14	1E-30	1E-10	1E10	2.35E-9	0.0872	1E10	1E-30	5170	1E10	6.43E-8	351	1E10	2.02E-8	20	1E10	6.33E-8	0.407	1E-30	1E10	1E10	1E-30	1E10	1E10	1E-30	1E10	1E10	1E-30	1E10	1E10	1E-30	1E10	1E10	1E-30	1E10	1E10	1E-30	1E10	1E10	1E-30	1E10	1E10	1E-30	1E10	1E10	1E-30	1E10	1E10
45	6.25E-14	1E-30	1E-10	1E10	2.35E-9	0.0872	1E10	1E-30	5170	1E10	6.43E-8	351	1E10	2.02E-8	20	1E10	6.33E-8	0.407	1E-30	1E10	1E10	1E-30	1E10	1E10	1E-30	1E10	1E10	1E-30	1E10	1E10	1E-30	1E10	1E10	1E-30	1E10	1E10	1E-30	1E10	1E10	1E-30	1E10	1E10	1E-30	1E10	1E10	1E-30	1E10	1E10
46	6.85E-14	1E-30	1E-10	1E10	2.51E-9	0.0872	1E10	1E-30	5800	1E10	6.43E-8	320	1E10	2.02E-8	20	1E10	6.62E-8	0.388	1E-30	1E10	1E10	1E-30	1E10	1E10	1E-30	1E10	1E10	1E-30	1E10	1E10	1E-30	1E10	1E10	1E-30	1E10	1E10	1E-30	1E10	1E10	1E-30	1E10	1E10	1E-30	1E10	1E10	1E-30	1E10	1E10
47	6.85E-14	1E-30	1E-10	1E10	2.51E-9	0.0872	1E10	1E-30	5800	1E10	6.43E-8	320	1E10	2.02E-8	20	1E10	6.62E-8	0.388	1E-30	1E10	1E10	1E-30	1E10	1E10	1E-30	1E10	1E10	1E-30	1E10	1E10	1E-30	1E10	1E10	1E-30	1E10	1E10	1E-30	1E10	1E10	1E-30	1E10	1E10	1E-30	1E10	1E10	1E-30	1E10	1E10
48	6.85E-14	1E-30	1E-10	1E10	2.51E-9	0.0872	1E10	1E-30	5800	1E10	6.43E-8	320	1E10	2.02E-8	20	1E10	6.62E-8	0.388	1E-30	1E10	1E10	1E-30	1E10	1E10	1E-30	1E10	1E10	1E-30	1E10	1E10	1E-30	1E10	1E10	1E-30	1E10	1E10	1E-30	1E10	1E10	1E-30	1E10	1E10	1E-30	1E10	1E10	1E-30	1E10	1E10
49	7.34E-14	1E-30	1E-10	1E10	2.57E-9	0.0872	1E10	1E-30	11100	1E10	6.43E-8	313	1E10	2.26E-8	21.9	1E10	7.6E-8	0.793	1E-30	1E10	1E10	1E-30	1E10	1E10	1E-30	1E10	1E10	1E-30	1E10	1E10	1E-30	1E10	1E10	1E-30	1E10	1E10	1E-30	1E10	1E10	1E-30	1E10	1E10	1E-30	1E10	1E10	1E-30	1E10	1E10
50	7.34E-14	1E-30	1E-10	1E10	2.57E-9	0.0872	1E10	1E-30	11100	1E10	6.43E-8	313	1E10	2.26E-8	21.9	1E10	7.6E-8	0.793	1E-30	1E10	1E10	1E-30	1E10	1E10	1E-30	1E10	1E10	1E-30	1E10	1E10	1E-30	1E10	1E10	1E-30	1E10	1E10	1E-30	1E10	1E10	1E-30	1E10	1E10	1E-30	1E10	1E10	1E-30	1E10	1E10
51	7.34E-14	1E-30	1E-10	1E10	2.57E-9	0.0872	1E10	1E-30	11100	1E10	6.43E-8	313	1E10	2.26E-8	21.9	1E10	7.6E-8	0.793	1E-30	1E10	1E10	1E-30	1E10	1E10	1E-30	1E10	1E10	1E-30	1E10	1E10	1E-30	1E10	1E10	1E-30	1E10	1E10	1E-30	1E10	1E10	1E-30	1E10	1E10	1E-30	1E10	1E10	1E-30	1E10	1E10
52	7.01E-14	1E-30	1E-10	1E10	2.82E-9	0.0813	1E10	1E-30	11100	1E10	6E-8	266	1E10	2.42E-8	17.4	1E10	7.96E-7	7.07	1E-30	1E10	1E10	1E-30	1E10	1E10	1E-30	1E10	1E10	1E-30	1E10	1E10	1E-30	1E10	1E10	1E-30	1E10	1E10	1E-30	1E10	1E10	1E-30	1E10	1E10	1E-30	1E10	1E10	1E-30	1E10	1E10
53	7.01E-14	1E-30	1E-10	1E10	2.82E-9	0.0813	1E10	1E-30	11100	1E10	6E-8	266	1E10	2.42E-8	17.4	1E10	7.96E-7	7.07	1E-30	1E10	1E10	1E-30	1E10	1E10	1E-30	1E10	1E10	1E-30	1E10	1E10	1E-30	1E10	1E10	1E-30	1E10	1E10	1E-30	1E10	1E10	1E-30	1E10	1E10	1E-30	1E10	1E10	1E-30	1E10	1E10
54	7.01E-14	1E-30	1E-10	1E10	2.82E-9	0.0813	1E10	1E-30	11100	1E10	6E-8	266	1E10	2.42E-8	17.4	1E10	7.96E-7	7.07	1E-30	1E10	1E10	1E-30	1E10	1E10	1E-30	1E10	1E10	1E-30	1E10	1E10	1E-30	1E10	1E10	1E-30	1E10	1E10	1E-30	1E10	1E10	1E-30	1E10	1E10	1E-30	1E10	1E10	1E-30	1E10	1E10
55	6.25E-14	1E-30	1E-10	1E10	2.82E-9	0.0813	1E10	1E-30	11100	1E10	6E-8	272	1E10	3.67E-8	31.7	1E10	1.42E-7	3.01	1E-30	1E10	1E10	1E-30	1E10	1E10	1E-30	1E10	1E10	1E-30	1E10	1E10	1E-30	1E10	1E10	1E-30	1E10	1E10	1E-30	1E10	1E10	1E-30	1E10	1E10	1E-30	1E10	1E10	1E-30	1E10	1E10
56	6.25E-14	1E-30	1E-10	1E10	2.82E-9	0.0813	1E10	1E-30	11100	1E10	6E-8	272	1E10	3.67E-8	31.7	1E10	1.42E-7	3.01	1E-30	1E10	1E10	1E-30	1E10	1E10	1E-30	1E10	1E10	1E-30	1E10	1E10	1E-30	1E10	1E10	1E-30	1E10	1E10	1E-30	1E10	1E10	1E-30	1E10	1E10	1E-30	1E10	1E10	1E-30	1E10	1E10
57	6.25E-14	1E-30	1E-10	1E10	2.82E-9	0.0813	1E10	1E-30	11100	1E10	6E-8	272	1E10	3.67E-8	31.7	1E10	1.42E-7	3.01	1E-30	1E10	1E10	1E-30	1E10	1E10	1E-30	1E10	1E10	1E-30	1E10	1E10	1E-30	1E10	1E10	1E-30	1E10	1E10	1E-30	1E10	1E10	1E-30	1E10	1E10	1E-30	1E10	1E10	1E-30	1E10	1E10
58	6.25E-14	1E-30	1E-10	1E10	2.95E-9	5.02E-3	1E10	1E-30	12700	1E10	7.73E-8	422	1E10	2.42E-8	12.9	1E10	2.64E-6	25.7	1E-30	1E10	1E10	1E-30	1E10	1E10	1E-30	1E10	1E10	1E-30	1E10	1E10	1E-30	1E10	1E10	1E-30	1E10	1E10	1E-30	1E10	1E10	1E-30	1E10	1E10	1E-30	1E10	1E10	1E-30	1E10	1E10
59	6.25E-14	1E-30	1E-10	1E10	2.95E-9	5.02E-3	1E10	1E-30	12700	1E10	7.73E-8	422	1E10	2.42E-8	12.9	1E10	2.64E-6	25.7	1E-30	1E10	1E10	1E-30	1E10	1E10	1E-30	1E10	1E10	1E-30	1E10	1E10	1E-30	1E10	1E10	1E-30	1E10	1E10	1E-30	1E10	1E10	1E-30	1E10	1E10	1E-30	1E10	1E10	1E-30	1E10	1E10
60	6.25E-14	1E-30	1E-10	1E10	2.95E-9	5.02E-3	1E10	1E-30	12700	1E10	7.73E-8	422	1E10	2.42E-8	12.9	1E10	2.64E-6	25.7	1E-30	1E10	1E10	1E-30	1E10	1E10	1E-30	1E10	1E10	1E-30	1E10	1E10	1E-30	1E10	1E10	1E-30	1E10	1E10	1E-30	1E10	1E10	1E-30	1E10	1E10	1E-30	1E10	1E10	1E-30	1E10	1E10
61	6.25E-14	1E-30	1E-10	1E10	3.09E-9	6.03E-3	1E10	1E-30	15600	1E10	8.1E-8	442	1E10	2.37E-8	13.8	1E10	2.58E-6	25.1	1E-30	1E10	1E10	1E-30	1E10	1E10	1E-30	1E10	1E10	1E-30	1E10	1E10	1E-30	1E10	1E10	1E-30	1E10	1E10	1E-30	1E10	1E10	1E-30	1E10	1E10	1E-30	1E10	1E10	1E-30	1E10	1E10
62	6.25E-14	1E-30	1E-10	1E10	3.09E-9	6.03E-3	1E10	1E-30	15600	1E10	8.1E-8	442	1E10	2.37E-8	13.8	1E10	2.58E-6	25.1	1E-30	1E10	1E10	1E-30	1E10	1E10	1E-30	1E10	1E10	1E-30	1E10	1E10	1E-30	1E10	1E10	1E-30	1E10	1E10	1E-30	1E10	1E10	1E-30	1E10	1E10	1E-30	1E10	1E10	1E-30	1E10	1E10
63	6.25E-14	1E-30	1E-10	1E10	3.09E-9	6.03E-3	1E10	1E-30	15600	1E10	8.1E-8	442	1E10	2.37E-8	13.8	1E10	2.58E-6	25.1	1E-30	1E10	1E10	1E-30	1E10	1E10	1E-30	1E10	1E10	1E-30	1E10	1E10	1E-30	1E10	1E10	1E-30	1E10	1E10	1E-30	1E10	1E10	1E-30	1E10	1E10	1E-30	1E10	1E10	1E-30	1E10	1E10
64	4.53E-14	1E-30	1E-10	1E10	3.24E-9	8.32E-3	1E10	1E-30	17900	1E10	6.29E-8	272	1E10	3.19E-8	23.5	1E10	2.24E-7	3.23	1E-30	1E10	1E10	1E-30	1E10	1E10	1E-30	1E10	1E10	1E-30	1E10	1E10	1E-30	1E10	1E10	1E-30	1E10	1E10	1E-30	1E10	1E10	1E-30	1E10	1E10	1E-30	1E10	1E10	1E-30	1E10	1E10
65	4.53E-14	1E-30	1E-10	1E10	3.24E-9	8.32E-3	1E10	1E-30	17900	1E10	6.29E-8	272	1E10	3.19E-8	23.5	1E10	2.24E-7	3.23	1E-30	1E10	1E10	1E-30	1E10	1E10	1E-30	1E10	1E10	1E-30	1E10	1E10	1E-30	1E10	1E10	1E-30	1E10	1E10	1E-30	1E10	1E10	1E-30	1E10	1E10	1E-30	1E10	1E10	1E-30	1E10	1E10
66	4.53E-14	1E-30	1E-10	1E10	3.24E-9	8.32E-3	1E10	1E-30	17900	1E10	6.29E-8	272	1E10	3.19E-8	23.5	1E10	2.24E-7	3.23	1E-30	1E10	1E10	1E-30	1E10	1E10	1E-30	1E10	1E10	1E-30	1E10	1E10	1E-30	1E10	1E10	1E-30	1E10	1E10	1E-30	1E10	1E10	1E-30	1E10	1E10	1E-30	1E10	1E10	1E-30	1E10	1E10
67	5.32E-14	1E-30	1E-10	1E10	3.39E-9	0.0872	1E10	1E-30	17900	1E10	6.74E-8	292	1E10	3.19E-8	23.5	1E10	1.91E-7	2.75	1E-30	1E10	1E10	1E-30	1E10	1E10	1E-30	1E10	1E10	1E-30	1E10	1E10	1E-30	1E10	1E10	1E-30	1E10	1E10	1E-30	1E10	1E10	1E-30	1E10	1E10	1E-30	1E10	1E10	1E-30	1E10	1E10
68	5.32E-14	1E-30	1E-10	1E10	3.39E-9	0.0872	1E10	1E-30	17900	1E10	6.74E-8	292	1E10	3.19E-8	23.5	1E10	1.91E-7	2.75	1E-30	1E10	1E10	1E-30	1E10	1E10	1E-30	1E10	1E10	1E-30	1E10	1E10	1E-30	1E10	1E10	1E-30	1E10	1E10	1E-30	1E10	1E10	1E-30	1E10	1E10	1E-30	1E10	1E10	1E-30	1E10	1E10
69	5.32E-14	1E-30	1E-10	1E10	3.47E-9	0.0872	1E10	1E-30	17100	1E10	7.05E-8	306	1E10	3.5E-8	25.8	1E10	3.1E-7	86.9	1E-30	1E10	1E10	1E-30	1E10	1E10	1E-30	1E10	1E10	1E-30	1E10	1E10	1E-30	1E10	1E10	1E-30	1E10	1E10	1E-30	1E10	1E10	1E-30	1E10	1E10	1E-30	1E10	1E10	1E-30	1E10	1E10
70	5.32E-14	1E-30	1E-10	1E10	3.47E-9	0.0872	1E10	1E-30	17100	1E10	7.05E-8	306	1E10	3.5E-8	25.8	1E10	3.1E-7	86.9	1E-30	1E10	1E10	1E-30	1E10	1E10	1E-30	1E10	1E10	1E-30	1E10	1E10	1E-30	1E10	1E10	1E-30	1E10	1E10	1E-30	1E10	1E10	1E-30	1E10	1E10	1E-30	1E10	1E10	1E-30	1E10	1E10
71	5.32E-14	1E-30	1E-10	1E10	3.63E-9	0.0872	1E10	1E-30	17900	1E10	7.22E-8	313	1E10	4.72E-8	34.7	1E10	9.57E-8	26.9	1E-30	1E10	1E10	1E-30	1E10	1E10	1E-30	1E10	1E10	1E-30	1E10	1E10	1E-30	1E10	1E10	1E-30	1E10	1E10	1E-30	1E10	1E10	1E-30	1E10	1E10	1E-30	1E10	1E10	1E-30	1E10	1E10
72	5.32E-14	1E-30	1E-10	1E10	3.63E-9	0.0872	1E10	1E-30	17900	1E10	7.22E-8	313	1E10	4.72E-8	34.7	1E10	9.57E-8	26.9	1E-30	1E10	1E10	1E-30	1E10	1E10	1E-30	1E10	1E10	1E-30	1E10	1E10	1E-30	1E10	1E10	1E-30	1E10	1E10	1E-30	1E10	1E10	1E-30	1E10	1E10	1E-30	1E10	1E10	1E-30	1E10	1E10
73	5.83E-14	1E-30	1E-10	1E10	3.72E-9	0.0813	1E10	1E-30	16E3	1E10	7.05E-8	279	1E10	4.62E-8	36.4	1E10	1.12E-7	33.1	1E-30	1E10	1E10	1E-30	1E10	1E10	1E-30	1E10	1E10	1E-30	1E10	1E10	1E-30	1E10	1E10	1E-30	1E10	1E10	1E-30	1E10	1E10	1E-30	1E10	1E10	1E-30	1E10	1E10	1E-30	1E10	1E10
74	5.83E-14	1E-30	1E-10	1E10	3.72E-9	0.0813	1E10	1E-30	16E3	1E10	7.05E-8	279	1E10	4.62E-8	36.4	1E10	1.12E-7	33.1	1E-30	1E10	1E10	1E-30	1E10	1E10	1E-30	1E10	1E10	1E-30	1E10	1E10	1E-30	1E10	1E10	1E-30	1E10	1E10	1E-30	1E10	1E10	1E-30	1E10	1E10	1E-30	1E10	1E10	1E-30	1E10	1E10
75	5.83E-14	1E-30	1E-10	1E10	3.8E-9	0.0813	1E10	1E-30	21600	1E10	7.05E-8	279	1E10	5.18E-8	40.8	1E10	1.35E-7	39.7	1E-30	1E10	1E10	1E-30	1E10	1E10	1E-30	1E10	1E10	1E-30	1E10	1E10	1E-30	1E10	1E10	1E-30	1E10	1E10	1E-30	1E10	1E10	1E-30	1E10	1E10	1E-30	1E10	1E10	1E-30	1E10	1E10
76	5.83E-14	1E-30	1E-10	1E10	3.8E-9	0.0813	1E10	1E-30	21600	1E10	7.05E-8	279	1E10	5.18E-8	40.8	1E10	1.35E-7	39.7	1E-30	1E10	1E10	1E-30	1E10	1E10	1E-30	1E10	1E10	1E-30	1E10	1E10	1E-30	1E10	1E10	1E-30	1E10	1E10	1E-30	1E10	1E10	1E-30	1E10	1E10	1E-30	1E10	1E10	1E-30	1E10	1E10
77	5.83E-14	1E-30	1E-10	1E10	3.98E-9	5.02E-4	1E10	1E-30	20600	1E10	7.91E-8	313	1E10	5.42E-8	42.7	1E10	1.15E-7	33.8	1E-30	1E10	1E10	1E-30	1E10	1E10	1E-30	1E10	1E10	1E-30	1E10	1E10	1E-30	1E10	1E10	1E-30	1E10	1E10	1E-30	1E10	1E10	1E-30	1E10	1E10	1E-30	1E10	1E10	1E-30	1E10	1E10
78	5.83E-14	1E-30	1E-10	1E10	3.98E-9	5.02E-4	1E10	1E-30	20600	1E10	7.91E-8	313	1E10	5.42E-8	42.7	1E10	1.15E-7	33.8	1E-30	1E10	1E10	1E-30	1E10	1E10	1E-30	1E10	1E10	1E-30	1E10	1E10	1E-30	1E10	1E10	1E-30	1E10	1E10	1E-30	1E10	1E10	1E-30	1E10	1E10	1E-30	1E10	1E10	1E-30	1E10	1E10
79	5.83E-14	1E-30	1E-10	1E10	4.17E-9	6.03E-4	1E10	1E-30	21100	1E10	8.29E-8	327	1E10	5.18E-8	40.8	1E10	1.07E-7	10.5	1E-30	1E10	1E10	1E-30	1E10	1E10	1E-30	1E10	1E10	1E-30	1E10	1E10	1E-30	1E10	1E10	1E-30	1E10	1E10	1E-30	1E10	1E10	1E-30	1E10	1E10	1E-30	1E10	1E10	1E-30	1E10	1E10
80	5.83E-14	1E-30	1E-10	1E10	4.17E-9	6.03E-4	1E10	1E-30	21100	1E10	8.29E-8	327	1E10	5.18E-8	40.8	1E10	1.07E-7	10.5	1E-30	1E10	1E10	1E-30	1E10	1E10	1E-30	1E10	1E10	1E-30	1E10	1E10	1E-30	1E10	1E10	1E-30	1E10	1E10	1E-30	1E10	1E10	1E-30	1E10	1E10	1E-30	1E10	1E10	1E-30	1E10	1E10
81	5.44E-14	1E-30	1E-10	1E10	4.37E-9	0.214	1E10	1E-30	27100	1E10	8.88E-8	367	1E10	5.3E-8	41.8	1E10	8.15E-8	7.93	1E-30	1E10	1E10	1E-30	1E10	1E10	1E-30	1E10	1E10	1E-30	1E10	1E10	1E-30	1E10	1E10	1E-30	1E10	1E10	1E-30	1E10	1E10	1E-30	1E10	1E10	1E-30	1E10	1E10	1E-30	1E10	1E10
82	5.44E-14	1E-30	1E-10	1E10	4.37E-9	0.214	1E10	1E-30	27100	1E10	8.88E-8	367	1E10	5.3E-8	41.8	1E10	8.15E-8	7.93	1E-30	1E10	1E10	1E-30	1E10	1E10	1E-30	1E10	1E10	1E-30	1E10	1E10	1E-30	1E10	1E10	1E-30	1E10	1E10	1E-30	1E10	1E10	1E-30	1E10	1E10	1E-30	1E10	1E10	1E-30	1E10	1E10
83	5.44E-14	1E-30	1E-10	1E10	4.47E-9	0.219	1E10	1E-30	24800	1E10	9.09E-8	376	1E10	5.68E-8	46.9	1E10	7.1E-8	1.86	1E-30	1E10	1E10	1E-30	1E10	1E10	1E-30	1E10	1E10	1E-30	1E10	1E10	1E-30	1E10	1E10	1E-30	1E10	1E10	1E-30	1E10	1E10	1E-30	1E10	1E10	1E-30	1E10	1E10	1E-30	1E10	1E10
84	5.44E-14	1E-30	1E-10	1E10	4.47E-9	0.219	1E10	1E-30	24800	1E10	9.09E-8	376	1E10	5.68E-8	46.9	1E10	7.1E-8	1.86	1E-30	1E10	1E10	1E-30	1E10	1E10	1E-30	1E10	1E10	1E-30	1E10	1E10	1E-30	1E10	1E10	1E-30	1E10	1E10	1E-30	1E10	1E10	1E-30	1E10	1E10	1E-30	1E10	1E10	1E-30	1E10	1E10
85	5.97E-14	1E-30	1E-10	1E10	4.68E-9	0.204	1E10	1E-30	23100	1E10	9.3E-8	403	1E10	4.83E-8	40.8	1E10	5.9E-8	3.23	1E-30	1E10	1E10	1E-30	1E10	1E10	1E-30	1E10	1E10	1E-30	1E10	1E10	1E-30	1E10	1E10	1E-30	1E10	1E10	1E-30	1E10	1E10	1E-30	1E10	1E10	1E-30	1E10	1E10	1E-30	1E10	1E10
86	5.97E-14	1E-30	1E-10	1E10	4.68E-9	0.204	1E10	1E-30	23100	1E10	9.3E-8	403	1E10	4.83E-8	40.8	1E10	5.9E-8	3.23	1E-30	1E10	1E10	1E-30	1E10	1E10	1E-30	1E10	1E10	1E-30	1E10	1E10	1E-30	1E10	1E10	1E-30	1E10	1E10	1E-30	1E10	1E10	1E-30	1E10	1E10	1E-30	1E10	1E10	1E-30	1E10	1E10
87	5.97E-14	1E-30	1E-10	1E10	4.79E-9	0.224	1E10	1E-30	23600	1E10	9.96E-8	452	1E10	4.83E-8	40.8	1E10	5.77E-8	3.16	1E-30	1E10	1E10	1E-30	1E10	1E10	1E-30	1E10	1E10	1E-30	1E10	1E10	1E-30	1E10	1E10	1E-30	1E10	1E10	1E-30	1E10	1E10	1E-30	1E10	1E10	1E-30	1E10	1E10	1E-30	1E10	1E10
88	5.97E-14	1E-30	1E-10	1E10	4.79E-9	0.224	1E10	1E-30	23600	1E10	9.96E-8	452	1E10	4.83E-8	40.8	1E10	5.77E-8	3.16	1E-30	1E10	1E10	1E-30	1E10	1E10	1E-30	1E10	1E10	1E-30	1E10	1E10	1E-30	1E10	1E10	1E-30	1E10	1E10	1E-30	1E10	1E10	1E-30	1E10	1E10	1E-30	1E10	1E10	1E-30	1E10	1E10
89	5.44E-14	1E-30	1E-10	1E10	5.02E-9	0.224	1E10	1E-30	23600	1E10	9.08E-8	412	1E10	5.81E-8	40.8	1E10	5.26E-8	2.75	1E-30	1E10	1E10	1E-30	1E10	1E10	1E-30	1E10	1E10	1E-30	1E10	1E10	1E-30	1E10	1E10	1E-30	1E10	1E10	1E-30	1E10	1E10	1E-30	1E10	1E10	1E-30	1E10	1E10	1E-30	1E10	1E10
90	5.44E-14	1E-30	1E-10	1E10	5.02E-9	0.224	1E10	1E-30	23600	1E10	9.08E-8	412	1E10	5.81E-8	40.8	1E10	5.26E-8	2.75	1E-30	1E10	1E10	1E-30	1E10	1E10	1E-30	1E10	1E10	1E-30	1E10	1E10	1E-30	1E10	1E10	1E-30	1E10	1E10	1E-30	1E10	1E10	1E-30	1E10	1E10	1E-30	1E10	1E10	1E-30	1E10	1E10
91	5.97E-14	1E-30	1E-10	1E10	5.5E-9	0.251	1E10	1E-30	17900	1E10	8.48E-8	327	1E10	5.3E-8	24	1E10	3.56E-8	0.83	1E-30	1E10	1E10	1E-30	1E10	1E10	1E-30	1E10	1E10	1E-30	1E10	1E10	1E-30	1E10	1E10	1E-30	1E10	1E10	1E-30	1E10	1E10	1E-30	1E10	1E10	1E-30	1E10	1E10	1E-30	1E10	1E10
92	5.97E-14	1E-30	1E-10	1E10	5.5E-9	0.251	1E10	1E-30	17900	1E10	8.48E-8	327	1E10	5.3E-8	24	1E10	3.56E-8	0.83	1E-30	1E10	1E10	1E-30	1E10	1E10	1E-30	1E10	1E10	1E-30	1E10	1E10	1E-30	1E10	1E10	1E-30	1E10	1E10	1E-30	1E10	1E10	1E-30	1E10	1E10	1E-30	1E10	1E10	1E-30	1E10	1E10
93	5.97E-14	1E-30	1E-10	1E10	5.76E-9	0.224	1E10	1E-30	17900	1E10	8.88E-8	335	1E10	4.72E-8	20.5	1E10	3.99E-8	1.26	1E-30	1E10	1E10	1E-30	1E10	1E10	1E-30	1E10	1E10	1E-30	1E10	1E10	1E-30	1E10	1E10	1E-30	1E10	1E10	1E-30	1E10	1E10	1E-30	1E10	1E10	1E-30	1E10	1E10	1E-30	1E10	1E10
94	5.97E-14	1E-30	1E-10	1E10	5.76E-9	0.224	1E10	1E-30	17900	1E10	8.88E-8	335	1E10	4.72E-8	20.5	1E10	3.99E-8	1.26	1E-30	1E10	1E10	1E-30	1E10	1E10	1E-30	1E10	1E10	1E-30	1E10	1E10	1E-30	1E10	1E10	1E-30	1E10	1E10	1E-30	1E10	1E10	1E-30	1E10	1E10	1E-30	1E10	1E10	1E-30	1E10	1E10
95	6.11E-14	1E-30	1E-10	1E10	5.37E-9	0.269	1E10	1E-30	35800	1E10	1.04E-7	543	1E10	6.23E-8	51.4	1E10	5.14E-8	2.75	1E-30	1E10	1E10	1E-30	1E10	1E10	1E-30	1E10	1E10	1E-30	1E10	1E10	1E-30	1E10	1E10	1E-30	1E10	1E10	1E-30	1E10	1E10	1E-30	1E10	1E10	1E-30	1E10	1E10	1E-30	1E10	1E10
96	6.11E-14	1E-30	1E-10	1E10	5.37E-9	0.269	1E10	1E-30	35800	1E10	1.04E-7	543	1E10	6.23E-8	51.4	1E10	5.14E-8	2.75	1E-30	1E10	1E10	1E-30	1E10	1E10	1E-30	1E10	1E10	1E-30	1E10	1E10	1E-30	1E10	1E10	1E-30	1E10	1E10	1E-30	1E10	1E10	1E-30	1E10	1E10	1E-30	1E10	1E10	1E-30	1E10	1E10
97	6.11E-14	1E-30	1E-10	1E10	5.5E-9	0.246	1E10	1E-30	17900	1E10	1.51E-7	785	1E10	5.95E-8	79.6	1E10	4.48E-8	2.13	1E-30	1E10	1E10	1E-30	1E10	1E10	1E-30	1E10	1E10	1E-30	1E10	1E10	1E-30	1E10	1E10	1E-30	1E10	1E10	1E-30	1E10	1E10	1E-30	1E10	1E10	1E-30	1E10	1E10	1E-30	1E10	1E10
98	6.11E-14	1E-30	1E-10	1E10	5.5E-9	0.246	1E10	1E-30	17900	1E10	1.51E-7	785	1E10	5.95E-8	79.6	1E10	4.48E-8	2.13	1E-30	1E10	1E10	1E-30	1E10	1E10	1E-30	1E10	1E10	1E-30	1E10	1E10	1E-30	1E10	1E10	1E-30	1E10	1E10	1E-30	1E10	1E10	1E-30	1E10	1E10	1E-30	1E10	1E10	1E-30	1E10	1E10
99	5.7E-14	1E-30	1E-10	1E10	5.5E-9	0.246	1E10	1E-30	17900	1E10	1.28E-7	668	1E10	4.83E-8	44.8	1E10	9.8E-8	3.88	1E-30	1E10	1E10	1E-30	1E10	1E10	1E-30	1E10	1E10	1E-30	1E10	1E10	1E-30	1E10	1E10	1E-30	1E10	1E10	1E-30	1E10	1E10	1E-30	1E10	1E10	1E-30	1E10	1E10	1E-30	1E10	1E10
100	5.7E-14	1E-30	1E-10	1E10	5.5E-9	0.246	1E10	1E-30	17900	1E10	1.28E-7	668	1E10	4.83E-8	44.8	1E10	9.8E-8	3.88	1E-30	1E10	1E10	1E-30	1E10	1E10	1E-30	1E10	1E10	1E-30	1E10	1E10	1E-30	1E10	1E10	1E-30	1E10	1E10	1E-30	1E10	1E10	1E-30	1E10	1E10	1E-30	1E10	1E10	1E-30	1E10	1E10
101	5.57E-14	1E-30	1E-10	1E10	5.76E-9	0.251	1E10	1E-30	35800	1E10	9.96E-8	484	1E10	4.51E-8	29.6	1E10	8.53E-8	4.07	1E-30	1E10	1E10	1E-30	1E10	1E10	1E-30	1E10	1E10	1E-30	1E10	1E10	1E-30	1E10	1E10	1E-30	1E10	1E10	1E-30	1E10	1E10	1E-30	1E10	1E10	1E-30	1E10	1E10	1E-30	1E10	1E10
102	5.57E-14	1E-30	1E-10	1E10	5.76E-9	0.251	1E10	1E-30	35800	1E10	9.96E-8	484	1E10	4.51E-8	29.6	1E10	8.53E-8	4.07	1E-30	1E10	1E10	1E-30	1E10	1E10	1E-30	1E10	1E10	1E-30	1E10	1E10	1E-30	1E10	1E10	1E-30	1E10	1E10	1E-30	1E10	1E10	1E-30	1E10	1E10	1E-30	1E10	1E10	1E-30	1E10	1E10
103	6.25E-14	1E-30	1E-10	1E10	6.03E-9	0.295	1E10	1E-30	26500	1E10	1.38E-7	716	1E10	5.3E-8	44.8	1E10	9.8E-8	3.88	1E-30	1E10	1E10	1E-30	1E10	1E10	1E-30	1E10	1E10	1E-30	1E10	1E10	1E-30	1E10	1E10	1E-30	1E10	1E10	1E-30	1E10	1E10	1E-30	1E10	1E10	1E-30	1E10	1E10	1E-30	1E10	1E10
104	6.25E-14	1E-30	1E-10	1E10	6.03E-9	0.295	1E10	1E-30	26500	1E10	1.38E-7	716	1E10	5.3E-8	44.8	1E10	9.8E-8	3.88	1E-30	1E10	1E10	1E-30	1E10	1E10	1E-30	1E10	1E10	1E-30	1E10	1E10	1E-30	1E10	1E10	1E-30	1E10	1E10	1E-30	1E10	1E10	1E-30	1E10	1E10	1E-30	1E10	1E10	1E-30	1E10	1E10
105	6.11E-14	1E-30	1E-10	1E10	6.29E-9	0.316	1E10	1E-30	27100	1E10	1.86E-7	1110	1E10	1.01E-7	126	1E10	1.03E-7	36.2	1E-30	1E10	1E10	1E-30	1E10	1E10	1E-30	1E10	1E10	1E-30	1E10	1E10	1E-30	1E10	1E10	1E-30	1E10	1E10	1E-30	1E10	1E10	1E-30	1E10	1E10	1E-30	1E10	1E10	1E-30	1E10	1E10
106	6.11E-14	1E-30	1E-10	1E10	6.29E-9	0.316	1E10	1E-30	27100	1E10	1.86E-7	1110	1E10	1.01E-7	126	1E10	1.03E-7	36.2	1E-30	1E10	1E10	1E-30	1E10	1E10	1E-30	1E10	1E10	1E-30	1E10	1E10	1E-30	1E10	1E10	1E-30	1E10	1E10	1E-30	1E10	1E10	1E-30	1E10	1E10	1E-30	1E10	1E10	1E-30	1E10	1E10
107	5.97E-14	1E-30	1E-10	1E10	6.61E-9	0.347	1E10	1E-30	27800	1E10	1.69E-7	902	1E10	8.21E-8	66.2	1E10	1.78E-5	4.07E-4	1E-30	1E10	1E10	1E-30	1E10	1E10	1E-30	1E10	1E10	1E-30	1E10	1E10	1E-30	1E10	1E10	1E-30	1E10	1E10	1E-30	1E10	1E10	1E-30	1E10	1E10	1E-30	1E10	1E10	1E-30	1E10	1E10
108	5.97E-14	1E-30	1E-10	1E10	6.61E-9	0.347	1E10	1E-30	27800	1E10	1.69E-7	902	1E10	8.21E-8	66.2	1E10	1.78E-5	4.07E-4	1E-30	1E10	1E10	1E-30	1E10	1E10	1E-30	1E10	1E10	1E-30	1E10	1E10	1E-30	1E10	1E10	1E-30	1E10	1E10	1E-30	1E10	1E10	1E-30	1E10	1E10	1E-30	1E10	1E10	1E-30	1E10	1E10
109	6.25E-14	1E-30	1E-10	1E10	7.77E-9	0.389	1E10	1E-30	36600	1E10	1.58E-7	750	1E10	7.32E-8	56.4	1E10	2.14E-7	51.2	1E-30	1E10	1E10	1E-30	1E10	1E10	1E-30	1E10	1E10	1E-30	1E10	1E10	1E-30	1E10	1E10	1E-30	1E10	1E10	1E-30	1E10	1E10	1E-30	1E10	1E10	1E-30	1E10	1E10	1E-30	1E10	1E10
110	6.25E-14	1E-30	1E-10	1E10	7.77E-9	0.389	1E10	1E-30	36600	1E10	1.58E-7	750	1E10	7.32E-8	56.4	1E10	2.14E-7	51.2	1E-30	1E10	1E10	1E-30	1E10	1E10	1E-30	1E10	1E10	1E-30	1E10	1E10	1E-30	1E10	1E10	1E-30	1E10	1E10	1E-30	1E10	1E10	1E-30	1E10	1E10	1E-30	1E10	1E10	1E-30	1E10	1E10
111	6.25E-14	1E-30	1E-10	1E10	8.52E-9	0.389	1E10	1E-30	36600	1E10	1.77E-7	841	1E10	8.8E-8	67.7	1E10	2.19E-7	34.6	1E-30	1E10	1E10	1E-30	1E10	1E10	1E-30	1E10	1E10	1E-30	1E10	1E10	1E-30	1E10	1E10	1E-30	1E10	1E10	1E-30	1E10	1E10	1E-30	1E10	1E10	1E-30	1E10	1E10	1E-30	1E10	1E10
112	6.25E-14	1E-30	1E-10	1E10	8.52E-9	0.389	1E10	1E-30	36600	1E10	1.77E-7	841	1E10	8.8E-8	67.7	1E10	2.19E-7	34.6	1E-30	1E10	1E10	1E-30	1E10	1E10	1E-30	1E10	1E10	1E-30	1E10	1E10	1E-30	1E10	1E10	1E-30	1E10	1E10	1E-30	1E10	1E10	1E-30	1E10	1E10	1E-30	1E10	1E10	1E-30	1E10	1E10
113	5.83E-14	1E-30	1E-10	1E10	9.13E-9	0.479	1E10	1E-30	30500	1E10	1.65E-7	610	1E10	1.13E-7	63.2	1E10	1.1E-6	63	1E-30	1E10	1E10	1E-30	1E10	1E10	1E-30	1E10	1E10	1E-30	1E10	1E10	1E-30	1E10	1E10	1E-30	1E10	1E10	1E-30	1E10	1E10	1E-30	1E10	1E10	1E-30	1E10	1E10	1E-30	1E10	1E10
114	5.83E-14	1E-30	1E-10	1E10	9.13E-9	0.479	1E10	1E-30	30500	1E10	1.65E-7	610	1E10	1.13E-7	63.2	1E10	1.1E-6	63	1E-30	1E10	1E10	1E-30	1E10	1E10	1E-30	1E10	1E10	1E-30	1E10	1E10	1E-30	1E10	1E10	1E-30	1E10	1E10	1E-30	1E10	1E10	1E-30	1E10	1E10	1E-30	1E10	1E10	1E-30	1E10	1E10
115	5.83E-14	1E-30	1E-10	1E10	1.02E-8	0.389	1E10	1E-30	16E3	1E10	1.73E-7	569	1E10	9.21E-8	44.8	1E10	6.47E-6	21800	1E-30	1E10	1E10	1E-30	1E10	1E10	1E-30	1E10	1E10	1E-30	1E10	1E10	1E-30	1E10	1E10	1E-30	1E10	1E10	1E-30	1E10	1E10	1E-30	1E10	1E10	1E-30	1E10	1E10	1E-30	1E10	1E10
116	5.83E-14	1E-30	1E-10	1E10	1.02E-8	0.389	1E10	1E-30	16E3	1E10	1.73E-7	569	1E10	9.21E-8	44.8	1E10	6.47E-6	21800	1E-30	1E10	1E10	1E-30	1E10	1E10	1E-30	1E10	1E10	1E-30	1E10	1E10	1E-30	1E10	1E10	1E-30	1E10	1E10	1E-30	1E10	1E10	1E-30	1E10	1E10	1E-30	1E10	1E10	1E-30	1E10	1E10
117	5.7E-14	1E-30	1E-10	1E10	1.38E-8	0.603	1E10	1E-30	24200	1E10	2.39E-7	1080	1E10	1.08E-7	81.5	1E10	5.26E-8	1.82	1E-30	1E10	1E10	1E-30	1E10	1E10	1E-30	1E10	1E10	1E-30	1E10	1E10	1E-30	1E10	1E10	1E-30	1E10	1E10	1E-30	1E10	1E10	1E-30	1E10	1E10	1E-30	1E10	1E10	1E-30	1E10	1E10
118	5.7E-14	1E-30	1E-10	1E10	1.38E-8	0.603	1E10	1E-30	24200	1E10	2.39E-7	1080	1E10	1.08E-7	81.5	1E10	5.26E-8	1.82	1E-30	1E10	1E10	1E-30	1E10	1E10	1E-30	1E10	1E10	1E-30	1E10	1E10	1E-30	1E10	1E10	1E-30	1E10	1E10	1E-30	1E10	1E10	1E-30	1E10	1E10	1E-30	1E10	1E10	1E-30	1E10	1E10
119	6.25E-14	1E-30	1E-10	1E10	1.64E-8	0.813	1E10	1E-30	21100	1E10	2.39E-7	944	1E10	1.49E-7	100	1E10	3.99E-8	1.55	1E-30	1E10	1E10	1E-30	1E10	1E10	1E-30	1E10	1E10	1E-30	1E10	1E10	1E-30	1E10	1E10	1E-30	1E10	1E10	1E-30	1E10	1E10	1E-30	1E10	1E10	1E-30	1E10	1E10	1E-30	1E10	1E10
120	6.25E-14	1E-30	1E-10	1E10	1.64E-8	0.813	1E10	1E-30	21100	1E10	2.39E-7	944	1E10	1.49E-7	100	1E10	3.99E-8	1.55	1E-30	1E10	1E10	1E-30	1E10	1E10	1E-30	1E10	1E10	1E-30	1E10	1E10	1E-30	1E10	1E10	1E-30	1E10	1E10	1E-30	1E10	1E10	1E-30	1E10	1E10	1E-30	1E10	1E10	1E-30	1E10	1E10
121	5.7E-14	1E-30	1E-10	1E10	1.32E-8	0.479	1E10	1E-30	30500	1E10	2.34E-7	1040	1E10	1.19E-7	70.9	1E10	6.33E-6	932	1E-30	1E10	1E10	1E-30	1E10	1E10	1E-30	1E10	1E10	1E-30	1E10	1E10	1E-30	1E10	1E10	1E-30	1E10	1E10	1E-30	1E10	1E10	1E-30	1E10	1E10	1E-30	1E10	1E10	1E-30	1E10	1E10
122	5.7E-14	1E-30	1E-10	1E10	1.32E-8	0.479	1E10	1E-30	30500	1E10	2.34E-7	1040	1E10	1.19E-7	70.9	1E10	6.33E-6	932	1E-30	1E10	1E10	1E-30	1E10	1E10	1E-30	1E10	1E10	1E-30	1E10	1E10	1E-30	1E10	1E10	1E-30	1E10	1E10	1E-30	1E10	1E10	1E-30	1E10	1E10	1E-30	1E10	1E10	1E-30	1E10	1E10
123	5.44E-14	1E-30	1E-10	1E10	1.48E-8	0.725	1E10	1E-30	47200	1E10	3.62E-7	2260	1E10	1.8E-7	170	1E10	2.35E-7	18.6	1E-30	1E10	1E10	1E-30	1E10	1E10	1E-30	1E10	1E10	1E-30	1E10	1E10	1E-30	1E10	1E10	1E-30	1E10	1E10	1E-30	1E10	1E10	1E-30	1E10	1E10	1E-30	1E10	1E10	1E-30	1E10	1E10
124	5.44E-14	1E-30	1E-10	1E10	1.48E-8	0.725	1E10	1E-30	47200	1E10	3.62E-7	2260	1E10	1.8E-7	170	1E10	2.35E-7	18.6	1E-30	1E10	1E10	1E-30	1E10	1E10	1E-30	1E10	1E10	1E-30	1E10	1E10	1E-30	1E10	1E10	1E-30	1E10	1E10	1E-30	1E10	1E10	1E-30	1E10	1E10	1E-30	1E10	1E10	1E-30	1E10	1E10
125	5.57E-14	1E-30	1E-10	1E10	1.59E-8	0.725	1E10	1E-30	33400	1E10	5.35E-7	3350	1E10	2.11E-7	276	1E10	2.35E-7	32.3	1E-30	1E10	1E10	1E-30	1E10	1E10	1E-30	1E10	1E10	1E-30	1E10	1E10	1E-30	1E10	1E10	1E-30	1E10	1E10	1E-30	1E10	1E10	1E-30	1E10	1E10	1E-30	1E10	1E10	1E-30	1E10	1E10
126	5.57E-14	1E-30	1E-10	1E10	1.59E-8	0.725	1E10	1E-30	33400	1E10	5.35E-7	3350	1E10	2.11E-7	276	1E10	2.35E-7	32.3	1E-30	1E10	1E10	1E-30	1E10	1E10	1E-30	1E10	1E10	1E-30	1E10	1E10	1E-30	1E10	1E10	1E-30	1E10	1E10	1E-30	1E10	1E10	1E-30	1E10	1E10	1E-30	1E10	1E10	1E-30	1E10	1E10
127	5.7E-14	1E-30	1E-10	1E10	1.77E-8	0.852	1E10	1E-30	33400	1E10	3.22E-7	1220	1E10	2.31E-7	155	1E10	1.78E-6	22.9	4.09E-15	1.73E-8	64.4	1E-30	1E10	1E10	1E-30	1E10	1E10	1E-30	1E10	1E10	1E-30	1E10	1E10	1E-30	1E10	1E10	1E-30	1E10	1E10	1E-30	1E10	1E10	1E-30	1E10	1E10	1E-30	1E10	1E10
128	5.7E-14	1E-30	1E-10	1E10	1.77E-8	0.852	1E10	1E-30	33400	1E10	3.22E-7	1220	1E10	2.31E-7	155	1E10	1.78E-6	22.9	4.09E-15	1.73E-8	64.4	1E-30	1E10	1E10	1E-30	1E10	1E10	1E-30	1E10	1E10	1E-30	1E10	1E10	1E-30	1E10	1E10	1E-30	1E10	1E10	1E-30	1E10	1E10	1E-30	1E10	1E10	1E-30	1E10	1E10
129	4.97E-14	1E-30	1E-10	1E10	1.82E-8	0.892	1E10	1E-30	69800	1E10	4.25E-7	2600	1E10	2.6E-7	258	1E10	2.46E-6	889	1.07E-14	6E-9	48.1	1E-30	1E10	1E10	1E-30	1E10	1E10	1E-30	1E10	1E10	1E-30	1E10	1E10	1E-30	1E10	1E10	1E-30	1E10	1E10	1E-30	1E10	1E10	1E-30	1E10	1E10	1E-30	1E10	1E10
130	4.97E-14	1E-30	1E-10	1E10	1.82E-8	0.892	1E10	1E-30	69800	1E10	4.25E-7	2600	1E10	2.6E-7	258	1E10	2.46E-6	889	1.07E-14	6E-9	48.1	1E-30	1E10	1E10	1E-30	1E10	1E10	1E-30	1E10	1E10	1E-30	1E10	1E10	1E-30	1E10	1E10	1E-30	1E10	1E10	1E-30	1E10	1E10	1E-30	1E10	1E10	1E-30	1E10	1E10
131	4.74E-14	1E-30	1E-10	1E10	2.29E-8	1.74	1E10	1E-30	62200	1E10	6.14E-7	4030	1E10	4.51E-7	551	1E10	2E-7	12.3	1.51E-14	5.11E-9	36.5	1E-30	1E10	1E10	1E-30	1E10	1E10	1E-30	1E10	1E10	1E-30	1E10	1E10	1E-30	1E10	1E10	1E-30	1E10	1E10	1E-30	1E10	1E10	1E-30	1E10	1E10	1E-30	1E10	1E10
132	4.74E-14	1E-30	1E-10	1E10	2.29E-8	1.74	1E10	1E-30	62200	1E10	6.14E-7	4030	1E10	4.51E-7	551	1E10	2E-7	12.3	1.51E-14	5.11E-9	36.5	1E-30	1E10	1E10	1E-30	1E10	1E10	1E-30	1E10	1E10	1E-30	1E10	1E10	1E-30	1E10	1E10	1E-30	1E10	1E10	1E-30	1E10	1E10	1E-30	1E10	1E10	1E-30	1E10	1E10
133	6.4E-14	1E-30	1E-10	1E10	2.69E-8	1.7	1E10	1E-30	38400	1E10	5.47E-7	2850	1E10	4.11E-7	514	1E10	2.09E-7	12.6	3.09E-15	3.45E-8	79.9	1E-30	1E10	1E10	1E-30	1E10	1E10	1E-30	1E10	1E10	1E-30	1E10	1E10	1E-30	1E10	1E10	1E-30	1E10	1E10	1E-30	1E10	1E10	1E-30	1E10	1E10	1E-30	1E10	1E10
134	6.4E-14	1E-30	1E-10	1E10	2.69E-8	1.7	1E10	1E-30	38400	1E10	5.47E-7	2850	1E10	4.11E-7	514	1E10	2.09E-7	12.6	3.09E-15	3.45E-8	79.9	1E-30	1E10	1E10	1E-30	1E10	1E10	1E-30	1E10	1E10	1E-30	1E10	1E10	1E-30	1E10	1E10	1E-30	1E10	1E10	1E-30	1E10	1E10	1E-30	1E10	1E10	1E-30	1E10	1E10
135	5.84E-14	1E-30	1E-10	1E10	2.82E-8	1.78	1E10	1E-30	38400	1E10	5.47E-7	2850	1E10	5.81E-7	726	1E10	2.09E-7	13.2	8.51E-15	1.25E-8	149	1E-30	1E10	1E10	1E-30	1E10	1E10	1E-30	1E10	1E10	1E-30	1E10	1E10	1E-30	1E10	1E10	1E-30	1E10	1E10	1E-30	1E10	1E10	1E-30	1E10	1E10	1E-30	1E10	1E10
136	5.84E-14	1E-30	1E-10	1E10	2.82E-8	1.78	1E10	1E-30	38400	1E10	5.47E-7	2850	1E10	5.81E-7	726	1E10	2.09E-7	13.2	8.51E-15	1.25E-8	149	1E-30	1E10	1E10	1E-30	1E10	1E10	1E-30	1E10	1E10	1E-30	1E10	1E10	1E-30	1E10	1E10	1E-30	1E10	1E10	1E-30	1E10	1E10	1E-30	1E10	1E10	1E-30	1E10	1E10
137	2.55E-14	1E-30	1E-10	1E10	2.75E-8	1.45	1E10	1E-30	51800	1E10	4.25E-7	1460	1E10	4.51E-7	356	1E10	1.42E-6	53.6	4.42E-14	2.53E-9	83.7	1E-30	1E10	1E10	1E-30	1E10	1E10	1E-30	1E10	1E10	1E-30	1E10	1E10	1E-30	1E10	1E10	1E-30	1E10	1E10	1E-30	1E10	1E10	1E-30	1E10	1E10	1E-30	1E10	1E10
138	2.55E-14	1E-30	1E-10	1E10	2.75E-8	1.45	1E10	1E-30	51800	1E10	4.25E-7	1460	1E10	4.51E-7	356	1E10	1.42E-6	53.6	4.42E-14	2.53E-9	83.7	1E-30	1E10	1E10	1E-30	1E10	1E10	1E-30	1E10	1E10	1E-30	1E10	1E10	1E-30	1E10	1E10	1E-30	1E10	1E10	1E-30	1E10	1E10	1E-30	1E10	1E10	1E-30	1E10	1E10
139	6.25E-14	1E-30	1E-10	1E10	2.99E-8	1.82	1E10	1E-30	31900	1E10	6.89E-7	3670	1E10	5.81E-7	526	1E10	1.48E-4	9780	3.47E-15	4.06E-8	98.3	1E-30	1E10	1E10	1E-30	1E10	1E10	1E-30	1E10	1E10	1E-30	1E10	1E10	1E-30	1E10	1E10	1E-30	1E10	1E10	1E-30	1E10	1E10	1E-30	1E10	1E10	1E-30	1E10	1E10
140	6.25E-14	1E-30	1E-10	1E10	2.99E-8	1.82	1E10	1E-30	31900	1E10	6.89E-7	3670	1E10	5.81E-7	526	1E10	1.48E-4	9780	3.47E-15	4.06E-8	98.3	1E-30	1E10	1E10	1E-30	1E10	1E10	1E-30	1E10	1E10	1E-30	1E10	1E10	1E-30	1E10	1E10	1E-30	1E10	1E10	1E-30	1E10	1E10	1E-30	1E10	1E10	1E-30	1E10	1E10
141	4.33E-14	1E-30	1E-10	1E10	3.54E-8	1.95	1E10	1E-30	34200	1E10	4.88E-7	1760	1E10	4.51E-7	438	1E10	1.45E-6	84.9	2.16E-14	6.5E-9	167	3.1E-15	3.45E-8	153	5.26E-15	1.34E-8	69.8	1E-30	1E10	1E10	1E-30	1E10	1E10	1E-30	1E10	1E10	1E-30	1E10	1E10	1E-30	1E10	1E10	1E-30	1E10	1E10	1E-30	1E10	1E10
142	4.33E-14	1E-30	1E-10	1E10	3.54E-8	1.95	1E10	1E-30	34200	1E10	4.88E-7	1760	1E10	4.51E-7	438	1E10	1.45E-6	84.9	2.16E-14	6.5E-9	167	3.1E-15	3.45E-8	153	5.26E-15	1.34E-8	69.8	1E-30	1E10	1E10	1E-30	1E10	1E10	1E-30	1E10	1E10	1E-30	1E10	1E10	1E-30	1E10	1E10	1E-30	1E10	1E10	1E-30	1E10	1E10
143	4.33E-14	1E-30	1E-10	1E10	3.79E-8	2.35	1E10	1E-30	34200	1E10	7.56E-7	2720	1E10	6.37E-7	815	1E10	1.82E-6	107	2.21E-14	6.97E-9	124	3.1E-15	3.45E-8	153	5.26E-15	1.34E-8	69.8	1E-30	1E10	1E10	1E-30	1E10	1E10	1E-30	1E10	1E10	1E-30	1E10	1E10	1E-30	1E10	1E10	1E-30	1E10	1E10	1E-30	1E10	1E10
144	4.33E-14	1E-30	1E-10	1E10	3.79E-8	2.35	1E10	1E-30	34200	1E10	7.56E-7	2720	1E10	6.37E-7	815	1E10	1.82E-6	107	2.21E-14	6.97E-9	124	3.1E-15	3.45E-8	153	5.26E-15	1.34E-8	69.8	1E-30	1E10	1E10	1E-30	1E10	1E10	1E-30	1E10	1E10	1E-30	1E10	1E10	1E-30	1E10	1E10	1E-30	1E10	1E10	1E-30	1E10	1E10
145	4.33E-14	1E-30	1E-10	1E10	4.25E-8	2.51	1E10	1E-30	149E4	1E10	6E-7	2600	1E10	4.95E-7	604	1E10	1.74E-6	93.1	2.48E-14	7.82E-9	201	3.99E-15	2.93E-8	106	5.26E-15	1.34E-8	69.8	1E-30	1E10	1E10	1E-30	1E10	1E10	1E-30	1E10	1E10	1E-30	1E10	1E10	1E-30	1E10	1E10	1E-30	1E10	1E10	1E-30	1E10	1E10
146	4.33E-14	1E-30	1E-10	1E10	4.25E-8	2.51	1E10	1E-30	149E4	1E10	6E-7	2600	1E10	4.95E-7	604	1E10	1.74E-6	93.1	2.48E-14	7.82E-9	201	3.99E-15	2.93E-8	106	5.26E-15	1.34E-8	69.8	1E-30	1E10	1E10	1E-30	1E10	1E10	1E-30	1E10	1E10	1E-30	1E10	1E10	1E-30	1E10	1E10	1E-30	1E10	1E10	1E-30	1E10	1E10
147	4.33E-14	1E-30	1E-10	1E10	4.35E-8	2.76	1E10	1E-30	34200	1E10	7.39E-7	2320	1E10	8.59E-7	1150	1E10	2.52E-5	169	2.48E-14	7.82E-9	201	3.99E-15	2.93E-8	106	5.26E-15	1.34E-8	69.8	1E-30	1E10	1E10	1E-30	1E10	1E10	1E-30	1E10	1E10	1E-30	1E10	1E10	1E-30	1E10	1E10	1E-30	1E10	1E10	1E-30	1E10	1E10
148	4.33E-14	1E-30	1E-10	1E10	4.35E-8	2.76	1E10	1E-30	34200	1E10	7.39E-7	2320	1E10	8.59E-7	1150	1E10	2.52E-5	169	2.48E-14	7.82E-9	201	3.99E-15	2.93E-8	106	5.26E-15	1.34E-8	69.8	1E-30	1E10	1E10	1E-30	1E10	1E10	1E-30	1E10	1E10	1E-30	1E10	1E10	1E-30	1E10	1E10	1E-30	1E10	1E10	1E-30	1E10	1E10
149	4.33E-14	1E-30	1E-10	1E10	5.11E-8	2.46	1E10	1E-30	26600	1E10	1.02E-6	4420	1E10	3.5E-7	364	1E10	2.05E-5	169	2.48E-14	7.82E-9	201	3.99E-15	2.93E-8	106	5.26E-15	1.34E-8	69.8	1E-30	1E10	1E10	1E-30	1E10	1E10	1E-30	1E10	1E10	1E-30	1E10	1E10	1E-30	1E10	1E10	1E-30	1E10	1E10	1E-30	1E10	1E10
150	4.33E-14	1E-30	1E-10	1E10	5.11E-8	2.46	1E10	1E-30	26600	1E10	1.02E-6	4420	1E10	3.5E-7	364	1E10	2.05E-5	169	2.48E-14	7.82E-9	201	3.99E-15	2.93E-8	106	5.26E-15	1.34E-8	69.8	1E-30	1E10	1E10	1E-30	1E10	1E10	1E-30	1E10	1E10	1E-30	1E10	1E10	1E-30	1E10	1E10	1E-30	1E10	1E10	1E-30	1E10	1E10
151	4.33E-14	1E-30	1E-10	1E10	5.48E-8	2.95	1E10	1E-30	50600	1E10	6.89E-7	2160	1E10	5.95E-7	577	1E10	9.57E-6	61.5	3.05E-14	9.62E-9	145	3.99E-15	2.93E-8	106	5.26E-15	1.34E-8	69.8	1E-30	1E10	1E10	1E-30	1E10	1E10	1E-30	1E10	1E10	1E-30	1E10	1E10	1E-30	1E10	1E10	1E-30	1E10	1E10	1E-30	1E10	1E10
152	4.33E-14	1E-30	1E-10	1E10	5.48E-8	2.95	1E10	1E-30	50600	1E10	6.89E-7	2160	1E10	5.95E-7	577	1E10	9.57E-6	61.5	3.05E-14	9.62E-9	145	3.99E-15	2.93E-8	106	5.26E-15	1.34E-8	69.8	1E-30	1E10	1E10	1E-30	1E10	1E10	1E-30	1E10	1E10	1E-30	1E10	1E10	1E-30	1E10	1E10	1E-30	1E10	1E10	1E-30	1E10	1E10
153	4.33E-14	1E-30	1E-10	1E10	6.15E-8	2.82	1E10	1E-30	24200	1E10	4.88E-7	989	1E10	8.21E-7	564	1E10	3.24E-6	166	3.05E-14	9.62E-9	145	3.99E-15	2.93E-8	106	5.26E-15	1.34E-8	69.8	1E-30	1E10	1E10	1E-30	1E10	1E10	1E-30	1E10	1E10	1E-30	1E10	1E10	1E-30	1E10	1E10	1E-30	1E10	1E10	1E-30	1E10	1E10
154	4.33E-14	1E-30	1E-10	1E10	6.15E-8	2.82	1E10	1E-30	24200	1E10	4.88E-7	989	1E10	8.21E-7	564	1E10	3.24E-6	166	3.05E-14	9.62E-9	145	3.99E-15	2.93E-8	106	5.26E-15	1.34E-8	69.8	1E-30	1E10	1E10	1E-30	1E10	1E10	1E-30	1E10	1E10	1E-30	1E10	1E10	1E-30	1E10	1E10	1E-30	1E10	1E10	1E-30	1E10	1E10
155	4.33E-14	1E-30	1E-10	1E10	6.59E-8	3.47	1E10	1E-30	24200	1E10	5.23E-7	1010	1E10	1.8E-6	1180	1E10	2.46E-6	132	3.05E-14	9.62E-9	145	3.99E-15	2.93E-8	106	5.26E-15	1.34E-8	69.8	1E-30	1E10	1E10	1E-30	1E10	1E10	1E-30	1E10	1E10	1E-30	1E10	1E10	1E-30	1E10	1E10	1E-30	1E10	1E10	1E-30	1E10	1E10
156	4.33E-14	1E-30	1E-10	1E10	6.59E-8	3.47	1E10	1E-30	24200	1E10	5.23E-7	1010	1E10	1.8E-6	1180	1E10	2.46E-6	132	3.05E-14	9.62E-9	145	3.99E-15	2.93E-8	106	5.26E-15	1.34E-8	69.8	1E-30	1E10	1E10	1E-30	1E10	1E10	1E-30	1E10	1E10	1E-30	1E10	1E10	1E-30	1E10	1E10	1E-30	1E10	1E10	1E-30	1E10	1E10
END DSCRDATA
