BEGIN DSCRDATA
% INDEX	K01	L01	M01	K02	L02	M02	K03	L03	M03	K04	L04	M04	K05	L05	M05	K06	L06	M06	K07	L07	M07	K08	L08	M08	K09	L09	M09	K10	L10	M10	K11	L11	M11	K12	L12	M12	K13	L13	M13	K14	L14	M14	K15	L15	M15	K16	L16	M16
0	0	0	0	0	0	0	0	0	0	0	0	0	0	0	0	0	0	0	0	0	0	0	0	0	0	0	0	0	0	0	0	0	0	0	0	0	0	0	0	0	0	0	0	0	0	0	0	0
1	5E-15	1E-30	1E-10	1E10	6.35E-10	0.01	1E10	1E-30	3E3	1E10	1E-7	2500	1E10	1.2E-7	1E3	1E10	2.1E-8	40	1E-30	1E10	1E10	1E-30	1E10	1E10	1E-30	1E10	1E10	1E-30	1E10	1E10	1E-30	1E10	1E10	1E-30	1E10	1E10	1E-30	1E10	1E10	1E-30	1E10	1E10	1E-30	1E10	1E10	1E-30	1E10	1E10
2	5E-15	1E-30	1E-10	1E10	6.35E-10	0.01	1E10	1E-30	3E3	1E10	1E-7	2500	1E10	1.2E-7	1E3	1E10	2.1E-8	40	1E-30	1E10	1E10	1E-30	1E10	1E10	1E-30	1E10	1E10	1E-30	1E10	1E10	1E-30	1E10	1E10	1E-30	1E10	1E10	1E-30	1E10	1E10	1E-30	1E10	1E10	1E-30	1E10	1E10	1E-30	1E10	1E10
3	1.3E-14	1E-30	1E-10	1E10	7.45E-10	0.015	1E10	1E-30	3E3	1E10	1.1E-7	700	1E10	1.2E-7	1E3	1E10	2.1E-8	40	1E-30	1E10	1E10	1E-30	1E10	1E10	1E-30	1E10	1E10	1E-30	1E10	1E10	1E-30	1E10	1E10	1E-30	1E10	1E10	1E-30	1E10	1E10	1E-30	1E10	1E10	1E-30	1E10	1E10	1E-30	1E10	1E10
4	1.3E-14	1E-30	1E-10	1E10	7.45E-10	0.015	1E10	1E-30	3E3	1E10	1.1E-7	700	1E10	1.2E-7	1E3	1E10	2.1E-8	40	1E-30	1E10	1E10	1E-30	1E10	1E10	1E-30	1E10	1E10	1E-30	1E10	1E10	1E-30	1E10	1E10	1E-30	1E10	1E10	1E-30	1E10	1E10	1E-30	1E10	1E10	1E-30	1E10	1E10	1E-30	1E10	1E10
5	1.3E-14	1E-30	1E-10	1E10	8.48E-10	0.018	1E10	1E-30	3E3	1E10	1.1E-7	700	1E10	1.2E-7	1E3	1E10	2.2E-8	40	1E-30	1E10	1E10	1E-30	1E10	1E10	1E-30	1E10	1E10	1E-30	1E10	1E10	1E-30	1E10	1E10	1E-30	1E10	1E10	1E-30	1E10	1E10	1E-30	1E10	1E10	1E-30	1E10	1E10	1E-30	1E10	1E10
6	1.3E-14	1E-30	1E-10	1E10	8.48E-10	0.018	1E10	1E-30	3E3	1E10	1.1E-7	700	1E10	1.2E-7	1E3	1E10	2.2E-8	40	1E-30	1E10	1E10	1E-30	1E10	1E10	1E-30	1E10	1E10	1E-30	1E10	1E10	1E-30	1E10	1E10	1E-30	1E10	1E10	1E-30	1E10	1E10	1E-30	1E10	1E10	1E-30	1E10	1E10	1E-30	1E10	1E10
7	1.3E-14	1E-30	1E-10	1E10	9.48E-10	0.038	1E10	1E-30	3E3	1E10	9.5E-8	700	1E10	1.2E-7	1E3	1E10	2.2E-8	40	1E-30	1E10	1E10	1E-30	1E10	1E10	1E-30	1E10	1E10	1E-30	1E10	1E10	1E-30	1E10	1E10	1E-30	1E10	1E10	1E-30	1E10	1E10	1E-30	1E10	1E10	1E-30	1E10	1E10	1E-30	1E10	1E10
8	1.3E-14	1E-30	1E-10	1E10	9.48E-10	0.038	1E10	1E-30	3E3	1E10	9.5E-8	700	1E10	1.2E-7	1E3	1E10	2.2E-8	40	1E-30	1E10	1E10	1E-30	1E10	1E10	1E-30	1E10	1E10	1E-30	1E10	1E10	1E-30	1E10	1E10	1E-30	1E10	1E10	1E-30	1E10	1E10	1E-30	1E10	1E10	1E-30	1E10	1E10	1E-30	1E10	1E10
9	1.3E-14	1E-30	1E-10	1E10	1.07E-9	0.043	1E10	1E-30	3E3	1E10	9E-8	700	1E10	1.2E-7	1E3	1E10	2.2E-8	40	1E-30	1E10	1E10	1E-30	1E10	1E10	1E-30	1E10	1E10	1E-30	1E10	1E10	1E-30	1E10	1E10	1E-30	1E10	1E10	1E-30	1E10	1E10	1E-30	1E10	1E10	1E-30	1E10	1E10	1E-30	1E10	1E10
10	1.3E-14	1E-30	1E-10	1E10	1.17E-9	0.07	1E10	1E-30	3200	1E10	1.05E-7	700	1E10	1.2E-7	1E3	1E10	2.2E-8	40	1E-30	1E10	1E10	1E-30	1E10	1E10	1E-30	1E10	1E10	1E-30	1E10	1E10	1E-30	1E10	1E10	1E-30	1E10	1E10	1E-30	1E10	1E10	1E-30	1E10	1E10	1E-30	1E10	1E10	1E-30	1E10	1E10
11	1.3E-14	1E-30	1E-10	1E10	1.17E-9	0.07	1E10	1E-30	3200	1E10	1.05E-7	700	1E10	1.2E-7	1E3	1E10	2.2E-8	40	1E-30	1E10	1E10	1E-30	1E10	1E10	1E-30	1E10	1E10	1E-30	1E10	1E10	1E-30	1E10	1E10	1E-30	1E10	1E10	1E-30	1E10	1E10	1E-30	1E10	1E10	1E-30	1E10	1E10	1E-30	1E10	1E10
12	2E-14	1E-30	1E-10	1E10	1.28E-9	0.12	1E10	1E-30	3200	1E10	8E-8	700	1E10	1.2E-7	1E3	1E10	2.3E-8	40	1E-30	1E10	1E10	1E-30	1E10	1E10	1E-30	1E10	1E10	1E-30	1E10	1E10	1E-30	1E10	1E10	1E-30	1E10	1E10	1E-30	1E10	1E10	1E-30	1E10	1E10	1E-30	1E10	1E10	1E-30	1E10	1E10
13	2E-14	1E-30	1E-10	1E10	1.28E-9	0.12	1E10	1E-30	3200	1E10	8E-8	700	1E10	1.2E-7	1E3	1E10	2.3E-8	40	1E-30	1E10	1E10	1E-30	1E10	1E10	1E-30	1E10	1E10	1E-30	1E10	1E10	1E-30	1E10	1E10	1E-30	1E10	1E10	1E-30	1E10	1E10	1E-30	1E10	1E10	1E-30	1E10	1E10	1E-30	1E10	1E10
14	3.1E-14	1E-30	1E-10	1E10	1.4E-9	0.07	1E10	1E-30	3400	1E10	1.4E-7	700	1E10	1.2E-7	1E3	1E10	2.3E-8	40	1E-30	1E10	1E10	1E-30	1E10	1E10	1E-30	1E10	1E10	1E-30	1E10	1E10	1E-30	1E10	1E10	1E-30	1E10	1E10	1E-30	1E10	1E10	1E-30	1E10	1E10	1E-30	1E10	1E10	1E-30	1E10	1E10
15	3.5E-14	1E-30	1E-10	1E10	1.51E-9	0.07	1E10	1E-30	3800	1E10	1.4E-7	700	1E10	1.2E-7	1E3	1E10	2.5E-8	40	1E-30	1E10	1E10	1E-30	1E10	1E10	1E-30	1E10	1E10	1E-30	1E10	1E10	1E-30	1E10	1E10	1E-30	1E10	1E10	1E-30	1E10	1E10	1E-30	1E10	1E10	1E-30	1E10	1E10	1E-30	1E10	1E10
16	3.5E-14	1E-30	1E-10	1E10	1.51E-9	0.07	1E10	1E-30	3800	1E10	1.4E-7	700	1E10	1.2E-7	1E3	1E10	2.5E-8	40	1E-30	1E10	1E10	1E-30	1E10	1E10	1E-30	1E10	1E10	1E-30	1E10	1E10	1E-30	1E10	1E10	1E-30	1E10	1E10	1E-30	1E10	1E10	1E-30	1E10	1E10	1E-30	1E10	1E10	1E-30	1E10	1E10
17	4E-14	1E-30	1E-10	1E10	1.61E-9	0.07	1E10	1E-30	4200	1E10	1.2E-7	600	1E10	1.2E-7	1E3	1E10	3E-8	40	1E-30	1E10	1E10	1E-30	1E10	1E10	1E-30	1E10	1E10	1E-30	1E10	1E10	1E-30	1E10	1E10	1E-30	1E10	1E10	1E-30	1E10	1E10	1E-30	1E10	1E10	1E-30	1E10	1E10	1E-30	1E10	1E10
18	4.57E-14	1E-30	1E-10	1E10	1.71E-9	0.07	1E10	1E-30	5E3	1E10	1.3E-7	600	1E10	1.2E-7	1E3	1E10	3E-8	40	1E-30	1E10	1E10	1E-30	1E10	1E10	1E-30	1E10	1E10	1E-30	1E10	1E10	1E-30	1E10	1E10	1E-30	1E10	1E10	1E-30	1E10	1E10	1E-30	1E10	1E10	1E-30	1E10	1E10	1E-30	1E10	1E10
19	4.57E-14	1E-30	1E-10	1E10	1.71E-9	0.07	1E10	1E-30	5E3	1E10	1.3E-7	600	1E10	1.2E-7	1E3	1E10	3E-8	40	1E-30	1E10	1E10	1E-30	1E10	1E10	1E-30	1E10	1E10	1E-30	1E10	1E10	1E-30	1E10	1E10	1E-30	1E10	1E10	1E-30	1E10	1E10	1E-30	1E10	1E10	1E-30	1E10	1E10	1E-30	1E10	1E10
20	4.85E-14	1E-30	1E-10	1E10	1.83E-9	0.08	1E10	1E-30	5E3	1E10	1.7E-7	700	1E10	1.2E-7	1E3	1E10	3.1E-8	40	1E-30	1E10	1E10	1E-30	1E10	1E10	1E-30	1E10	1E10	1E-30	1E10	1E10	1E-30	1E10	1E10	1E-30	1E10	1E10	1E-30	1E10	1E10	1E-30	1E10	1E10	1E-30	1E10	1E10	1E-30	1E10	1E10
21	5.15E-14	1E-30	1E-10	1E10	1.93E-9	0.1	1E10	1E-30	5E3	1E10	1.9E-7	700	1E10	1.2E-7	1E3	1E10	3.1E-8	40	1E-30	1E10	1E10	1E-30	1E10	1E10	1E-30	1E10	1E10	1E-30	1E10	1E10	1E-30	1E10	1E10	1E-30	1E10	1E10	1E-30	1E10	1E10	1E-30	1E10	1E10	1E-30	1E10	1E10	1E-30	1E10	1E10
22	5.15E-14	1E-30	1E-10	1E10	1.93E-9	0.1	1E10	1E-30	5E3	1E10	1.9E-7	700	1E10	1.2E-7	1E3	1E10	3.1E-8	40	1E-30	1E10	1E10	1E-30	1E10	1E10	1E-30	1E10	1E10	1E-30	1E10	1E10	1E-30	1E10	1E10	1E-30	1E10	1E10	1E-30	1E10	1E10	1E-30	1E10	1E10	1E-30	1E10	1E10	1E-30	1E10	1E10
23	5.1E-14	1E-30	1E-10	1E10	2.03E-9	0.105	1E10	1E-30	6E3	1E10	1.5E-7	700	1E10	1.2E-7	1E3	1E10	3.2E-8	40	1E-30	1E10	1E10	1E-30	1E10	1E10	1E-30	1E10	1E10	1E-30	1E10	1E10	1E-30	1E10	1E10	1E-30	1E10	1E10	1E-30	1E10	1E10	1E-30	1E10	1E10	1E-30	1E10	1E10	1E-30	1E10	1E10
24	5.4E-14	1E-30	1E-10	1E10	2.14E-9	0.115	1E10	1E-30	6E3	1E10	5E-7	700	1E10	1.2E-7	1E3	1E10	3.2E-8	40	1E-30	1E10	1E10	1E-30	1E10	1E10	1E-30	1E10	1E10	1E-30	1E10	1E10	1E-30	1E10	1E10	1E-30	1E10	1E10	1E-30	1E10	1E10	1E-30	1E10	1E10	1E-30	1E10	1E10	1E-30	1E10	1E10
25	5.4E-14	1E-30	1E-10	1E10	2.14E-9	0.115	1E10	1E-30	6E3	1E10	5E-7	700	1E10	1.2E-7	1E3	1E10	3.2E-8	40	1E-30	1E10	1E10	1E-30	1E10	1E10	1E-30	1E10	1E10	1E-30	1E10	1E10	1E-30	1E10	1E10	1E-30	1E10	1E10	1E-30	1E10	1E10	1E-30	1E10	1E10	1E-30	1E10	1E10	1E-30	1E10	1E10
26	8.3E-14	1E-30	1E-10	1E10	2.25E-9	0.1	1E10	1E-30	3800	1E10	3E-7	700	1E10	1.2E-7	1E3	1E10	3.3E-8	40	1E-30	1E10	1E10	1E-30	1E10	1E10	1E-30	1E10	1E10	1E-30	1E10	1E10	1E-30	1E10	1E10	1E-30	1E10	1E10	1E-30	1E10	1E10	1E-30	1E10	1E10	1E-30	1E10	1E10	1E-30	1E10	1E10
27	5.65E-14	1E-30	1E-10	1E10	2.38E-9	0.145	1E10	1E-30	5700	1E10	1.35E-7	800	1E10	1.7E-7	1E3	1E10	3.3E-8	30	1E-30	1E10	1E10	1E-30	1E10	1E10	1E-30	1E10	1E10	1E-30	1E10	1E10	1E-30	1E10	1E10	1E-30	1E10	1E10	1E-30	1E10	1E10	1E-30	1E10	1E10	1E-30	1E10	1E10	1E-30	1E10	1E10
28	5.5E-14	1E-30	1E-10	1E10	2.48E-9	0.17	1E10	1E-30	5700	1E10	1.6E-7	800	1E10	1.7E-7	1E3	1E10	3.5E-8	30	1E-30	1E10	1E10	1E-30	1E10	1E10	1E-30	1E10	1E10	1E-30	1E10	1E10	1E-30	1E10	1E10	1E-30	1E10	1E10	1E-30	1E10	1E10	1E-30	1E10	1E10	1E-30	1E10	1E10	1E-30	1E10	1E10
29	5.5E-14	1E-30	1E-10	1E10	2.48E-9	0.17	1E10	1E-30	5700	1E10	1.6E-7	800	1E10	1.7E-7	1E3	1E10	3.5E-8	30	1E-30	1E10	1E10	1E-30	1E10	1E10	1E-30	1E10	1E10	1E-30	1E10	1E10	1E-30	1E10	1E10	1E-30	1E10	1E10	1E-30	1E10	1E10	1E-30	1E10	1E10	1E-30	1E10	1E10	1E-30	1E10	1E10
30	5.65E-14	1E-30	1E-10	1E10	2.6E-9	0.17	1E10	1E-30	5700	1E10	1.5E-7	1E3	1E10	1.7E-7	1E3	1E10	3.5E-8	30	1E-30	1E10	1E10	1E-30	1E10	1E10	1E-30	1E10	1E10	1E-30	1E10	1E10	1E-30	1E10	1E10	1E-30	1E10	1E10	1E-30	1E10	1E10	1E-30	1E10	1E10	1E-30	1E10	1E10	1E-30	1E10	1E10
31	5.75E-14	1E-30	1E-10	1E10	2.7E-9	0.205	1E10	1E-30	5400	1E10	1.7E-7	1E3	1E10	1.7E-7	1E3	1E10	3.6E-8	30	1E-30	1E10	1E10	1E-30	1E10	1E10	1E-30	1E10	1E10	1E-30	1E10	1E10	1E-30	1E10	1E10	1E-30	1E10	1E10	1E-30	1E10	1E10	1E-30	1E10	1E10	1E-30	1E10	1E10	1E-30	1E10	1E10
32	5.7E-14	1E-30	1E-10	1E10	2.8E-9	0.215	1E10	1E-30	5400	1E10	1.8E-7	1E3	1E10	1.7E-7	1E3	1E10	3.6E-8	30	1E-30	1E10	1E10	1E-30	1E10	1E10	1E-30	1E10	1E10	1E-30	1E10	1E10	1E-30	1E10	1E10	1E-30	1E10	1E10	1E-30	1E10	1E10	1E-30	1E10	1E10	1E-30	1E10	1E10	1E-30	1E10	1E10
33	5.7E-14	1E-30	1E-10	1E10	2.8E-9	0.215	1E10	1E-30	5400	1E10	1.8E-7	1E3	1E10	1.7E-7	1E3	1E10	3.6E-8	30	1E-30	1E10	1E10	1E-30	1E10	1E10	1E-30	1E10	1E10	1E-30	1E10	1E10	1E-30	1E10	1E10	1E-30	1E10	1E10	1E-30	1E10	1E10	1E-30	1E10	1E10	1E-30	1E10	1E10	1E-30	1E10	1E10
34	5.7E-14	1E-30	1E-10	1E10	2.93E-9	0.29	1E10	1E-30	5400	1E10	1.8E-7	1E3	1E10	1.7E-7	1E3	1E10	3.5E-8	30	1E-30	1E10	1E10	1E-30	1E10	1E10	1E-30	1E10	1E10	1E-30	1E10	1E10	1E-30	1E10	1E10	1E-30	1E10	1E10	1E-30	1E10	1E10	1E-30	1E10	1E10	1E-30	1E10	1E10	1E-30	1E10	1E10
35	6.5E-14	1E-30	1E-10	1E10	3.08E-9	0.19	1E10	1E-30	6400	1E10	1.35E-7	1E3	1E10	1.7E-7	1E3	1E10	3.5E-8	35	1E-30	1E10	1E10	1E-30	1E10	1E10	1E-30	1E10	1E10	1E-30	1E10	1E10	1E-30	1E10	1E10	1E-30	1E10	1E10	1E-30	1E10	1E10	1E-30	1E10	1E10	1E-30	1E10	1E10	1E-30	1E10	1E10
36	6.7E-14	1E-30	1E-10	1E10	3.2E-9	0.22	1E10	1E-30	6400	1E10	1.4E-7	1E3	1E10	1.7E-7	1E3	1E10	3.6E-8	35	1E-30	1E10	1E10	1E-30	1E10	1E10	1E-30	1E10	1E10	1E-30	1E10	1E10	1E-30	1E10	1E10	1E-30	1E10	1E10	1E-30	1E10	1E10	1E-30	1E10	1E10	1E-30	1E10	1E10	1E-30	1E10	1E10
37	6.7E-14	1E-30	1E-10	1E10	3.2E-9	0.22	1E10	1E-30	6400	1E10	1.4E-7	1E3	1E10	1.7E-7	1E3	1E10	3.6E-8	35	1E-30	1E10	1E10	1E-30	1E10	1E10	1E-30	1E10	1E10	1E-30	1E10	1E10	1E-30	1E10	1E10	1E-30	1E10	1E10	1E-30	1E10	1E10	1E-30	1E10	1E10	1E-30	1E10	1E10	1E-30	1E10	1E10
38	6.9E-14	1E-30	1E-10	1E10	3.3E-9	0.19	1E10	1E-30	6400	1E10	1.4E-7	1E3	1E10	1.7E-7	1E3	1E10	4E-8	35	1E-30	1E10	1E10	1E-30	1E10	1E10	1E-30	1E10	1E10	1E-30	1E10	1E10	1E-30	1E10	1E10	1E-30	1E10	1E10	1E-30	1E10	1E10	1E-30	1E10	1E10	1E-30	1E10	1E10	1E-30	1E10	1E10
39	7.1E-14	1E-30	1E-10	1E10	3.4E-9	0.21	1E10	1E-30	6400	1E10	1.8E-7	1E3	1E10	1.8E-7	1E3	1E10	4.2E-8	35	1E-30	1E10	1E10	1E-30	1E10	1E10	1E-30	1E10	1E10	1E-30	1E10	1E10	1E-30	1E10	1E10	1E-30	1E10	1E10	1E-30	1E10	1E10	1E-30	1E10	1E10	1E-30	1E10	1E10	1E-30	1E10	1E10
40	7.2E-14	1E-30	1E-10	1E10	3.53E-9	0.21	1E10	1E-30	8E3	1E10	1.4E-7	800	1E10	1.8E-7	1E3	1E10	4.2E-8	35	1E-30	1E10	1E10	1E-30	1E10	1E10	1E-30	1E10	1E10	1E-30	1E10	1E10	1E-30	1E10	1E10	1E-30	1E10	1E10	1E-30	1E10	1E10	1E-30	1E10	1E10	1E-30	1E10	1E10	1E-30	1E10	1E10
41	7.2E-14	1E-30	1E-10	1E10	3.53E-9	0.21	1E10	1E-30	8E3	1E10	1.4E-7	800	1E10	1.8E-7	1E3	1E10	4.2E-8	35	1E-30	1E10	1E10	1E-30	1E10	1E10	1E-30	1E10	1E10	1E-30	1E10	1E10	1E-30	1E10	1E10	1E-30	1E10	1E10	1E-30	1E10	1E10	1E-30	1E10	1E10	1E-30	1E10	1E10	1E-30	1E10	1E10
42	7.2E-14	1E-30	1E-10	1E10	3.63E-9	0.21	1E10	1E-30	8E3	1E10	1.5E-7	800	1E10	1.8E-7	1E3	1E10	4.3E-8	35	1E-30	1E10	1E10	1E-30	1E10	1E10	1E-30	1E10	1E10	1E-30	1E10	1E10	1E-30	1E10	1E10	1E-30	1E10	1E10	1E-30	1E10	1E10	1E-30	1E10	1E10	1E-30	1E10	1E10	1E-30	1E10	1E10
43	7.6E-14	1E-30	1E-10	1E10	3.74E-9	0.21	1E10	1E-30	8E3	1E10	1.5E-7	800	1E10	1.8E-7	1E3	1E10	4.5E-8	35	1E-30	1E10	1E10	1E-30	1E10	1E10	1E-30	1E10	1E10	1E-30	1E10	1E10	1E-30	1E10	1E10	1E-30	1E10	1E10	1E-30	1E10	1E10	1E-30	1E10	1E10	1E-30	1E10	1E10	1E-30	1E10	1E10
44	7E-14	1E-30	1E-10	1E10	3.85E-9	0.26	1E10	1E-30	8E3	1E10	2E-7	1E3	1E10	1.8E-7	1E3	1E10	4.5E-8	35	1E-30	1E10	1E10	1E-30	1E10	1E10	1E-30	1E10	1E10	1E-30	1E10	1E10	1E-30	1E10	1E10	1E-30	1E10	1E10	1E-30	1E10	1E10	1E-30	1E10	1E10	1E-30	1E10	1E10	1E-30	1E10	1E10
45	7E-14	1E-30	1E-10	1E10	3.85E-9	0.26	1E10	1E-30	8E3	1E10	2E-7	1E3	1E10	1.8E-7	1E3	1E10	4.5E-8	35	1E-30	1E10	1E10	1E-30	1E10	1E10	1E-30	1E10	1E10	1E-30	1E10	1E10	1E-30	1E10	1E10	1E-30	1E10	1E10	1E-30	1E10	1E10	1E-30	1E10	1E10	1E-30	1E10	1E10	1E-30	1E10	1E10
46	7.6E-14	1E-30	1E-10	1E10	4.267E-9	0.3	1E10	1E-30	8500	1E10	2.4E-7	980	1E10	1.8E-7	1E3	1E10	5.5E-8	35	1E-30	1E10	1E10	1E-30	1E10	1E10	1E-30	1E10	1E10	1E-30	1E10	1E10	1E-30	1E10	1E10	1E-30	1E10	1E10	1E-30	1E10	1E10	1E-30	1E10	1E10	1E-30	1E10	1E10	1E-30	1E10	1E10
47	7.6E-14	1E-30	1E-10	1E10	4.67E-9	0.34	1E10	1E-30	11E3	1E10	2.1E-7	980	1E10	1.8E-7	1E3	1E10	7E-8	35	1E-30	1E10	1E10	1E-30	1E10	1E10	1E-30	1E10	1E10	1E-30	1E10	1E10	1E-30	1E10	1E10	1E-30	1E10	1E10	1E-30	1E10	1E10	1E-30	1E10	1E10	1E-30	1E10	1E10	1E-30	1E10	1E10
48	7.6E-14	1E-30	1E-10	1E10	5.1E-9	0.39	1E10	1E-30	11E3	1E10	2.1E-7	980	1E10	2.1E-7	1E3	1E10	8E-8	35	1E-30	1E10	1E10	1E-30	1E10	1E10	1E-30	1E10	1E10	1E-30	1E10	1E10	1E-30	1E10	1E10	1E-30	1E10	1E10	1E-30	1E10	1E10	1E-30	1E10	1E10	1E-30	1E10	1E10	1E-30	1E10	1E10
49	7.8E-14	1E-30	1E-10	1E10	5.75E-9	0.41	1E10	1E-30	1E4	1E10	1.8E-7	980	1E10	2.3E-7	1200	1E10	6.5E-8	43	1E-30	1E10	1E10	1E-30	1E10	1E10	1E-30	1E10	1E10	1E-30	1E10	1E10	1E-30	1E10	1E10	1E-30	1E10	1E10	1E-30	1E10	1E10	1E-30	1E10	1E10	1E-30	1E10	1E10	1E-30	1E10	1E10
50	7.9E-14	1E-30	1E-10	1E10	6.2E-9	0.508	1E10	1E-30	8E3	1E10	7.3E-8	180	1E10	5E-7	50	1E-30	1E10	1E10	1E-30	1E10	1E10	1E-30	1E10	1E10	1E-30	1E10	1E10	1E-30	1E10	1E10	1E-30	1E10	1E10	1E-30	1E10	1E10	1E-30	1E10	1E10	1E-30	1E10	1E10	1E-30	1E10	1E10	1E-30	1E10	1E10
51	7.9E-14	1E-30	1E-10	1E10	6.79E-9	0.6	1E10	1E-30	8E3	1E10	9E-8	220	1E10	5E-7	50	1E-30	1E10	1E10	1E-30	1E10	1E10	1E-30	1E10	1E10	1E-30	1E10	1E10	1E-30	1E10	1E10	1E-30	1E10	1E10	1E-30	1E10	1E10	1E-30	1E10	1E10	1E-30	1E10	1E10	1E-30	1E10	1E10	1E-30	1E10	1E10
52	7.9E-14	1E-30	1E-10	1E10	7.44E-9	0.73	1E10	1E-30	1E4	1E10	1.23E-7	340	1E10	6E-7	40	1E-30	1E10	1E10	1E-30	1E10	1E10	1E-30	1E10	1E10	1E-30	1E10	1E10	1E-30	1E10	1E10	1E-30	1E10	1E10	1E-30	1E10	1E10	1E-30	1E10	1E10	1E-30	1E10	1E10	1E-30	1E10	1E10	1E-30	1E10	1E10
53	7.7E-14	1E-30	1E-10	1E10	8.15E-9	0.78	1E10	1E-30	1E4	1E10	1.38E-7	380	1E10	6E-7	40	1E-30	1E10	1E10	1E-30	1E10	1E10	1E-30	1E10	1E10	1E-30	1E10	1E10	1E-30	1E10	1E10	1E-30	1E10	1E10	1E-30	1E10	1E10	1E-30	1E10	1E10	1E-30	1E10	1E10	1E-30	1E10	1E10	1E-30	1E10	1E10
54	7.7E-14	1E-30	1E-10	1E10	9.05E-9	1	1E10	1E-30	13E3	1E10	1.6E-7	500	1E10	6E-7	40	1E-30	1E10	1E10	1E-30	1E10	1E10	1E-30	1E10	1E10	1E-30	1E10	1E10	1E-30	1E10	1E10	1E-30	1E10	1E10	1E-30	1E10	1E10	1E-30	1E10	1E10	1E-30	1E10	1E10	1E-30	1E10	1E10	1E-30	1E10	1E10
55	8.8E-14	1E-30	1E-10	1E10	1.01E-8	0.7	1E10	1E-30	13E3	1E10	1.4E-7	460	1E10	6E-7	40	1E-30	1E10	1E10	1E-30	1E10	1E10	1E-30	1E10	1E10	1E-30	1E10	1E10	1E-30	1E10	1E10	1E-30	1E10	1E10	1E-30	1E10	1E10	1E-30	1E10	1E10	1E-30	1E10	1E10	1E-30	1E10	1E10	1E-30	1E10	1E10
56	8.8E-14	1E-30	1E-10	1E10	1.21E-8	1	1E10	1E-30	13E3	1E10	2.2E-7	700	1E10	5E-7	50	1E-30	1E10	1E10	1E-30	1E10	1E10	1E-30	1E10	1E10	1E-30	1E10	1E10	1E-30	1E10	1E10	1E-30	1E10	1E10	1E-30	1E10	1E10	1E-30	1E10	1E10	1E-30	1E10	1E10	1E-30	1E10	1E10	1E-30	1E10	1E10
57	8.9E-14	1E-30	1E-10	1E10	1.54E-8	1.3	1E10	1E-30	13E3	1E10	2.55E-7	700	1E10	5E-7	50	1E-30	1E10	1E10	1E-30	1E10	1E10	1E-30	1E10	1E10	1E-30	1E10	1E10	1E-30	1E10	1E10	1E-30	1E10	1E10	1E-30	1E10	1E10	1E-30	1E10	1E10	1E-30	1E10	1E10	1E-30	1E10	1E10	1E-30	1E10	1E10
58	9E-14	1E-30	1E-10	1E10	1.84E-8	1.55	1E10	1E-30	15500	1E10	3.1E-7	1E3	1E10	6E-7	50	1E-30	1E10	1E10	1E-30	1E10	1E10	1E-30	1E10	1E10	1E-30	1E10	1E10	1E-30	1E10	1E10	1E-30	1E10	1E10	1E-30	1E10	1E10	1E-30	1E10	1E10	1E-30	1E10	1E10	1E-30	1E10	1E10	1E-30	1E10	1E10
59	9E-14	1E-30	1E-10	1E10	2.25E-8	2	1E10	1E-30	16E3	1E10	5E-7	1600	1E10	6E-7	50	1E-30	1E10	1E10	1E-30	1E10	1E10	1E-30	1E10	1E10	1E-30	1E10	1E10	1E-30	1E10	1E10	1E-30	1E10	1E10	1E-30	1E10	1E10	1E-30	1E10	1E10	1E-30	1E10	1E10	1E-30	1E10	1E10	1E-30	1E10	1E10
60	8.9E-14	1E-30	1E-10	1E10	2.77E-8	2.5	1E10	1E-30	22E3	1E10	7E-7	2800	1E10	6E-7	50	1E-30	1E10	1E10	1E-30	1E10	1E10	1E-30	1E10	1E10	1E-30	1E10	1E10	1E-30	1E10	1E10	1E-30	1E10	1E10	1E-30	1E10	1E10	1E-30	1E10	1E10	1E-30	1E10	1E10	1E-30	1E10	1E10	1E-30	1E10	1E10
61	8.9E-14	1E-30	1E-10	1E10	3.45E-8	3.25	1E10	1E-30	22E3	1E10	8E-7	2800	1E10	6E-7	50	1E-30	1E10	1E10	1E-30	1E10	1E10	1E-30	1E10	1E10	1E-30	1E10	1E10	1E-30	1E10	1E10	1E-30	1E10	1E10	1E-30	1E10	1E10	1E-30	1E10	1E10	1E-30	1E10	1E10	1E-30	1E10	1E10	1E-30	1E10	1E10
END DSCRDATA
