BEGIN DSCRDATA
% INDEX	K01	L01	M01	K02	L02	M02	K03	L03	M03	K04	L04	M04	K05	L05	M05	K06	L06	M06	K07	L07	M07	K08	L08	M08	K09	L09	M09	K10	L10	M10	K11	L11	M11	K12	L12	M12	K13	L13	M13	K14	L14	M14	K15	L15	M15	K16	L16	M16
0	0	0	0	0	0	0	0	0	0	0	0	0	0	0	0	0	0	0	0	0	0	0	0	0	0	0	0	0	0	0	0	0	0	0	0	0	0	0	0	0	0	0	0	0	0	0	0	0
1	6.09E-14	1E-30	1E-10	1E10	1.94E-9	0.015	1E10	1E-30	22800	1E10	4.1E-8	9.71	1E10	4.91E-8	180	1E-30	1E10	1E10	1E-30	1E10	1E10	1E-30	1E10	1E10	1E-30	1E10	1E10	1E-30	1E10	1E10	1E-30	1E10	1E10	1E-30	1E10	1E10	1E-30	1E10	1E10	1E-30	1E10	1E10	1E-30	1E10	1E10	1E-30	1E10	1E10
2	5.95E-14	1E-30	1E-10	1E10	2.03E-9	0.021	1E10	1E-30	22800	1E10	6.19E-8	54.9	1E10	7.07E-8	323	1E-30	1E10	1E10	1E-30	1E10	1E10	1E-30	1E10	1E10	1E-30	1E10	1E10	1E-30	1E10	1E10	1E-30	1E10	1E10	1E-30	1E10	1E10	1E-30	1E10	1E10	1E-30	1E10	1E10	1E-30	1E10	1E10	1E-30	1E10	1E10
3	4.51E-14	1E-30	1E-10	1E10	2.62E-9	0.14	1E10	1E-30	22800	1E10	5.43E-8	234	1E10	1.26E-7	125	1E-30	1E10	1E10	1E-30	1E10	1E10	1E-30	1E10	1E10	1E-30	1E10	1E10	1E-30	1E10	1E10	1E-30	1E10	1E10	1E-30	1E10	1E10	1E-30	1E10	1E10	1E-30	1E10	1E10	1E-30	1E10	1E10	1E-30	1E10	1E10
4	3.05E-14	1E-30	1E-10	1E10	3.62E-9	0.023	1E10	1E-30	22800	1E10	8.81E-8	53.3	1E10	1.91E-7	831	1E-30	1E10	1E10	1E-30	1E10	1E10	1E-30	1E10	1E10	1E-30	1E10	1E10	1E-30	1E10	1E10	1E-30	1E10	1E10	1E-30	1E10	1E10	1E-30	1E10	1E10	1E-30	1E10	1E10	1E-30	1E10	1E10	1E-30	1E10	1E10
5	3.05E-14	1E-30	1E-10	1E10	3.62E-9	0.023	1E10	1E-30	22800	1E10	8.81E-8	53.3	1E10	1.91E-7	831	1E-30	1E10	1E10	1E-30	1E10	1E10	1E-30	1E10	1E10	1E-30	1E10	1E10	1E-30	1E10	1E10	1E-30	1E10	1E10	1E-30	1E10	1E10	1E-30	1E10	1E10	1E-30	1E10	1E10	1E-30	1E10	1E10	1E-30	1E10	1E10
6	3.05E-14	1E-30	1E-10	1E10	3.62E-9	0.023	1E10	1E-30	22800	1E10	8.81E-8	53.3	1E10	1.91E-7	831	1E-30	1E10	1E10	1E-30	1E10	1E10	1E-30	1E10	1E10	1E-30	1E10	1E10	1E-30	1E10	1E10	1E-30	1E10	1E10	1E-30	1E10	1E10	1E-30	1E10	1E10	1E-30	1E10	1E10	1E-30	1E10	1E10	1E-30	1E10	1E10
7	2.42E-14	1E-30	1E-10	1E10	3.79E-9	0.023	1E10	1E-30	22800	1E10	8.81E-8	49.7	1E10	1.91E-7	794	1E-30	1E10	1E10	1E-30	1E10	1E10	1E-30	1E10	1E10	1E-30	1E10	1E10	1E-30	1E10	1E10	1E-30	1E10	1E10	1E-30	1E10	1E10	1E-30	1E10	1E10	1E-30	1E10	1E10	1E-30	1E10	1E10	1E-30	1E10	1E10
8	2.42E-14	1E-30	1E-10	1E10	3.79E-9	0.023	1E10	1E-30	22800	1E10	8.81E-8	49.7	1E10	1.91E-7	794	1E-30	1E10	1E10	1E-30	1E10	1E10	1E-30	1E10	1E10	1E-30	1E10	1E10	1E-30	1E10	1E10	1E-30	1E10	1E10	1E-30	1E10	1E10	1E-30	1E10	1E10	1E-30	1E10	1E10	1E-30	1E10	1E10	1E-30	1E10	1E10
9	2.42E-14	1E-30	1E-10	1E10	3.79E-9	0.023	1E10	1E-30	22800	1E10	8.81E-8	49.7	1E10	1.91E-7	794	1E-30	1E10	1E10	1E-30	1E10	1E10	1E-30	1E10	1E10	1E-30	1E10	1E10	1E-30	1E10	1E10	1E-30	1E10	1E10	1E-30	1E10	1E10	1E-30	1E10	1E10	1E-30	1E10	1E10	1E-30	1E10	1E10	1E-30	1E10	1E10
10	3.19E-14	1E-30	1E-10	1E10	3.97E-9	0.023	1E10	1E-30	22800	1E10	1.37E-7	61.6	1E10	1.67E-7	600	1E-30	1E10	1E10	1E-30	1E10	1E10	1E-30	1E10	1E10	1E-30	1E10	1E10	1E-30	1E10	1E10	1E-30	1E10	1E10	1E-30	1E10	1E10	1E-30	1E10	1E10	1E-30	1E10	1E10	1E-30	1E10	1E10	1E-30	1E10	1E10
11	3.19E-14	1E-30	1E-10	1E10	3.97E-9	0.023	1E10	1E-30	22800	1E10	1.37E-7	61.6	1E10	1.67E-7	600	1E-30	1E10	1E10	1E-30	1E10	1E10	1E-30	1E10	1E10	1E-30	1E10	1E10	1E-30	1E10	1E10	1E-30	1E10	1E10	1E-30	1E10	1E10	1E-30	1E10	1E10	1E-30	1E10	1E10	1E-30	1E10	1E10	1E-30	1E10	1E10
12	3.19E-14	1E-30	1E-10	1E10	3.97E-9	0.023	1E10	1E-30	22800	1E10	1.37E-7	61.6	1E10	1.67E-7	600	1E-30	1E10	1E10	1E-30	1E10	1E10	1E-30	1E10	1E10	1E-30	1E10	1E10	1E-30	1E10	1E10	1E-30	1E10	1E10	1E-30	1E10	1E10	1E-30	1E10	1E10	1E-30	1E10	1E10	1E-30	1E10	1E10	1E-30	1E10	1E10
13	2.72E-14	1E-30	1E-10	1E10	4.06E-9	0.03	1E10	1E-30	23900	1E10	1.48E-7	196	1E10	3.59E-7	1780	1E-30	1E10	1E10	1E-30	1E10	1E10	1E-30	1E10	1E10	1E-30	1E10	1E10	1E-30	1E10	1E10	1E-30	1E10	1E10	1E-30	1E10	1E10	1E-30	1E10	1E10	1E-30	1E10	1E10	1E-30	1E10	1E10	1E-30	1E10	1E10
14	2.72E-14	1E-30	1E-10	1E10	4.06E-9	0.03	1E10	1E-30	23900	1E10	1.48E-7	196	1E10	3.59E-7	1780	1E-30	1E10	1E10	1E-30	1E10	1E10	1E-30	1E10	1E10	1E-30	1E10	1E10	1E-30	1E10	1E10	1E-30	1E10	1E10	1E-30	1E10	1E10	1E-30	1E10	1E10	1E-30	1E10	1E10	1E-30	1E10	1E10	1E-30	1E10	1E10
15	2.72E-14	1E-30	1E-10	1E10	4.06E-9	0.03	1E10	1E-30	23900	1E10	1.48E-7	196	1E10	3.59E-7	1780	1E-30	1E10	1E10	1E-30	1E10	1E10	1E-30	1E10	1E10	1E-30	1E10	1E10	1E-30	1E10	1E10	1E-30	1E10	1E10	1E-30	1E10	1E10	1E-30	1E10	1E10	1E-30	1E10	1E10	1E-30	1E10	1E10	1E-30	1E10	1E10
16	3.12E-14	1E-30	1E-10	1E10	4.45E-9	0.045	1E10	1E-30	23900	1E10	1.48E-7	175	1E10	3.59E-7	2340	1E-30	1E10	1E10	1E-30	1E10	1E10	1E-30	1E10	1E10	1E-30	1E10	1E10	1E-30	1E10	1E10	1E-30	1E10	1E10	1E-30	1E10	1E10	1E-30	1E10	1E10	1E-30	1E10	1E10	1E-30	1E10	1E10	1E-30	1E10	1E10
17	3.12E-14	1E-30	1E-10	1E10	4.45E-9	0.045	1E10	1E-30	23900	1E10	1.48E-7	175	1E10	3.59E-7	2340	1E-30	1E10	1E10	1E-30	1E10	1E10	1E-30	1E10	1E10	1E-30	1E10	1E10	1E-30	1E10	1E10	1E-30	1E10	1E10	1E-30	1E10	1E10	1E-30	1E10	1E10	1E-30	1E10	1E10	1E-30	1E10	1E10	1E-30	1E10	1E10
18	3.12E-14	1E-30	1E-10	1E10	4.45E-9	0.045	1E10	1E-30	23900	1E10	1.48E-7	175	1E10	3.59E-7	2340	1E-30	1E10	1E10	1E-30	1E10	1E10	1E-30	1E10	1E10	1E-30	1E10	1E10	1E-30	1E10	1E10	1E-30	1E10	1E10	1E-30	1E10	1E10	1E-30	1E10	1E10	1E-30	1E10	1E10	1E-30	1E10	1E10	1E-30	1E10	1E10
19	3.19E-14	1E-30	1E-10	1E10	4.55E-9	0.067	1E10	1E-30	23900	1E10	1.48E-7	220	1E10	3.59E-7	2340	1E-30	1E10	1E10	1E-30	1E10	1E10	1E-30	1E10	1E10	1E-30	1E10	1E10	1E-30	1E10	1E10	1E-30	1E10	1E10	1E-30	1E10	1E10	1E-30	1E10	1E10	1E-30	1E10	1E10	1E-30	1E10	1E10	1E-30	1E10	1E10
20	3.19E-14	1E-30	1E-10	1E10	4.55E-9	0.067	1E10	1E-30	23900	1E10	1.48E-7	220	1E10	3.59E-7	2340	1E-30	1E10	1E10	1E-30	1E10	1E10	1E-30	1E10	1E10	1E-30	1E10	1E10	1E-30	1E10	1E10	1E-30	1E10	1E10	1E-30	1E10	1E10	1E-30	1E10	1E10	1E-30	1E10	1E10	1E-30	1E10	1E10	1E-30	1E10	1E10
21	3.19E-14	1E-30	1E-10	1E10	4.55E-9	0.067	1E10	1E-30	23900	1E10	1.48E-7	220	1E10	3.59E-7	2340	1E-30	1E10	1E10	1E-30	1E10	1E10	1E-30	1E10	1E10	1E-30	1E10	1E10	1E-30	1E10	1E10	1E-30	1E10	1E10	1E-30	1E10	1E10	1E-30	1E10	1E10	1E-30	1E10	1E10	1E-30	1E10	1E10	1E-30	1E10	1E10
22	1.97E-14	1E-30	1E-10	1E10	5.47E-9	0.033	1E10	1E-30	22800	1E10	2.01E-7	142	1E10	3.67E-7	1410	1E-30	1E10	1E10	1E-30	1E10	1E10	1E-30	1E10	1E10	1E-30	1E10	1E10	1E-30	1E10	1E10	1E-30	1E10	1E10	1E-30	1E10	1E10	1E-30	1E10	1E10	1E-30	1E10	1E10	1E-30	1E10	1E10	1E-30	1E10	1E10
23	1.97E-14	1E-30	1E-10	1E10	5.47E-9	0.033	1E10	1E-30	22800	1E10	2.01E-7	142	1E10	3.67E-7	1410	1E-30	1E10	1E10	1E-30	1E10	1E10	1E-30	1E10	1E10	1E-30	1E10	1E10	1E-30	1E10	1E10	1E-30	1E10	1E10	1E-30	1E10	1E10	1E-30	1E10	1E10	1E-30	1E10	1E10	1E-30	1E10	1E10	1E-30	1E10	1E10
24	1.64E-14	1E-30	1E-10	1E10	5.6E-9	0.033	1E10	1E-30	22800	1E10	2.59E-7	215	1E10	4.02E-7	1170	1E-30	1E10	1E10	1E-30	1E10	1E10	1E-30	1E10	1E10	1E-30	1E10	1E10	1E-30	1E10	1E10	1E-30	1E10	1E10	1E-30	1E10	1E10	1E-30	1E10	1E10	1E-30	1E10	1E10	1E-30	1E10	1E10	1E-30	1E10	1E10
25	1.64E-14	1E-30	1E-10	1E10	5.6E-9	0.033	1E10	1E-30	22800	1E10	2.59E-7	215	1E10	4.02E-7	1170	1E-30	1E10	1E10	1E-30	1E10	1E10	1E-30	1E10	1E10	1E-30	1E10	1E10	1E-30	1E10	1E10	1E-30	1E10	1E10	1E-30	1E10	1E10	1E-30	1E10	1E10	1E-30	1E10	1E10	1E-30	1E10	1E10	1E-30	1E10	1E10
26	2.6E-14	1E-30	1E-10	1E10	6.94E-9	0.033	1E10	1E-30	33E3	1E10	4.25E-8	2.65	1E10	1.85E-7	79.3	1E10	4.37E-7	1200	1.56E-15	5.18E-9	682	1E-30	1E10	1E10	1E-30	1E10	1E10	1E-30	1E10	1E10	1E-30	1E10	1E10	1E-30	1E10	1E10	1E-30	1E10	1E10	1E-30	1E10	1E10	1E-30	1E10	1E10	1E-30	1E10	1E10
27	2.6E-14	1E-30	1E-10	1E10	6.94E-9	0.033	1E10	1E-30	33E3	1E10	4.25E-8	2.65	1E10	1.85E-7	79.3	1E10	4.37E-7	1200	1.56E-15	5.18E-9	682	1E-30	1E10	1E10	1E-30	1E10	1E10	1E-30	1E10	1E10	1E-30	1E10	1E10	1E-30	1E10	1E10	1E-30	1E10	1E10	1E-30	1E10	1E10	1E-30	1E10	1E10	1E-30	1E10	1E10
28	2.98E-14	1E-30	1E-10	1E10	6.43E-9	0.033	1E10	1E-30	22800	1E10	2.76E-7	152	1E10	3.16E-7	1250	5.14E-16	2.62E-7	600	3.9E-16	1.95E-7	222	1E-30	1E10	1E10	1E-30	1E10	1E10	1E-30	1E10	1E10	1E-30	1E10	1E10	1E-30	1E10	1E10	1E-30	1E10	1E10	1E-30	1E10	1E10	1E-30	1E10	1E10	1E-30	1E10	1E10
29	2.98E-14	1E-30	1E-10	1E10	6.43E-9	0.033	1E10	1E-30	22800	1E10	2.76E-7	152	1E10	3.16E-7	1250	5.14E-16	2.62E-7	600	3.9E-16	1.95E-7	222	1E-30	1E10	1E10	1E-30	1E10	1E10	1E-30	1E10	1E10	1E-30	1E10	1E10	1E-30	1E10	1E10	1E-30	1E10	1E10	1E-30	1E10	1E10	1E-30	1E10	1E10	1E-30	1E10	1E10
30	3.93E-14	1E-30	1E-10	1E10	6.43E-9	0.033	1E10	1E-30	22800	1E10	2.59E-7	156	1E10	4.02E-7	1170	1E-30	1E10	1E10	1E-30	1E10	1E10	1E-30	1E10	1E10	1E-30	1E10	1E10	1E-30	1E10	1E10	1E-30	1E10	1E10	1E-30	1E10	1E10	1E-30	1E10	1E10	1E-30	1E10	1E10	1E-30	1E10	1E10	1E-30	1E10	1E10
31	3.93E-14	1E-30	1E-10	1E10	6.43E-9	0.033	1E10	1E-30	22800	1E10	2.59E-7	156	1E10	4.02E-7	1170	1E-30	1E10	1E10	1E-30	1E10	1E10	1E-30	1E10	1E10	1E-30	1E10	1E10	1E-30	1E10	1E10	1E-30	1E10	1E10	1E-30	1E10	1E10	1E-30	1E10	1E10	1E-30	1E10	1E10	1E-30	1E10	1E10	1E-30	1E10	1E10
32	4.72E-14	1E-30	1E-10	1E10	7.05E-9	0.033	1E10	1E-30	22800	1E10	2.89E-7	168	1E10	4.66E-7	1400	1E-30	1E10	1E10	1E-30	1E10	1E10	1E-30	1E10	1E10	1E-30	1E10	1E10	1E-30	1E10	1E10	1E-30	1E10	1E10	1E-30	1E10	1E10	1E-30	1E10	1E10	1E-30	1E10	1E10	1E-30	1E10	1E10	1E-30	1E10	1E10
33	4.72E-14	1E-30	1E-10	1E10	7.05E-9	0.033	1E10	1E-30	22800	1E10	2.89E-7	168	1E10	4.66E-7	1400	1E-30	1E10	1E10	1E-30	1E10	1E10	1E-30	1E10	1E10	1E-30	1E10	1E10	1E-30	1E10	1E10	1E-30	1E10	1E10	1E-30	1E10	1E10	1E-30	1E10	1E10	1E-30	1E10	1E10	1E-30	1E10	1E10	1E-30	1E10	1E10
34	3.84E-14	1E-30	1E-10	1E10	7.38E-9	0.04	1E10	1E-30	22800	1E10	1.83E-7	50.6	1E10	3.25E-7	802	1E-30	1E10	1E10	1E-30	1E10	1E10	1E-30	1E10	1E10	1E-30	1E10	1E10	1E-30	1E10	1E10	1E-30	1E10	1E10	1E-30	1E10	1E10	1E-30	1E10	1E10	1E-30	1E10	1E10	1E-30	1E10	1E10	1E-30	1E10	1E10
35	3.84E-14	1E-30	1E-10	1E10	7.38E-9	0.04	1E10	1E-30	22800	1E10	1.83E-7	50.6	1E10	3.25E-7	802	1E-30	1E10	1E10	1E-30	1E10	1E10	1E-30	1E10	1E10	1E-30	1E10	1E10	1E-30	1E10	1E10	1E-30	1E10	1E10	1E-30	1E10	1E10	1E-30	1E10	1E10	1E-30	1E10	1E10	1E-30	1E10	1E10	1E-30	1E10	1E10
36	2.48E-14	1E-30	1E-10	1E10	8.09E-9	0.043	1E10	1E-30	22800	1E10	2.38E-7	78	1E10	4.26E-7	1240	1E-30	1E10	1E10	1E-30	1E10	1E10	1E-30	1E10	1E10	1E-30	1E10	1E10	1E-30	1E10	1E10	1E-30	1E10	1E10	1E-30	1E10	1E10	1E-30	1E10	1E10	1E-30	1E10	1E10	1E-30	1E10	1E10	1E-30	1E10	1E10
37	2.48E-14	1E-30	1E-10	1E10	8.09E-9	0.043	1E10	1E-30	22800	1E10	2.38E-7	78	1E10	4.26E-7	1240	1E-30	1E10	1E10	1E-30	1E10	1E10	1E-30	1E10	1E10	1E-30	1E10	1E10	1E-30	1E10	1E10	1E-30	1E10	1E10	1E-30	1E10	1E10	1E-30	1E10	1E10	1E-30	1E10	1E10	1E-30	1E10	1E10	1E-30	1E10	1E10
38	1.97E-14	1E-30	1E-10	1E10	8.4E-9	0.043	1E10	1E-30	22800	1E10	2.27E-7	78	1E10	4.26E-7	1240	1E-30	1E10	1E10	1E-30	1E10	1E10	1E-30	1E10	1E10	1E-30	1E10	1E10	1E-30	1E10	1E10	1E-30	1E10	1E10	1E-30	1E10	1E10	1E-30	1E10	1E10	1E-30	1E10	1E10	1E-30	1E10	1E10	1E-30	1E10	1E10
39	1.97E-14	1E-30	1E-10	1E10	8.4E-9	0.043	1E10	1E-30	22800	1E10	2.27E-7	78	1E10	4.26E-7	1240	1E-30	1E10	1E10	1E-30	1E10	1E10	1E-30	1E10	1E10	1E-30	1E10	1E10	1E-30	1E10	1E10	1E-30	1E10	1E10	1E-30	1E10	1E10	1E-30	1E10	1E10	1E-30	1E10	1E10	1E-30	1E10	1E10	1E-30	1E10	1E10
40	2.06E-14	1E-30	1E-10	1E10	8.5E-9	0.043	1E10	1E-30	22800	1E10	2.77E-7	118	1E10	4.72E-7	1060	1E-30	1E10	1E10	1E-30	1E10	1E10	1E-30	1E10	1E10	1E-30	1E10	1E10	1E-30	1E10	1E10	1E-30	1E10	1E10	1E-30	1E10	1E10	1E-30	1E10	1E10	1E-30	1E10	1E10	1E-30	1E10	1E10	1E-30	1E10	1E10
41	2.06E-14	1E-30	1E-10	1E10	8.5E-9	0.043	1E10	1E-30	22800	1E10	2.77E-7	118	1E10	4.72E-7	1060	1E-30	1E10	1E10	1E-30	1E10	1E10	1E-30	1E10	1E10	1E-30	1E10	1E10	1E-30	1E10	1E10	1E-30	1E10	1E10	1E-30	1E10	1E10	1E-30	1E10	1E10	1E-30	1E10	1E10	1E-30	1E10	1E10	1E-30	1E10	1E10
42	2.59E-14	1E-30	1E-10	1E10	8.9E-9	0.043	1E10	1E-30	22800	1E10	2.79E-7	123	1E10	5.82E-7	1510	4.91E-17	2.71E-6	2680	1E-30	1E10	1E10	1E-30	1E10	1E10	1E-30	1E10	1E10	1E-30	1E10	1E10	1E-30	1E10	1E10	1E-30	1E10	1E10	1E-30	1E10	1E10	1E-30	1E10	1E10	1E-30	1E10	1E10	1E-30	1E10	1E10
43	2.59E-14	1E-30	1E-10	1E10	8.9E-9	0.043	1E10	1E-30	22800	1E10	2.79E-7	123	1E10	5.82E-7	1510	4.91E-17	2.71E-6	2680	1E-30	1E10	1E10	1E-30	1E10	1E10	1E-30	1E10	1E10	1E-30	1E10	1E10	1E-30	1E10	1E10	1E-30	1E10	1E10	1E-30	1E10	1E10	1E-30	1E10	1E10	1E-30	1E10	1E10	1E-30	1E10	1E10
44	3.49E-14	1E-30	1E-10	1E10	9.32E-9	0.043	1E10	1E-30	22800	1E10	3.41E-7	115	1E10	5.82E-7	1510	4.91E-17	2.47E-6	281	1E-30	1E10	1E10	1E-30	1E10	1E10	1E-30	1E10	1E10	1E-30	1E10	1E10	1E-30	1E10	1E10	1E-30	1E10	1E10	1E-30	1E10	1E10	1E-30	1E10	1E10	1E-30	1E10	1E10	1E-30	1E10	1E10
45	3.49E-14	1E-30	1E-10	1E10	9.32E-9	0.043	1E10	1E-30	22800	1E10	3.41E-7	115	1E10	5.82E-7	1510	4.91E-17	2.47E-6	281	1E-30	1E10	1E10	1E-30	1E10	1E10	1E-30	1E10	1E10	1E-30	1E10	1E10	1E-30	1E10	1E10	1E-30	1E10	1E10	1E-30	1E10	1E10	1E-30	1E10	1E10	1E-30	1E10	1E10	1E-30	1E10	1E10
46	6.07E-14	1E-30	1E-10	1E10	9.99E-9	0.043	1E10	1E-30	22800	1E10	2.07E-7	63.4	1E10	5.48E-7	1970	3.72E-17	2.47E-6	281	1E-30	1E10	1E10	1E-30	1E10	1E10	1E-30	1E10	1E10	1E-30	1E10	1E10	1E-30	1E10	1E10	1E-30	1E10	1E10	1E-30	1E10	1E10	1E-30	1E10	1E10	1E-30	1E10	1E10	1E-30	1E10	1E10
47	6.07E-14	1E-30	1E-10	1E10	9.99E-9	0.043	1E10	1E-30	22800	1E10	2.07E-7	63.4	1E10	5.48E-7	1970	3.72E-17	2.47E-6	281	1E-30	1E10	1E10	1E-30	1E10	1E10	1E-30	1E10	1E10	1E-30	1E10	1E10	1E-30	1E10	1E10	1E-30	1E10	1E10	1E-30	1E10	1E10	1E-30	1E10	1E10	1E-30	1E10	1E10	1E-30	1E10	1E10
48	6.21E-14	1E-30	1E-10	1E10	9.99E-9	0.043	1E10	1E-30	22800	1E10	2.96E-7	97.8	1E10	6.01E-7	1350	4.91E-17	2.47E-6	281	1E-30	1E10	1E10	1E-30	1E10	1E10	1E-30	1E10	1E10	1E-30	1E10	1E10	1E-30	1E10	1E10	1E-30	1E10	1E10	1E-30	1E10	1E10	1E-30	1E10	1E10	1E-30	1E10	1E10	1E-30	1E10	1E10
49	6.21E-14	1E-30	1E-10	1E10	9.99E-9	0.043	1E10	1E-30	22800	1E10	2.96E-7	97.8	1E10	6.01E-7	1350	4.91E-17	2.47E-6	281	1E-30	1E10	1E10	1E-30	1E10	1E10	1E-30	1E10	1E10	1E-30	1E10	1E10	1E-30	1E10	1E10	1E-30	1E10	1E10	1E-30	1E10	1E10	1E-30	1E10	1E10	1E-30	1E10	1E10	1E-30	1E10	1E10
50	6.65E-14	1E-30	1E-10	1E10	1.12E-8	0.043	1E10	1E-30	22800	1E10	2.48E-7	65.5	1E10	6.13E-7	1300	4.91E-17	2.47E-6	281	1E-30	1E10	1E10	1E-30	1E10	1E10	1E-30	1E10	1E10	1E-30	1E10	1E10	1E-30	1E10	1E10	1E-30	1E10	1E10	1E-30	1E10	1E10	1E-30	1E10	1E10	1E-30	1E10	1E10	1E-30	1E10	1E10
51	6.65E-14	1E-30	1E-10	1E10	1.12E-8	0.043	1E10	1E-30	22800	1E10	2.48E-7	65.5	1E10	6.13E-7	1300	4.91E-17	2.47E-6	281	1E-30	1E10	1E10	1E-30	1E10	1E10	1E-30	1E10	1E10	1E-30	1E10	1E10	1E-30	1E10	1E10	1E-30	1E10	1E10	1E-30	1E10	1E10	1E-30	1E10	1E10	1E-30	1E10	1E10	1E-30	1E10	1E10
52	4.39E-14	1E-30	1E-10	1E10	1.2E-8	0.053	1E10	1E-30	22800	1E10	2.98E-7	119	1E10	8.48E-7	3460	4.91E-17	2.47E-6	281	1E-30	1E10	1E10	1E-30	1E10	1E10	1E-30	1E10	1E10	1E-30	1E10	1E10	1E-30	1E10	1E10	1E-30	1E10	1E10	1E-30	1E10	1E10	1E-30	1E10	1E10	1E-30	1E10	1E10	1E-30	1E10	1E10
53	4.39E-14	1E-30	1E-10	1E10	1.2E-8	0.053	1E10	1E-30	22800	1E10	2.98E-7	119	1E10	8.48E-7	3460	4.91E-17	2.47E-6	281	1E-30	1E10	1E10	1E-30	1E10	1E10	1E-30	1E10	1E10	1E-30	1E10	1E10	1E-30	1E10	1E10	1E-30	1E10	1E10	1E-30	1E10	1E10	1E-30	1E10	1E10	1E-30	1E10	1E10	1E-30	1E10	1E10
54	5.04E-14	1E-30	1E-10	1E10	1.32E-8	0.053	1E10	1E-30	22800	1E10	2.33E-7	45.2	1E10	5.84E-7	1190	6.62E-17	2.47E-6	281	1E-30	1E10	1E10	1E-30	1E10	1E10	1E-30	1E10	1E10	1E-30	1E10	1E10	1E-30	1E10	1E10	1E-30	1E10	1E10	1E-30	1E10	1E10	1E-30	1E10	1E10	1E-30	1E10	1E10	1E-30	1E10	1E10
55	5.04E-14	1E-30	1E-10	1E10	1.32E-8	0.053	1E10	1E-30	22800	1E10	2.33E-7	45.2	1E10	5.84E-7	1190	6.62E-17	2.47E-6	281	1E-30	1E10	1E10	1E-30	1E10	1E10	1E-30	1E10	1E10	1E-30	1E10	1E10	1E-30	1E10	1E10	1E-30	1E10	1E10	1E-30	1E10	1E10	1E-30	1E10	1E10	1E-30	1E10	1E10	1E-30	1E10	1E10
56	1.83E-14	1E-30	1E-10	1E10	1.51E-8	0.062	1E10	1E-30	22800	1E10	3.87E-7	98.7	1E10	7.74E-7	1110	4.91E-17	2.47E-6	281	1E-30	1E10	1E10	1E-30	1E10	1E10	1E-30	1E10	1E10	1E-30	1E10	1E10	1E-30	1E10	1E10	1E-30	1E10	1E10	1E-30	1E10	1E10	1E-30	1E10	1E10	1E-30	1E10	1E10	1E-30	1E10	1E10
57	1.83E-14	1E-30	1E-10	1E10	1.51E-8	0.062	1E10	1E-30	22800	1E10	3.87E-7	98.7	1E10	7.74E-7	1110	4.91E-17	2.47E-6	281	1E-30	1E10	1E10	1E-30	1E10	1E10	1E-30	1E10	1E10	1E-30	1E10	1E10	1E-30	1E10	1E10	1E-30	1E10	1E10	1E-30	1E10	1E10	1E-30	1E10	1E10	1E-30	1E10	1E10	1E-30	1E10	1E10
58	3.74E-14	1E-30	1E-10	1E10	1.62E-8	0.062	1E10	1E-30	22800	1E10	4.34E-7	98.7	1E10	7.56E-7	1110	1.15E-16	2.47E-6	281	1.59E-15	8.43E-8	365	1E-30	1E10	1E10	1E-30	1E10	1E10	1E-30	1E10	1E10	1E-30	1E10	1E10	1E-30	1E10	1E10	1E-30	1E10	1E10	1E-30	1E10	1E10	1E-30	1E10	1E10	1E-30	1E10	1E10
59	3.74E-14	1E-30	1E-10	1E10	1.62E-8	0.062	1E10	1E-30	22800	1E10	4.34E-7	98.7	1E10	7.56E-7	1110	1.15E-16	2.47E-6	281	1.59E-15	8.43E-8	365	1E-30	1E10	1E10	1E-30	1E10	1E10	1E-30	1E10	1E10	1E-30	1E10	1E10	1E-30	1E10	1E10	1E-30	1E10	1E10	1E-30	1E10	1E10	1E-30	1E10	1E10	1E-30	1E10	1E10
60	5.41E-14	1E-30	1E-10	1E10	1.74E-8	0.0664	1E10	1E-30	22800	1E10	4.14E-7	98.7	1E10	7.39E-7	1110	8.53E-17	2.47E-6	281	1.18E-15	8.43E-8	365	1E-30	1E10	1E10	1E-30	1E10	1E10	1E-30	1E10	1E10	1E-30	1E10	1E10	1E-30	1E10	1E10	1E-30	1E10	1E10	1E-30	1E10	1E10	1E-30	1E10	1E10	1E-30	1E10	1E10
61	5.41E-14	1E-30	1E-10	1E10	1.74E-8	0.0664	1E10	1E-30	22800	1E10	4.14E-7	98.7	1E10	7.39E-7	1110	8.53E-17	2.47E-6	281	1.18E-15	8.43E-8	365	1E-30	1E10	1E10	1E-30	1E10	1E10	1E-30	1E10	1E10	1E-30	1E10	1E10	1E-30	1E10	1E10	1E-30	1E10	1E10	1E-30	1E10	1E10	1E-30	1E10	1E10	1E-30	1E10	1E10
62	4.1E-14	1E-30	1E-10	1E10	1.82E-8	0.062	1E10	1E-30	22800	1E10	4.49E-7	128	1E10	1.09E-6	2100	1.45E-16	2.47E-6	281	1.29E-15	8.43E-8	365	1E-30	1E10	1E10	1E-30	1E10	1E10	1E-30	1E10	1E10	1E-30	1E10	1E10	1E-30	1E10	1E10	1E-30	1E10	1E10	1E-30	1E10	1E10	1E-30	1E10	1E10	1E-30	1E10	1E10
63	4.1E-14	1E-30	1E-10	1E10	1.82E-8	0.062	1E10	1E-30	22800	1E10	4.49E-7	128	1E10	1.09E-6	2100	1.45E-16	2.47E-6	281	1.29E-15	8.43E-8	365	1E-30	1E10	1E10	1E-30	1E10	1E10	1E-30	1E10	1E10	1E-30	1E10	1E10	1E-30	1E10	1E10	1E-30	1E10	1E10	1E-30	1E10	1E10	1E-30	1E10	1E10	1E-30	1E10	1E10
64	6.5E-14	1E-30	1E-10	1E10	1.95E-8	0.062	1E10	1E-30	22800	1E10	3.51E-7	49.5	1E10	7.84E-7	897	1.05E-16	2.47E-6	281	1.07E-15	8.43E-8	365	1E-30	1E10	1E10	1E-30	1E10	1E10	1E-30	1E10	1E10	1E-30	1E10	1E10	1E-30	1E10	1E10	1E-30	1E10	1E10	1E-30	1E10	1E10	1E-30	1E10	1E10	1E-30	1E10	1E10
65	6.5E-14	1E-30	1E-10	1E10	1.95E-8	0.062	1E10	1E-30	22800	1E10	3.51E-7	49.5	1E10	7.84E-7	897	1.05E-16	2.47E-6	281	1.07E-15	8.43E-8	365	1E-30	1E10	1E10	1E-30	1E10	1E10	1E-30	1E10	1E10	1E-30	1E10	1E10	1E-30	1E10	1E10	1E-30	1E10	1E10	1E-30	1E10	1E10	1E-30	1E10	1E10	1E-30	1E10	1E10
66	4.82E-14	1E-30	1E-10	1E10	2.29E-8	0.071	1E10	1E-30	22800	1E10	4.43E-7	71.1	1E10	1.04E-6	1520	1.55E-16	2.47E-6	281	1.45E-15	8.43E-8	365	1E-30	1E10	1E10	1E-30	1E10	1E10	1E-30	1E10	1E10	1E-30	1E10	1E10	1E-30	1E10	1E10	1E-30	1E10	1E10	1E-30	1E10	1E10	1E-30	1E10	1E10	1E-30	1E10	1E10
67	4.82E-14	1E-30	1E-10	1E10	2.29E-8	0.071	1E10	1E-30	22800	1E10	4.43E-7	71.1	1E10	1.04E-6	1520	1.55E-16	2.47E-6	281	1.45E-15	8.43E-8	365	1E-30	1E10	1E10	1E-30	1E10	1E10	1E-30	1E10	1E10	1E-30	1E10	1E10	1E-30	1E10	1E10	1E-30	1E10	1E10	1E-30	1E10	1E10	1E-30	1E10	1E10	1E-30	1E10	1E10
68	5.16E-14	1E-30	1E-10	1E10	2.4E-8	0.071	1E10	1E-30	22800	1E10	4.58E-7	79.6	1E10	1.21E-6	1590	1.41E-16	2.47E-6	281	1.45E-15	8.43E-8	365	1E-30	1E10	1E10	1E-30	1E10	1E10	1E-30	1E10	1E10	1E-30	1E10	1E10	1E-30	1E10	1E10	1E-30	1E10	1E10	1E-30	1E10	1E10	1E-30	1E10	1E10	1E-30	1E10	1E10
69	5.16E-14	1E-30	1E-10	1E10	2.4E-8	0.071	1E10	1E-30	22800	1E10	4.58E-7	79.6	1E10	1.21E-6	1590	1.41E-16	2.47E-6	281	1.45E-15	8.43E-8	365	1E-30	1E10	1E10	1E-30	1E10	1E10	1E-30	1E10	1E10	1E-30	1E10	1E10	1E-30	1E10	1E10	1E-30	1E10	1E10	1E-30	1E10	1E10	1E-30	1E10	1E10	1E-30	1E10	1E10
70	6.35E-14	1E-30	1E-10	1E10	2.51E-8	0.071	1E10	1E-30	22800	1E10	4.37E-7	79.6	1E10	1.1E-6	1590	1.44E-16	2.47E-6	281	1.55E-15	8.43E-8	365	1E-30	1E10	1E10	1E-30	1E10	1E10	1E-30	1E10	1E10	1E-30	1E10	1E10	1E-30	1E10	1E10	1E-30	1E10	1E10	1E-30	1E10	1E10	1E-30	1E10	1E10	1E-30	1E10	1E10
71	6.35E-14	1E-30	1E-10	1E10	2.51E-8	0.071	1E10	1E-30	22800	1E10	4.37E-7	79.6	1E10	1.1E-6	1590	1.44E-16	2.47E-6	281	1.55E-15	8.43E-8	365	1E-30	1E10	1E10	1E-30	1E10	1E10	1E-30	1E10	1E10	1E-30	1E10	1E10	1E-30	1E10	1E10	1E-30	1E10	1E10	1E-30	1E10	1E10	1E-30	1E10	1E10	1E-30	1E10	1E10
72	4.1E-14	1E-30	1E-10	1E10	2.63E-8	0.081	1E10	1E-30	22800	1E10	4.37E-7	79.6	1E10	1.23E-6	1590	2.13E-16	2.47E-6	281	2.04E-15	8.43E-8	365	1E-30	1E10	1E10	1E-30	1E10	1E10	1E-30	1E10	1E10	1E-30	1E10	1E10	1E-30	1E10	1E10	1E-30	1E10	1E10	1E-30	1E10	1E10	1E-30	1E10	1E10	1E-30	1E10	1E10
73	4.1E-14	1E-30	1E-10	1E10	2.63E-8	0.081	1E10	1E-30	22800	1E10	4.37E-7	79.6	1E10	1.23E-6	1590	2.13E-16	2.47E-6	281	2.04E-15	8.43E-8	365	1E-30	1E10	1E10	1E-30	1E10	1E10	1E-30	1E10	1E10	1E-30	1E10	1E10	1E-30	1E10	1E10	1E-30	1E10	1E10	1E-30	1E10	1E10	1E-30	1E10	1E10	1E-30	1E10	1E10
74	5.04E-14	1E-30	1E-10	1E10	2.75E-8	0.081	1E10	1E-30	22800	1E10	4.58E-7	79.6	1E10	1.35E-6	1590	2.28E-16	2.47E-6	281	2.24E-15	8.43E-8	365	1E-30	1E10	1E10	1E-30	1E10	1E10	1E-30	1E10	1E10	1E-30	1E10	1E10	1E-30	1E10	1E10	1E-30	1E10	1E10	1E-30	1E10	1E10	1E-30	1E10	1E10	1E-30	1E10	1E10
75	5.04E-14	1E-30	1E-10	1E10	2.75E-8	0.081	1E10	1E-30	22800	1E10	4.58E-7	79.6	1E10	1.35E-6	1590	2.28E-16	2.47E-6	281	2.24E-15	8.43E-8	365	1E-30	1E10	1E10	1E-30	1E10	1E10	1E-30	1E10	1E10	1E-30	1E10	1E10	1E-30	1E10	1E10	1E-30	1E10	1E10	1E-30	1E10	1E10	1E-30	1E10	1E10	1E-30	1E10	1E10
76	5.16E-14	1E-30	1E-10	1E10	2.95E-8	0.081	1E10	1E-30	22800	1E10	4.8E-7	79.6	1E10	1.26E-6	1590	1.85E-16	2.47E-6	281	2.24E-15	8.43E-8	365	1E-30	1E10	1E10	1E-30	1E10	1E10	1E-30	1E10	1E10	1E-30	1E10	1E10	1E-30	1E10	1E10	1E-30	1E10	1E10	1E-30	1E10	1E10	1E-30	1E10	1E10	1E-30	1E10	1E10
77	5.16E-14	1E-30	1E-10	1E10	2.95E-8	0.081	1E10	1E-30	22800	1E10	4.8E-7	79.6	1E10	1.26E-6	1590	1.85E-16	2.47E-6	281	2.24E-15	8.43E-8	365	1E-30	1E10	1E10	1E-30	1E10	1E10	1E-30	1E10	1E10	1E-30	1E10	1E10	1E-30	1E10	1E10	1E-30	1E10	1E10	1E-30	1E10	1E10	1E-30	1E10	1E10	1E-30	1E10	1E10
78	6.64E-14	1E-30	1E-10	1E10	3.16E-8	0.1	1E10	1E-30	22800	1E10	5.02E-7	79.6	1E10	1.45E-6	1590	2.28E-16	2.47E-6	281	2.24E-15	8.43E-8	365	1E-30	1E10	1E10	1E-30	1E10	1E10	1E-30	1E10	1E10	1E-30	1E10	1E10	1E-30	1E10	1E10	1E-30	1E10	1E10	1E-30	1E10	1E10	1E-30	1E10	1E10	1E-30	1E10	1E10
79	6.64E-14	1E-30	1E-10	1E10	3.16E-8	0.1	1E10	1E-30	22800	1E10	5.02E-7	79.6	1E10	1.45E-6	1590	2.28E-16	2.47E-6	281	2.24E-15	8.43E-8	365	1E-30	1E10	1E10	1E-30	1E10	1E10	1E-30	1E10	1E10	1E-30	1E10	1E10	1E-30	1E10	1E10	1E-30	1E10	1E10	1E-30	1E10	1E10	1E-30	1E10	1E10	1E-30	1E10	1E10
80	4.09E-14	1E-30	1E-10	1E10	3.23E-8	0.091	1E10	1E-30	22800	1E10	5.02E-7	79.6	1E10	1.78E-6	1590	2.13E-16	2.47E-6	281	2.57E-15	8.43E-8	365	1E-30	1E10	1E10	1E-30	1E10	1E10	1E-30	1E10	1E10	1E-30	1E10	1E10	1E-30	1E10	1E10	1E-30	1E10	1E10	1E-30	1E10	1E10	1E-30	1E10	1E10	1E-30	1E10	1E10
81	4.09E-14	1E-30	1E-10	1E10	3.23E-8	0.091	1E10	1E-30	22800	1E10	5.02E-7	79.6	1E10	1.78E-6	1590	2.13E-16	2.47E-6	281	2.57E-15	8.43E-8	365	1E-30	1E10	1E10	1E-30	1E10	1E10	1E-30	1E10	1E10	1E-30	1E10	1E10	1E-30	1E10	1E10	1E-30	1E10	1E10	1E-30	1E10	1E10	1E-30	1E10	1E10	1E-30	1E10	1E10
82	4.49E-14	1E-30	1E-10	1E10	3.46E-8	0.091	1E10	1E-30	22800	1E10	5.5E-7	79.6	1E10	1.63E-6	1590	2.68E-16	2.47E-6	281	2.51E-15	8.43E-8	365	1E-30	1E10	1E10	1E-30	1E10	1E10	1E-30	1E10	1E10	1E-30	1E10	1E10	1E-30	1E10	1E10	1E-30	1E10	1E10	1E-30	1E10	1E10	1E-30	1E10	1E10	1E-30	1E10	1E10
83	4.49E-14	1E-30	1E-10	1E10	3.46E-8	0.091	1E10	1E-30	22800	1E10	5.5E-7	79.6	1E10	1.63E-6	1590	2.68E-16	2.47E-6	281	2.51E-15	8.43E-8	365	1E-30	1E10	1E10	1E-30	1E10	1E10	1E-30	1E10	1E10	1E-30	1E10	1E10	1E-30	1E10	1E10	1E-30	1E10	1E10	1E-30	1E10	1E10	1E-30	1E10	1E10	1E-30	1E10	1E10
84	5.16E-14	1E-30	1E-10	1E10	3.54E-8	0.12	1E10	1E-30	22800	1E10	5.5E-7	79.6	1E10	1.63E-6	1590	2.03E-16	2.47E-6	281	3.09E-15	8.43E-8	365	1E-30	1E10	1E10	1E-30	1E10	1E10	1E-30	1E10	1E10	1E-30	1E10	1E10	1E-30	1E10	1E10	1E-30	1E10	1E10	1E-30	1E10	1E10	1E-30	1E10	1E10	1E-30	1E10	1E10
85	5.16E-14	1E-30	1E-10	1E10	3.54E-8	0.12	1E10	1E-30	22800	1E10	5.5E-7	79.6	1E10	1.63E-6	1590	2.03E-16	2.47E-6	281	3.09E-15	8.43E-8	365	1E-30	1E10	1E10	1E-30	1E10	1E10	1E-30	1E10	1E10	1E-30	1E10	1E10	1E-30	1E10	1E10	1E-30	1E10	1E10	1E-30	1E10	1E10	1E-30	1E10	1E10	1E-30	1E10	1E10
86	5.65E-14	1E-30	1E-10	1E10	3.79E-8	0.16	1E10	1E-30	22800	1E10	6.31E-7	79.6	1E10	1.71E-6	1590	1.99E-16	2.47E-6	281	2.29E-15	8.43E-8	183	1E-30	1E10	1E10	1E-30	1E10	1E10	1E-30	1E10	1E10	1E-30	1E10	1E10	1E-30	1E10	1E10	1E-30	1E10	1E10	1E-30	1E10	1E10	1E-30	1E10	1E10	1E-30	1E10	1E10
87	5.65E-14	1E-30	1E-10	1E10	3.79E-8	0.16	1E10	1E-30	22800	1E10	6.31E-7	79.6	1E10	1.71E-6	1590	1.99E-16	2.47E-6	281	2.29E-15	8.43E-8	183	1E-30	1E10	1E10	1E-30	1E10	1E10	1E-30	1E10	1E10	1E-30	1E10	1E10	1E-30	1E10	1E10	1E-30	1E10	1E10	1E-30	1E10	1E10	1E-30	1E10	1E10	1E-30	1E10	1E10
88	5.52E-14	1E-30	1E-10	1E10	3.88E-8	0.16	1E10	1E-30	22800	1E10	5.89E-7	79.6	1E10	1.71E-6	1590	2.18E-16	2.47E-6	281	2.29E-15	8.43E-8	183	1E-30	1E10	1E10	1E-30	1E10	1E10	1E-30	1E10	1E10	1E-30	1E10	1E10	1E-30	1E10	1E10	1E-30	1E10	1E10	1E-30	1E10	1E10	1E-30	1E10	1E10	1E-30	1E10	1E10
89	5.52E-14	1E-30	1E-10	1E10	3.88E-8	0.16	1E10	1E-30	22800	1E10	5.89E-7	79.6	1E10	1.71E-6	1590	2.18E-16	2.47E-6	281	2.29E-15	8.43E-8	183	1E-30	1E10	1E10	1E-30	1E10	1E10	1E-30	1E10	1E10	1E-30	1E10	1E10	1E-30	1E10	1E10	1E-30	1E10	1E10	1E-30	1E10	1E10	1E-30	1E10	1E10	1E-30	1E10	1E10
90	3.1E-14	1E-30	1E-10	1E10	4.16E-8	0.13	1E10	1E-30	22800	1E10	6.31E-7	79.6	1E10	1.92E-6	1590	5.23E-17	2.47E-6	281	1.07E-15	8.43E-8	183	1E-30	1E10	1E10	1E-30	1E10	1E10	1E-30	1E10	1E10	1E-30	1E10	1E10	1E-30	1E10	1E10	1E-30	1E10	1E10	1E-30	1E10	1E10	1E-30	1E10	1E10	1E-30	1E10	1E10
91	3.1E-14	1E-30	1E-10	1E10	4.16E-8	0.13	1E10	1E-30	22800	1E10	6.31E-7	79.6	1E10	1.92E-6	1590	5.23E-17	2.47E-6	281	1.07E-15	8.43E-8	183	1E-30	1E10	1E10	1E-30	1E10	1E10	1E-30	1E10	1E10	1E-30	1E10	1E10	1E-30	1E10	1E10	1E-30	1E10	1E10	1E-30	1E10	1E10	1E-30	1E10	1E10	1E-30	1E10	1E10
92	5.26E-14	1E-30	1E-10	1E10	4.36E-8	0.13	1E10	1E-30	22800	1E10	6.17E-7	79.6	1E10	1.92E-6	1590	3.08E-16	2.47E-6	281	2.95E-15	8.43E-8	183	1E-30	1E10	1E10	1E-30	1E10	1E10	1E-30	1E10	1E10	1E-30	1E10	1E10	1E-30	1E10	1E10	1E-30	1E10	1E10	1E-30	1E10	1E10	1E-30	1E10	1E10	1E-30	1E10	1E10
93	5.26E-14	1E-30	1E-10	1E10	4.36E-8	0.13	1E10	1E-30	22800	1E10	6.17E-7	79.6	1E10	1.92E-6	1590	3.08E-16	2.47E-6	281	2.95E-15	8.43E-8	183	1E-30	1E10	1E10	1E-30	1E10	1E10	1E-30	1E10	1E10	1E-30	1E10	1E10	1E-30	1E10	1E10	1E-30	1E10	1E10	1E-30	1E10	1E10	1E-30	1E10	1E10	1E-30	1E10	1E10
94	4.8E-14	1E-30	1E-10	1E10	4.56E-8	0.17	1E10	1E-30	22800	1E10	6.92E-7	79.6	1E10	1.92E-6	1590	2.62E-16	2.47E-6	281	2.75E-15	8.43E-8	183	1E-30	1E10	1E10	1E-30	1E10	1E10	1E-30	1E10	1E10	1E-30	1E10	1E10	1E-30	1E10	1E10	1E-30	1E10	1E10	1E-30	1E10	1E10	1E-30	1E10	1E10	1E-30	1E10	1E10
95	4.8E-14	1E-30	1E-10	1E10	4.56E-8	0.17	1E10	1E-30	22800	1E10	6.92E-7	79.6	1E10	1.92E-6	1590	2.62E-16	2.47E-6	281	2.75E-15	8.43E-8	183	1E-30	1E10	1E10	1E-30	1E10	1E10	1E-30	1E10	1E10	1E-30	1E10	1E10	1E-30	1E10	1E10	1E-30	1E10	1E10	1E-30	1E10	1E10	1E-30	1E10	1E10	1E-30	1E10	1E10
96	5.03E-14	1E-30	1E-10	1E10	4.67E-8	0.17	1E10	1E-30	22800	1E10	6.61E-7	79.6	1E10	1.92E-6	1590	2.87E-16	2.47E-6	281	2.88E-15	8.43E-8	183	1E-30	1E10	1E10	1E-30	1E10	1E10	1E-30	1E10	1E10	1E-30	1E10	1E10	1E-30	1E10	1E10	1E-30	1E10	1E10	1E-30	1E10	1E10	1E-30	1E10	1E10	1E-30	1E10	1E10
97	5.03E-14	1E-30	1E-10	1E10	4.67E-8	0.17	1E10	1E-30	22800	1E10	6.61E-7	79.6	1E10	1.92E-6	1590	2.87E-16	2.47E-6	281	2.88E-15	8.43E-8	183	1E-30	1E10	1E10	1E-30	1E10	1E10	1E-30	1E10	1E10	1E-30	1E10	1E10	1E-30	1E10	1E10	1E-30	1E10	1E10	1E-30	1E10	1E10	1E-30	1E10	1E10	1E-30	1E10	1E10
98	4.48E-14	1E-30	1E-10	1E10	5E-8	0.19	1E10	1E-30	22800	1E10	7.08E-7	79.6	1E10	2.06E-6	1590	2.74E-16	2.47E-6	281	3.71E-15	8.43E-8	183	2.23E-16	4.65E-7	578	1E-30	1E10	1E10	1E-30	1E10	1E10	1E-30	1E10	1E10	1E-30	1E10	1E10	1E-30	1E10	1E10	1E-30	1E10	1E10	1E-30	1E10	1E10	1E-30	1E10	1E10
99	4.48E-14	1E-30	1E-10	1E10	5E-8	0.19	1E10	1E-30	22800	1E10	7.08E-7	79.6	1E10	2.06E-6	1590	2.74E-16	2.47E-6	281	3.71E-15	8.43E-8	183	2.23E-16	4.65E-7	578	1E-30	1E10	1E10	1E-30	1E10	1E10	1E-30	1E10	1E10	1E-30	1E10	1E10	1E-30	1E10	1E10	1E-30	1E10	1E10	1E-30	1E10	1E10	1E-30	1E10	1E10
100	4.18E-14	1E-30	1E-10	1E10	5.12E-8	0.19	1E10	1E-30	22800	1E10	7.41E-7	79.6	1E10	2.01E-6	1590	3.22E-16	2.47E-6	281	4.56E-15	8.43E-8	183	2.23E-16	4.65E-7	578	1E-30	1E10	1E10	1E-30	1E10	1E10	1E-30	1E10	1E10	1E-30	1E10	1E10	1E-30	1E10	1E10	1E-30	1E10	1E10	1E-30	1E10	1E10	1E-30	1E10	1E10
101	4.18E-14	1E-30	1E-10	1E10	5.12E-8	0.19	1E10	1E-30	22800	1E10	7.41E-7	79.6	1E10	2.01E-6	1590	3.22E-16	2.47E-6	281	4.56E-15	8.43E-8	183	2.23E-16	4.65E-7	578	1E-30	1E10	1E10	1E-30	1E10	1E10	1E-30	1E10	1E10	1E-30	1E10	1E10	1E-30	1E10	1E10	1E-30	1E10	1E10	1E-30	1E10	1E10	1E-30	1E10	1E10
102	4.69E-14	1E-30	1E-10	1E10	5.36E-8	0.19	1E10	1E-30	22800	1E10	7.41E-7	79.6	1E10	2.21E-6	1590	3E-16	2.47E-6	281	4.67E-15	8.43E-8	183	2.28E-16	4.65E-7	578	1E-30	1E10	1E10	1E-30	1E10	1E10	1E-30	1E10	1E10	1E-30	1E10	1E10	1E-30	1E10	1E10	1E-30	1E10	1E10	1E-30	1E10	1E10	1E-30	1E10	1E10
103	4.69E-14	1E-30	1E-10	1E10	5.36E-8	0.19	1E10	1E-30	22800	1E10	7.41E-7	79.6	1E10	2.21E-6	1590	3E-16	2.47E-6	281	4.67E-15	8.43E-8	183	2.28E-16	4.65E-7	578	1E-30	1E10	1E10	1E-30	1E10	1E10	1E-30	1E10	1E10	1E-30	1E10	1E10	1E-30	1E10	1E10	1E-30	1E10	1E10	1E-30	1E10	1E10	1E-30	1E10	1E10
104	4.8E-14	1E-30	1E-10	1E10	5.61E-8	0.22	1E10	1E-30	22800	1E10	8.31E-7	79.6	1E10	1.97E-6	1590	3.52E-16	2.47E-6	281	3.8E-15	8.43E-8	183	2.33E-16	4.65E-7	578	1E-30	1E10	1E10	1E-30	1E10	1E10	1E-30	1E10	1E10	1E-30	1E10	1E10	1E-30	1E10	1E10	1E-30	1E10	1E10	1E-30	1E10	1E10	1E-30	1E10	1E10
105	4.8E-14	1E-30	1E-10	1E10	5.61E-8	0.22	1E10	1E-30	22800	1E10	8.31E-7	79.6	1E10	1.97E-6	1590	3.52E-16	2.47E-6	281	3.8E-15	8.43E-8	183	2.33E-16	4.65E-7	578	1E-30	1E10	1E10	1E-30	1E10	1E10	1E-30	1E10	1E10	1E-30	1E10	1E10	1E-30	1E10	1E10	1E-30	1E10	1E10	1E-30	1E10	1E10	1E-30	1E10	1E10
106	4.28E-14	1E-30	1E-10	1E10	6.01E-8	0.21	1E10	1E-30	22800	1E10	8.31E-7	79.6	1E10	2.54E-6	1590	3.78E-16	2.47E-6	281	4.89E-15	8.43E-8	183	2.44E-16	4.65E-7	578	1E-30	1E10	1E10	1E-30	1E10	1E10	1E-30	1E10	1E10	1E-30	1E10	1E10	1E-30	1E10	1E10	1E-30	1E10	1E10	1E-30	1E10	1E10	1E-30	1E10	1E10
107	4.28E-14	1E-30	1E-10	1E10	6.01E-8	0.21	1E10	1E-30	22800	1E10	8.31E-7	79.6	1E10	2.54E-6	1590	3.78E-16	2.47E-6	281	4.89E-15	8.43E-8	183	2.44E-16	4.65E-7	578	1E-30	1E10	1E10	1E-30	1E10	1E10	1E-30	1E10	1E10	1E-30	1E10	1E10	1E-30	1E10	1E10	1E-30	1E10	1E10	1E-30	1E10	1E10	1E-30	1E10	1E10
108	4.38E-14	1E-30	1E-10	1E10	6.29E-8	0.25	1E10	1E-30	22800	1E10	8.9E-7	79.6	1E10	2.11E-6	1590	3.96E-16	2.47E-6	281	4.46E-15	8.43E-8	183	2.74E-16	4.65E-7	578	1E-30	1E10	1E10	1E-30	1E10	1E10	1E-30	1E10	1E10	1E-30	1E10	1E10	1E-30	1E10	1E10	1E-30	1E10	1E10	1E-30	1E10	1E10	1E-30	1E10	1E10
109	4.38E-14	1E-30	1E-10	1E10	6.29E-8	0.25	1E10	1E-30	22800	1E10	8.9E-7	79.6	1E10	2.11E-6	1590	3.96E-16	2.47E-6	281	4.46E-15	8.43E-8	183	2.74E-16	4.65E-7	578	1E-30	1E10	1E10	1E-30	1E10	1E10	1E-30	1E10	1E10	1E-30	1E10	1E10	1E-30	1E10	1E10	1E-30	1E10	1E10	1E-30	1E10	1E10	1E-30	1E10	1E10
110	4.18E-14	1E-30	1E-10	1E10	7.39E-8	0.31	1E10	1E-30	22800	1E10	1.02E-6	79.6	1E10	2.79E-6	1590	4.54E-16	2.47E-6	281	6.3E-15	8.43E-8	183	3E-16	4.65E-7	578	1E-30	1E10	1E10	1E-30	1E10	1E10	1E-30	1E10	1E10	1E-30	1E10	1E10	1E-30	1E10	1E10	1E-30	1E10	1E10	1E-30	1E10	1E10	1E-30	1E10	1E10
111	4.18E-14	1E-30	1E-10	1E10	7.39E-8	0.31	1E10	1E-30	22800	1E10	1.02E-6	79.6	1E10	2.79E-6	1590	4.54E-16	2.47E-6	281	6.3E-15	8.43E-8	183	3E-16	4.65E-7	578	1E-30	1E10	1E10	1E-30	1E10	1E10	1E-30	1E10	1E10	1E-30	1E10	1E10	1E-30	1E10	1E10	1E-30	1E10	1E10	1E-30	1E10	1E10	1E-30	1E10	1E10
112	4.08E-14	1E-30	1E-10	1E10	7.56E-8	0.31	1E10	1E-30	22800	1E10	9.74E-7	79.6	1E10	2.43E-6	1590	1.73E-16	2.47E-6	281	1.99E-15	8.43E-8	183	1.47E-16	4.65E-7	578	1E-30	1E10	1E10	1E-30	1E10	1E10	1E-30	1E10	1E10	1E-30	1E10	1E10	1E-30	1E10	1E10	1E-30	1E10	1E10	1E-30	1E10	1E10	1E-30	1E10	1E10
113	4.08E-14	1E-30	1E-10	1E10	7.56E-8	0.31	1E10	1E-30	22800	1E10	9.74E-7	79.6	1E10	2.43E-6	1590	1.73E-16	2.47E-6	281	1.99E-15	8.43E-8	183	1.47E-16	4.65E-7	578	1E-30	1E10	1E10	1E-30	1E10	1E10	1E-30	1E10	1E10	1E-30	1E10	1E10	1E-30	1E10	1E10	1E-30	1E10	1E10	1E-30	1E10	1E10	1E-30	1E10	1E10
114	3.9E-14	1E-30	1E-10	1E10	7.92E-8	0.39	1E10	1E-30	22800	1E10	1.17E-6	79.6	1E10	2.99E-6	1590	4.65E-16	2.47E-6	281	6.75E-15	8.43E-8	183	3.07E-16	4.65E-7	578	1E-30	1E10	1E10	1E-30	1E10	1E10	1E-30	1E10	1E10	1E-30	1E10	1E10	1E-30	1E10	1E10	1E-30	1E10	1E10	1E-30	1E10	1E10	1E-30	1E10	1E10
115	3.9E-14	1E-30	1E-10	1E10	7.92E-8	0.39	1E10	1E-30	22800	1E10	1.17E-6	79.6	1E10	2.99E-6	1590	4.65E-16	2.47E-6	281	6.75E-15	8.43E-8	183	3.07E-16	4.65E-7	578	1E-30	1E10	1E10	1E-30	1E10	1E10	1E-30	1E10	1E10	1E-30	1E10	1E10	1E-30	1E10	1E10	1E-30	1E10	1E10	1E-30	1E10	1E10	1E-30	1E10	1E10
116	3.32E-14	1E-30	1E-10	1E10	7.92E-8	0.34	1E10	1E-30	22800	1E10	1.2E-6	79.6	1E10	2.49E-6	1590	4.87E-16	2.47E-6	281	7.4E-15	8.43E-8	183	3.61E-16	4.65E-7	578	1E-30	1E10	1E10	1E-30	1E10	1E10	1E-30	1E10	1E10	1E-30	1E10	1E10	1E-30	1E10	1E10	1E-30	1E10	1E10	1E-30	1E10	1E10	1E-30	1E10	1E10
117	3.32E-14	1E-30	1E-10	1E10	7.92E-8	0.34	1E10	1E-30	22800	1E10	1.2E-6	79.6	1E10	2.49E-6	1590	4.87E-16	2.47E-6	281	7.4E-15	8.43E-8	183	3.61E-16	4.65E-7	578	1E-30	1E10	1E10	1E-30	1E10	1E10	1E-30	1E10	1E10	1E-30	1E10	1E10	1E-30	1E10	1E10	1E-30	1E10	1E10	1E-30	1E10	1E10	1E-30	1E10	1E10
118	3.72E-14	1E-30	1E-10	1E10	7.92E-8	0.34	1E10	1E-30	22800	1E10	1.49E-6	255	1E10	4.84E-6	2870	5.22E-16	2.47E-6	281	6.3E-15	8.43E-8	183	3.95E-16	4.65E-7	578	1E-30	1E10	1E10	1E-30	1E10	1E10	1E-30	1E10	1E10	1E-30	1E10	1E10	1E-30	1E10	1E10	1E-30	1E10	1E10	1E-30	1E10	1E10	1E-30	1E10	1E10
119	3.72E-14	1E-30	1E-10	1E10	7.92E-8	0.34	1E10	1E-30	22800	1E10	1.49E-6	255	1E10	4.84E-6	2870	5.22E-16	2.47E-6	281	6.3E-15	8.43E-8	183	3.95E-16	4.65E-7	578	1E-30	1E10	1E10	1E-30	1E10	1E10	1E-30	1E10	1E10	1E-30	1E10	1E10	1E-30	1E10	1E10	1E-30	1E10	1E10	1E-30	1E10	1E10	1E-30	1E10	1E10
120	3.39E-14	1E-30	1E-10	1E10	8.1E-8	0.34	1E10	1E-30	22800	1E10	1.49E-6	255	1E10	4.03E-6	2870	5.72E-16	2.47E-6	281	6.91E-15	8.43E-8	183	6.86E-16	4.65E-7	578	1E-30	1E10	1E10	1E-30	1E10	1E10	1E-30	1E10	1E10	1E-30	1E10	1E10	1E-30	1E10	1E10	1E-30	1E10	1E10	1E-30	1E10	1E10	1E-30	1E10	1E10
121	3.39E-14	1E-30	1E-10	1E10	8.1E-8	0.34	1E10	1E-30	22800	1E10	1.49E-6	255	1E10	4.03E-6	2870	5.72E-16	2.47E-6	281	6.91E-15	8.43E-8	183	6.86E-16	4.65E-7	578	1E-30	1E10	1E10	1E-30	1E10	1E10	1E-30	1E10	1E10	1E-30	1E10	1E10	1E-30	1E10	1E10	1E-30	1E10	1E10	1E-30	1E10	1E10	1E-30	1E10	1E10
122	3.64E-14	1E-30	1E-10	1E10	8.49E-8	0.41	1E10	1E-30	22800	1E10	1.79E-6	255	1E10	4.62E-6	2870	5.99E-16	2.47E-6	281	6.6E-15	8.43E-8	183	6.71E-16	4.65E-7	578	2.05E-16	9.46E-7	2980	1E-30	1E10	1E10	1E-30	1E10	1E10	1E-30	1E10	1E10	1E-30	1E10	1E10	1E-30	1E10	1E10	1E-30	1E10	1E10	1E-30	1E10	1E10
123	3.64E-14	1E-30	1E-10	1E10	8.49E-8	0.41	1E10	1E-30	22800	1E10	1.79E-6	255	1E10	4.62E-6	2870	5.99E-16	2.47E-6	281	6.6E-15	8.43E-8	183	6.71E-16	4.65E-7	578	2.05E-16	9.46E-7	2980	1E-30	1E10	1E10	1E-30	1E10	1E10	1E-30	1E10	1E10	1E-30	1E10	1E10	1E-30	1E10	1E10	1E-30	1E10	1E10	1E-30	1E10	1E10
124	3.64E-14	1E-30	1E-10	1E10	8.69E-8	0.41	1E10	1E-30	22800	1E10	1.87E-6	255	1E10	3.39E-6	2380	5.99E-16	2.47E-6	281	6.6E-15	8.43E-8	183	6.41E-16	4.65E-7	578	1.67E-16	9.46E-7	2980	1E-30	1E10	1E10	1E-30	1E10	1E10	1E-30	1E10	1E10	1E-30	1E10	1E10	1E-30	1E10	1E10	1E-30	1E10	1E10	1E-30	1E10	1E10
125	3.64E-14	1E-30	1E-10	1E10	8.69E-8	0.41	1E10	1E-30	22800	1E10	1.87E-6	255	1E10	3.39E-6	2380	5.99E-16	2.47E-6	281	6.6E-15	8.43E-8	183	6.41E-16	4.65E-7	578	1.67E-16	9.46E-7	2980	1E-30	1E10	1E10	1E-30	1E10	1E10	1E-30	1E10	1E10	1E-30	1E10	1E10	1E-30	1E10	1E10	1E-30	1E10	1E10	1E-30	1E10	1E10
126	3.32E-14	1E-30	1E-10	1E10	9.53E-8	0.45	1E10	1E-30	22800	1E10	1.79E-6	255	1E10	4.62E-6	2870	5.85E-16	2.47E-6	281	9.11E-15	8.43E-8	183	8.85E-16	4.65E-7	578	2.15E-16	9.46E-7	2980	1E-30	1E10	1E10	1E-30	1E10	1E10	1E-30	1E10	1E10	1E-30	1E10	1E10	1E-30	1E10	1E10	1E-30	1E10	1E10	1E-30	1E10	1E10
127	3.32E-14	1E-30	1E-10	1E10	9.53E-8	0.45	1E10	1E-30	22800	1E10	1.79E-6	255	1E10	4.62E-6	2870	5.85E-16	2.47E-6	281	9.11E-15	8.43E-8	183	8.85E-16	4.65E-7	578	2.15E-16	9.46E-7	2980	1E-30	1E10	1E10	1E-30	1E10	1E10	1E-30	1E10	1E10	1E-30	1E10	1E10	1E-30	1E10	1E10	1E-30	1E10	1E10	1E-30	1E10	1E10
128	4.8E-14	1E-30	1E-10	1E10	9.75E-8	0.52	1E10	1E-30	22800	1E10	2.25E-6	255	1E10	4.02E-6	2870	5.99E-16	2.47E-6	281	7.75E-15	8.43E-8	183	1.23E-15	1.53E-7	793	1.25E-16	7.12E-7	3800	1E-30	1E10	1E10	1E-30	1E10	1E10	1E-30	1E10	1E10	1E-30	1E10	1E10	1E-30	1E10	1E10	1E-30	1E10	1E10	1E-30	1E10	1E10
129	4.8E-14	1E-30	1E-10	1E10	9.75E-8	0.52	1E10	1E-30	22800	1E10	2.25E-6	255	1E10	4.02E-6	2870	5.99E-16	2.47E-6	281	7.75E-15	8.43E-8	183	1.23E-15	1.53E-7	793	1.25E-16	7.12E-7	3800	1E-30	1E10	1E10	1E-30	1E10	1E10	1E-30	1E10	1E10	1E-30	1E10	1E10	1E-30	1E10	1E10	1E-30	1E10	1E10	1E-30	1E10	1E10
130	4.18E-14	1E-30	1E-10	1E10	1.02E-7	0.52	1E10	1E-30	22800	1E10	2.09E-6	373	1E10	9.54E-6	9450	7.89E-16	2.47E-6	281	8.7E-15	8.43E-8	183	6.41E-16	4.65E-7	578	1.79E-16	9.46E-7	2980	1.65E-15	7.59E-8	405	1E-30	1E10	1E10	1E-30	1E10	1E10	1E-30	1E10	1E10	1E-30	1E10	1E10	1E-30	1E10	1E10	1E-30	1E10	1E10
131	4.18E-14	1E-30	1E-10	1E10	1.02E-7	0.52	1E10	1E-30	22800	1E10	2.09E-6	373	1E10	9.54E-6	9450	7.89E-16	2.47E-6	281	8.7E-15	8.43E-8	183	6.41E-16	4.65E-7	578	1.79E-16	9.46E-7	2980	1.65E-15	7.59E-8	405	1E-30	1E10	1E10	1E-30	1E10	1E10	1E-30	1E10	1E10	1E-30	1E10	1E10	1E-30	1E10	1E10	1E-30	1E10	1E10
132	4.28E-14	1E-30	1E-10	1E10	1.14E-7	0.58	1E10	1E-30	22800	1E10	2.83E-6	818	1E10	1.9E-5	8080	8.45E-16	2.47E-6	281	9.76E-15	8.43E-8	183	7.36E-16	4.65E-7	578	1.92E-16	9.46E-7	2980	1.89E-15	7.59E-8	405	1E-30	1E10	1E10	1E-30	1E10	1E10	1E-30	1E10	1E10	1E-30	1E10	1E10	1E-30	1E10	1E10	1E-30	1E10	1E10
133	4.28E-14	1E-30	1E-10	1E10	1.14E-7	0.58	1E10	1E-30	22800	1E10	2.83E-6	818	1E10	1.9E-5	8080	8.45E-16	2.47E-6	281	9.76E-15	8.43E-8	183	7.36E-16	4.65E-7	578	1.92E-16	9.46E-7	2980	1.89E-15	7.59E-8	405	1E-30	1E10	1E10	1E-30	1E10	1E10	1E-30	1E10	1E10	1E-30	1E10	1E10	1E-30	1E10	1E10	1E-30	1E10	1E10
134	3.48E-14	1E-30	1E-10	1E10	1.25E-7	0.6	1E10	1E-30	22800	1E10	3.1E-6	818	1E10	1.73E-5	7200	9.48E-16	2.47E-6	281	1.17E-14	8.43E-8	183	4.75E-16	4.65E-7	578	1.79E-16	9.46E-7	2980	1.61E-15	7.59E-8	405	1E-30	1E10	1E10	1E-30	1E10	1E10	1E-30	1E10	1E10	1E-30	1E10	1E10	1E-30	1E10	1E10	1E-30	1E10	1E10
135	3.48E-14	1E-30	1E-10	1E10	1.25E-7	0.6	1E10	1E-30	22800	1E10	3.1E-6	818	1E10	1.73E-5	7200	9.48E-16	2.47E-6	281	1.17E-14	8.43E-8	183	4.75E-16	4.65E-7	578	1.79E-16	9.46E-7	2980	1.61E-15	7.59E-8	405	1E-30	1E10	1E10	1E-30	1E10	1E10	1E-30	1E10	1E10	1E-30	1E10	1E10	1E-30	1E10	1E10	1E-30	1E10	1E10
136	1.7E-14	1E-30	1E-10	1E10	1.5E-7	0.72	1E10	1E-30	22800	1E10	3.91E-6	1190	1E10	9.25E-5	16700	1.17E-15	2.47E-6	281	2.08E-14	8.43E-8	183	8.25E-16	4.65E-7	578	1.83E-16	9.46E-7	2980	1.5E-15	7.59E-8	405	1E-30	1E10	1E10	1E-30	1E10	1E10	1E-30	1E10	1E10	1E-30	1E10	1E10	1E-30	1E10	1E10	1E-30	1E10	1E10
137	1.7E-14	1E-30	1E-10	1E10	1.5E-7	0.72	1E10	1E-30	22800	1E10	3.91E-6	1190	1E10	9.25E-5	16700	1.17E-15	2.47E-6	281	2.08E-14	8.43E-8	183	8.25E-16	4.65E-7	578	1.83E-16	9.46E-7	2980	1.5E-15	7.59E-8	405	1E-30	1E10	1E10	1E-30	1E10	1E10	1E-30	1E10	1E10	1E-30	1E10	1E10	1E-30	1E10	1E10	1E-30	1E10	1E10
138	4.17E-14	1E-30	1E-10	1E10	1.85E-7	1.37	1E10	1E-30	22800	1E10	5.01E-6	962	1E10	4.81E-4	6840	1.2E-15	2.47E-6	281	2.32E-15	1.12E-6	3440	9.69E-16	4.65E-7	578	1.96E-16	9.46E-7	2980	1.5E-15	7.59E-8	405	1E-30	1E10	1E10	1E-30	1E10	1E10	1E-30	1E10	1E10	1E-30	1E10	1E10	1E-30	1E10	1E10	1E-30	1E10	1E10
139	4.17E-14	1E-30	1E-10	1E10	1.85E-7	1.37	1E10	1E-30	22800	1E10	5.01E-6	962	1E10	4.81E-4	6840	1.2E-15	2.47E-6	281	2.32E-15	1.12E-6	3440	9.69E-16	4.65E-7	578	1.96E-16	9.46E-7	2980	1.5E-15	7.59E-8	405	1E-30	1E10	1E10	1E-30	1E10	1E10	1E-30	1E10	1E10	1E-30	1E10	1E10	1E-30	1E10	1E10	1E-30	1E10	1E10
140	3.8E-14	1E-30	1E-10	1E10	2.03E-7	1.45	1E10	1E-30	22800	1E10	5.78E-6	1190	1E10	2.77E-4	7880	1.51E-15	2.47E-6	281	1.16E-15	1.12E-6	3440	1.09E-15	4.65E-7	578	2.2E-16	9.46E-7	2980	1.68E-15	7.59E-8	405	1E-30	1E10	1E10	1E-30	1E10	1E10	1E-30	1E10	1E10	1E-30	1E10	1E10	1E-30	1E10	1E10	1E-30	1E10	1E10
141	3.8E-14	1E-30	1E-10	1E10	2.03E-7	1.45	1E10	1E-30	22800	1E10	5.78E-6	1190	1E10	2.77E-4	7880	1.51E-15	2.47E-6	281	1.16E-15	1.12E-6	3440	1.09E-15	4.65E-7	578	2.2E-16	9.46E-7	2980	1.68E-15	7.59E-8	405	1E-30	1E10	1E10	1E-30	1E10	1E10	1E-30	1E10	1E10	1E-30	1E10	1E10	1E-30	1E10	1E10	1E-30	1E10	1E10
142	4.07E-14	1E-30	1E-10	1E10	2.13E-7	1.65	1E10	1E-30	22800	1E10	6.64E-6	1190	1E10	2.15E-4	7880	1.51E-15	2.47E-6	281	1.36E-15	1.12E-6	3440	1.17E-15	4.65E-7	578	2.3E-16	9.46E-7	2980	1.68E-15	7.59E-8	405	1E-30	1E10	1E10	1E-30	1E10	1E10	1E-30	1E10	1E10	1E-30	1E10	1E10	1E-30	1E10	1E10	1E-30	1E10	1E10
143	4.07E-14	1E-30	1E-10	1E10	2.13E-7	1.65	1E10	1E-30	22800	1E10	6.64E-6	1190	1E10	2.15E-4	7880	1.51E-15	2.47E-6	281	1.36E-15	1.12E-6	3440	1.17E-15	4.65E-7	578	2.3E-16	9.46E-7	2980	1.68E-15	7.59E-8	405	1E-30	1E10	1E10	1E-30	1E10	1E10	1E-30	1E10	1E10	1E-30	1E10	1E10	1E-30	1E10	1E10	1E-30	1E10	1E10
144	3.98E-14	1E-30	1E-10	1E10	2.28E-7	1.73	1E10	1E-30	22800	1E10	6.75E-6	1360	1E10	2.88E-4	14500	1.69E-15	2.47E-6	281	1.3E-15	1.12E-6	3440	1.14E-15	4.65E-7	578	2.41E-16	9.46E-7	2980	1.76E-15	7.59E-8	405	1E-30	1E10	1E10	1E-30	1E10	1E10	1E-30	1E10	1E10	1E-30	1E10	1E10	1E-30	1E10	1E10	1E-30	1E10	1E10
145	3.98E-14	1E-30	1E-10	1E10	2.28E-7	1.73	1E10	1E-30	22800	1E10	6.75E-6	1360	1E10	2.88E-4	14500	1.69E-15	2.47E-6	281	1.3E-15	1.12E-6	3440	1.14E-15	4.65E-7	578	2.41E-16	9.46E-7	2980	1.76E-15	7.59E-8	405	1E-30	1E10	1E10	1E-30	1E10	1E10	1E-30	1E10	1E10	1E-30	1E10	1E10	1E-30	1E10	1E10	1E-30	1E10	1E10
146	2.63E-14	1E-30	1E-10	1E10	2.56E-7	1.9	1E10	1E-30	22800	1E10	7.28E-6	1190	1E10	7.21E-5	1330	8.47E-16	2.47E-6	281	1.16E-15	1.12E-6	3440	1.4E-15	4.65E-7	578	3.25E-16	9.46E-7	2980	2.17E-15	7.59E-8	405	1E-30	1E10	1E10	1E-30	1E10	1E10	1E-30	1E10	1E10	1E-30	1E10	1E10	1E-30	1E10	1E10	1E-30	1E10	1E10
147	2.63E-14	1E-30	1E-10	1E10	2.56E-7	1.9	1E10	1E-30	22800	1E10	7.28E-6	1190	1E10	7.21E-5	1330	8.47E-16	2.47E-6	281	1.16E-15	1.12E-6	3440	1.4E-15	4.65E-7	578	3.25E-16	9.46E-7	2980	2.17E-15	7.59E-8	405	1E-30	1E10	1E10	1E-30	1E10	1E10	1E-30	1E10	1E10	1E-30	1E10	1E10	1E-30	1E10	1E10	1E-30	1E10	1E10
148	2.4E-14	1E-30	1E-10	1E10	2.74E-7	1.92	1E10	1E-30	22800	1E10	9.69E-6	1740	1E10	2.13E-4	21E3	2.56E-15	2.47E-6	281	1.8E-15	1.12E-6	3440	2.32E-15	4.65E-7	578	6.64E-16	9.46E-7	2980	4.75E-15	7.59E-8	405	1E-30	1E10	1E10	1E-30	1E10	1E10	1E-30	1E10	1E10	1E-30	1E10	1E10	1E-30	1E10	1E10	1E-30	1E10	1E10
149	2.4E-14	1E-30	1E-10	1E10	2.74E-7	1.92	1E10	1E-30	22800	1E10	9.69E-6	1740	1E10	2.13E-4	21E3	2.56E-15	2.47E-6	281	1.8E-15	1.12E-6	3440	2.32E-15	4.65E-7	578	6.64E-16	9.46E-7	2980	4.75E-15	7.59E-8	405	1E-30	1E10	1E10	1E-30	1E10	1E10	1E-30	1E10	1E10	1E-30	1E10	1E10	1E-30	1E10	1E10	1E-30	1E10	1E10
150	2.4E-14	1E-30	1E-10	1E10	3.07E-7	2.6	1E10	1E-30	22800	1E10	1.31E-5	1740	1E10	2.13E-4	21E3	2.56E-15	2.47E-6	281	2.43E-15	1.12E-6	3440	2.02E-15	4.65E-7	578	4.39E-16	9.46E-7	2980	3.29E-15	7.59E-8	405	1E-30	1E10	1E10	1E-30	1E10	1E10	1E-30	1E10	1E10	1E-30	1E10	1E10	1E-30	1E10	1E10	1E-30	1E10	1E10
151	2.4E-14	1E-30	1E-10	1E10	3.07E-7	2.6	1E10	1E-30	22800	1E10	1.31E-5	1740	1E10	2.13E-4	21E3	2.56E-15	2.47E-6	281	2.43E-15	1.12E-6	3440	2.02E-15	4.65E-7	578	4.39E-16	9.46E-7	2980	3.29E-15	7.59E-8	405	1E-30	1E10	1E10	1E-30	1E10	1E10	1E-30	1E10	1E10	1E-30	1E10	1E10	1E-30	1E10	1E10	1E-30	1E10	1E10
152	2.51E-14	1E-30	1E-10	1E10	3.37E-7	3.2	1E10	1E-30	22800	1E10	1.94E-5	1740	1E10	2.13E-4	21E3	3.15E-15	2.47E-6	281	2.43E-15	1.12E-6	3440	2.12E-15	4.65E-7	578	4.39E-16	9.46E-7	2980	3.29E-15	7.59E-8	405	1E-30	1E10	1E10	1E-30	1E10	1E10	1E-30	1E10	1E10	1E-30	1E10	1E10	1E-30	1E10	1E10	1E-30	1E10	1E10
153	2.51E-14	1E-30	1E-10	1E10	3.37E-7	3.2	1E10	1E-30	22800	1E10	1.94E-5	1740	1E10	2.13E-4	21E3	3.15E-15	2.47E-6	281	2.43E-15	1.12E-6	3440	2.12E-15	4.65E-7	578	4.39E-16	9.46E-7	2980	3.29E-15	7.59E-8	405	1E-30	1E10	1E10	1E-30	1E10	1E10	1E-30	1E10	1E10	1E-30	1E10	1E10	1E-30	1E10	1E10	1E-30	1E10	1E10
154	2.57E-14	1E-30	1E-10	1E10	3.61E-7	3.31	1E10	1E-30	22800	1E10	1.99E-5	1740	1E10	0.0271	23900	3.38E-15	2.47E-6	281	2.43E-15	1.12E-6	3440	2.12E-15	4.65E-7	578	4.39E-16	9.46E-7	2980	3.53E-15	7.59E-8	405	1E-30	1E10	1E10	1E-30	1E10	1E10	1E-30	1E10	1E10	1E-30	1E10	1E10	1E-30	1E10	1E10	1E-30	1E10	1E10
155	2.57E-14	1E-30	1E-10	1E10	3.61E-7	3.31	1E10	1E-30	22800	1E10	1.99E-5	1740	1E10	0.0271	23900	3.38E-15	2.47E-6	281	2.43E-15	1.12E-6	3440	2.12E-15	4.65E-7	578	4.39E-16	9.46E-7	2980	3.53E-15	7.59E-8	405	1E-30	1E10	1E10	1E-30	1E10	1E10	1E-30	1E10	1E10	1E-30	1E10	1E10	1E-30	1E10	1E10	1E-30	1E10	1E10
156	2.09E-14	1E-30	1E-10	1E10	3.96E-7	3.52	1E10	1E-30	22800	1E10	2.04E-5	1740	1E10	0.0271	23900	1.48E-15	2.47E-6	281	2.02E-15	1.12E-6	3440	2.67E-15	4.65E-7	578	5.66E-16	9.46E-7	2980	4.24E-15	7.59E-8	405	1E-30	1E10	1E10	1E-30	1E10	1E10	1E-30	1E10	1E10	1E-30	1E10	1E10	1E-30	1E10	1E10	1E-30	1E10	1E10
157	2.09E-14	1E-30	1E-10	1E10	3.96E-7	3.52	1E10	1E-30	22800	1E10	2.04E-5	1740	1E10	0.0271	23900	1.48E-15	2.47E-6	281	2.02E-15	1.12E-6	3440	2.67E-15	4.65E-7	578	5.66E-16	9.46E-7	2980	4.24E-15	7.59E-8	405	1E-30	1E10	1E10	1E-30	1E10	1E10	1E-30	1E10	1E10	1E-30	1E10	1E10	1E-30	1E10	1E10	1E-30	1E10	1E10
END DSCRDATA
