BEGIN DSCRDATA
% INDEX	K01	L01	M01	K02	L02	M02	K03	L03	M03	K04	L04	M04	K05	L05	M05	K06	L06	M06	K07	L07	M07	K08	L08	M08	K09	L09	M09	K10	L10	M10	K11	L11	M11	K12	L12	M12	K13	L13	M13	K14	L14	M14	K15	L15	M15	K16	L16	M16
0	0	0	0	0	0	0	0	0	0	0	0	0	0	0	0	0	0	0	0	0	0	0	0	0	0	0	0	0	0	0	0	0	0	0	0	0	0	0	0	0	0	0	0	0	0	0	0	0
1	4.74E-16	1E-30	1E-10	1E10	1.57E-9	0.02	1E10	1E-30	5400	1E10	6.83E-9	0.297	1E10	2.45E-8	16	1E10	1.1E-7	768	1E-30	1E10	1E10	1E-30	1E10	1E10	1E-30	1E10	1E10	1E-30	1E10	1E10	1E-30	1E10	1E10	1E-30	1E10	1E10	1E-30	1E10	1E10	1E-30	1E10	1E10	1E-30	1E10	1E10	1E-30	1E10	1E10
2	4.74E-16	1E-30	1E-10	1E10	1.57E-9	0.02	1E10	1E-30	5400	1E10	6.83E-9	0.297	1E10	2.45E-8	16	1E10	1.1E-7	768	1E-30	1E10	1E10	1E-30	1E10	1E10	1E-30	1E10	1E10	1E-30	1E10	1E10	1E-30	1E10	1E10	1E-30	1E10	1E10	1E-30	1E10	1E10	1E-30	1E10	1E10	1E-30	1E10	1E10	1E-30	1E10	1E10
3	4.74E-16	1E-30	1E-10	1E10	1.57E-9	0.02	1E10	1E-30	5400	1E10	6.83E-9	0.297	1E10	2.45E-8	16	1E10	1.1E-7	768	1E-30	1E10	1E10	1E-30	1E10	1E10	1E-30	1E10	1E10	1E-30	1E10	1E10	1E-30	1E10	1E10	1E-30	1E10	1E10	1E-30	1E10	1E10	1E-30	1E10	1E10	1E-30	1E10	1E10	1E-30	1E10	1E10
4	6.96E-14	1E-30	1E-10	1E10	1.71E-9	0.05	1E10	1E-30	13900	1E10	5.51E-9	0.646	1E10	1.82E-8	60.6	1E-30	1E10	1E10	1E-30	1E10	1E10	1E-30	1E10	1E10	1E-30	1E10	1E10	1E-30	1E10	1E10	1E-30	1E10	1E10	1E-30	1E10	1E10	1E-30	1E10	1E10	1E-30	1E10	1E10	1E-30	1E10	1E10	1E-30	1E10	1E10
5	6.96E-14	1E-30	1E-10	1E10	1.71E-9	0.05	1E10	1E-30	13900	1E10	5.51E-9	0.646	1E10	1.82E-8	60.6	1E-30	1E10	1E10	1E-30	1E10	1E10	1E-30	1E10	1E10	1E-30	1E10	1E10	1E-30	1E10	1E10	1E-30	1E10	1E10	1E-30	1E10	1E10	1E-30	1E10	1E10	1E-30	1E10	1E10	1E-30	1E10	1E10	1E-30	1E10	1E10
6	5.4E-14	1E-30	1E-10	1E10	1.39E-9	0.07	1E10	1E-30	10100	1E10	2.42E-8	62.3	1E10	4.98E-8	139	1E-30	1E10	1E10	1E-30	1E10	1E10	1E-30	1E10	1E10	1E-30	1E10	1E10	1E-30	1E10	1E10	1E-30	1E10	1E10	1E-30	1E10	1E10	1E-30	1E10	1E10	1E-30	1E10	1E10	1E-30	1E10	1E10	1E-30	1E10	1E10
7	5.4E-14	1E-30	1E-10	1E10	1.39E-9	0.07	1E10	1E-30	10100	1E10	2.42E-8	62.3	1E10	4.98E-8	139	1E-30	1E10	1E10	1E-30	1E10	1E10	1E-30	1E10	1E10	1E-30	1E10	1E10	1E-30	1E10	1E10	1E-30	1E10	1E10	1E-30	1E10	1E10	1E-30	1E10	1E10	1E-30	1E10	1E10	1E-30	1E10	1E10	1E-30	1E10	1E10
8	2.15E-14	1E-30	1E-10	1E10	1.49E-9	0.11	1E10	1E-30	6530	1E10	3.05E-8	62.3	1E10	4.98E-8	441	1E-30	1E10	1E10	1E-30	1E10	1E10	1E-30	1E10	1E10	1E-30	1E10	1E10	1E-30	1E10	1E10	1E-30	1E10	1E10	1E-30	1E10	1E10	1E-30	1E10	1E10	1E-30	1E10	1E10	1E-30	1E10	1E10	1E-30	1E10	1E10
9	2.15E-14	1E-30	1E-10	1E10	1.49E-9	0.11	1E10	1E-30	6530	1E10	3.05E-8	62.3	1E10	4.98E-8	441	1E-30	1E10	1E10	1E-30	1E10	1E10	1E-30	1E10	1E10	1E-30	1E10	1E10	1E-30	1E10	1E10	1E-30	1E10	1E10	1E-30	1E10	1E10	1E-30	1E10	1E10	1E-30	1E10	1E10	1E-30	1E10	1E10	1E-30	1E10	1E10
10	1.56E-15	1E-30	1E-10	1E10	2.49E-9	0.03	1E10	1E-30	6970	1E10	1.89E-8	0.701	1E10	3.85E-8	26	1E10	1.65E-7	747	1E-30	1E10	1E10	1E-30	1E10	1E10	1E-30	1E10	1E10	1E-30	1E10	1E10	1E-30	1E10	1E10	1E-30	1E10	1E10	1E-30	1E10	1E10	1E-30	1E10	1E10	1E-30	1E10	1E10	1E-30	1E10	1E10
11	1.56E-15	1E-30	1E-10	1E10	2.49E-9	0.03	1E10	1E-30	6970	1E10	1.89E-8	0.701	1E10	3.85E-8	26	1E10	1.65E-7	747	1E-30	1E10	1E10	1E-30	1E10	1E10	1E-30	1E10	1E10	1E-30	1E10	1E10	1E-30	1E10	1E10	1E-30	1E10	1E10	1E-30	1E10	1E10	1E-30	1E10	1E10	1E-30	1E10	1E10	1E-30	1E10	1E10
12	1.56E-15	1E-30	1E-10	1E10	2.49E-9	0.03	1E10	1E-30	6970	1E10	1.89E-8	0.701	1E10	3.85E-8	26	1E10	1.65E-7	747	1E-30	1E10	1E10	1E-30	1E10	1E10	1E-30	1E10	1E10	1E-30	1E10	1E10	1E-30	1E10	1E10	1E-30	1E10	1E10	1E-30	1E10	1E10	1E-30	1E10	1E10	1E-30	1E10	1E10	1E-30	1E10	1E10
13	1.1E-15	1E-30	1E-10	1E10	3.12E-9	0.03	1E10	1E-30	6680	1E10	9.4E-9	0.506	1E10	4.28E-8	28.9	1E10	1.34E-7	699	1E-30	1E10	1E10	1E-30	1E10	1E10	1E-30	1E10	1E10	1E-30	1E10	1E10	1E-30	1E10	1E10	1E-30	1E10	1E10	1E-30	1E10	1E10	1E-30	1E10	1E10	1E-30	1E10	1E10	1E-30	1E10	1E10
14	1.1E-15	1E-30	1E-10	1E10	3.12E-9	0.03	1E10	1E-30	6680	1E10	9.4E-9	0.506	1E10	4.28E-8	28.9	1E10	1.34E-7	699	1E-30	1E10	1E10	1E-30	1E10	1E10	1E-30	1E10	1E10	1E-30	1E10	1E10	1E-30	1E10	1E10	1E-30	1E10	1E10	1E-30	1E10	1E10	1E-30	1E10	1E10	1E-30	1E10	1E10	1E-30	1E10	1E10
15	1.1E-15	1E-30	1E-10	1E10	3.12E-9	0.03	1E10	1E-30	6680	1E10	9.4E-9	0.506	1E10	4.28E-8	28.9	1E10	1.34E-7	699	1E-30	1E10	1E10	1E-30	1E10	1E10	1E-30	1E10	1E10	1E-30	1E10	1E10	1E-30	1E10	1E10	1E-30	1E10	1E10	1E-30	1E10	1E10	1E-30	1E10	1E10	1E-30	1E10	1E10	1E-30	1E10	1E10
16	1.21E-14	1E-30	1E-10	1E10	2.31E-9	0.03	1E10	1E-30	5560	1E10	3.5E-8	19.7	1E10	8.45E-8	248	1E-30	1E10	1E10	1E-30	1E10	1E10	1E-30	1E10	1E10	1E-30	1E10	1E10	1E-30	1E10	1E10	1E-30	1E10	1E10	1E-30	1E10	1E10	1E-30	1E10	1E10	1E-30	1E10	1E10	1E-30	1E10	1E10	1E-30	1E10	1E10
17	1.21E-14	1E-30	1E-10	1E10	2.31E-9	0.03	1E10	1E-30	5560	1E10	3.5E-8	19.7	1E10	8.45E-8	248	1E-30	1E10	1E10	1E-30	1E10	1E10	1E-30	1E10	1E10	1E-30	1E10	1E10	1E-30	1E10	1E10	1E-30	1E10	1E10	1E-30	1E10	1E10	1E-30	1E10	1E10	1E-30	1E10	1E10	1E-30	1E10	1E10	1E-30	1E10	1E10
18	1.21E-14	1E-30	1E-10	1E10	2.31E-9	0.03	1E10	1E-30	5560	1E10	3.5E-8	19.7	1E10	8.45E-8	248	1E-30	1E10	1E10	1E-30	1E10	1E10	1E-30	1E10	1E10	1E-30	1E10	1E10	1E-30	1E10	1E10	1E-30	1E10	1E10	1E-30	1E10	1E10	1E-30	1E10	1E10	1E-30	1E10	1E10	1E-30	1E10	1E10	1E-30	1E10	1E10
19	1.04E-14	1E-30	1E-10	1E10	3.08E-9	0.03	1E10	1E-30	7E3	1E10	1.37E-8	0.682	1E10	4.93E-8	34	1E10	1.78E-7	813	1E-30	1E10	1E10	1E-30	1E10	1E10	1E-30	1E10	1E10	1E-30	1E10	1E10	1E-30	1E10	1E10	1E-30	1E10	1E10	1E-30	1E10	1E10	1E-30	1E10	1E10	1E-30	1E10	1E10	1E-30	1E10	1E10
20	1.04E-14	1E-30	1E-10	1E10	3.08E-9	0.03	1E10	1E-30	7E3	1E10	1.37E-8	0.682	1E10	4.93E-8	34	1E10	1.78E-7	813	1E-30	1E10	1E10	1E-30	1E10	1E10	1E-30	1E10	1E10	1E-30	1E10	1E10	1E-30	1E10	1E10	1E-30	1E10	1E10	1E-30	1E10	1E10	1E-30	1E10	1E10	1E-30	1E10	1E10	1E-30	1E10	1E10
21	1.04E-14	1E-30	1E-10	1E10	3.08E-9	0.03	1E10	1E-30	7E3	1E10	1.37E-8	0.682	1E10	4.93E-8	34	1E10	1.78E-7	813	1E-30	1E10	1E10	1E-30	1E10	1E10	1E-30	1E10	1E10	1E-30	1E10	1E10	1E-30	1E10	1E10	1E-30	1E10	1E10	1E-30	1E10	1E10	1E-30	1E10	1E10	1E-30	1E10	1E10	1E-30	1E10	1E10
22	2.25E-14	1E-30	1E-10	1E10	2.53E-9	0.03	1E10	1E-30	5560	1E10	3.5E-8	17.6	1E10	8.45E-8	254	1E-30	1E10	1E10	1E-30	1E10	1E10	1E-30	1E10	1E10	1E-30	1E10	1E10	1E-30	1E10	1E10	1E-30	1E10	1E10	1E-30	1E10	1E10	1E-30	1E10	1E10	1E-30	1E10	1E10	1E-30	1E10	1E10	1E-30	1E10	1E10
23	2.25E-14	1E-30	1E-10	1E10	2.53E-9	0.03	1E10	1E-30	5560	1E10	3.5E-8	17.6	1E10	8.45E-8	254	1E-30	1E10	1E10	1E-30	1E10	1E10	1E-30	1E10	1E10	1E-30	1E10	1E10	1E-30	1E10	1E10	1E-30	1E10	1E10	1E-30	1E10	1E10	1E-30	1E10	1E10	1E-30	1E10	1E10	1E-30	1E10	1E10	1E-30	1E10	1E10
24	2.25E-14	1E-30	1E-10	1E10	2.53E-9	0.03	1E10	1E-30	5560	1E10	3.5E-8	17.6	1E10	8.45E-8	254	1E-30	1E10	1E10	1E-30	1E10	1E10	1E-30	1E10	1E10	1E-30	1E10	1E10	1E-30	1E10	1E10	1E-30	1E10	1E10	1E-30	1E10	1E10	1E-30	1E10	1E10	1E-30	1E10	1E10	1E-30	1E10	1E10	1E-30	1E10	1E10
25	1.58E-14	1E-30	1E-10	1E10	3.6E-9	0.05	1E10	1E-30	6610	1E10	1.17E-8	0.527	1E10	4.75E-8	28.1	1E10	1.5E-7	767	1E-30	1E10	1E10	1E-30	1E10	1E10	1E-30	1E10	1E10	1E-30	1E10	1E10	1E-30	1E10	1E10	1E-30	1E10	1E10	1E-30	1E10	1E10	1E-30	1E10	1E10	1E-30	1E10	1E10	1E-30	1E10	1E10
26	1.58E-14	1E-30	1E-10	1E10	3.6E-9	0.05	1E10	1E-30	6610	1E10	1.17E-8	0.527	1E10	4.75E-8	28.1	1E10	1.5E-7	767	1E-30	1E10	1E10	1E-30	1E10	1E10	1E-30	1E10	1E10	1E-30	1E10	1E10	1E-30	1E10	1E10	1E-30	1E10	1E10	1E-30	1E10	1E10	1E-30	1E10	1E10	1E-30	1E10	1E10	1E-30	1E10	1E10
27	1.58E-14	1E-30	1E-10	1E10	3.6E-9	0.05	1E10	1E-30	6610	1E10	1.17E-8	0.527	1E10	4.75E-8	28.1	1E10	1.5E-7	767	1E-30	1E10	1E10	1E-30	1E10	1E10	1E-30	1E10	1E10	1E-30	1E10	1E10	1E-30	1E10	1E10	1E-30	1E10	1E10	1E-30	1E10	1E10	1E-30	1E10	1E10	1E-30	1E10	1E10	1E-30	1E10	1E10
28	1.75E-14	1E-30	1E-10	1E10	2.77E-9	0.05	1E10	1E-30	14300	1E10	4.21E-8	35.2	1E10	1.5E-14	8770	1E-30	1E10	1E10	1E-30	1E10	1E10	1E-30	1E10	1E10	1E-30	1E10	1E10	1E-30	1E10	1E10	1E-30	1E10	1E10	1E-30	1E10	1E10	1E-30	1E10	1E10	1E-30	1E10	1E10	1E-30	1E10	1E10	1E-30	1E10	1E10
29	1.75E-14	1E-30	1E-10	1E10	2.77E-9	0.05	1E10	1E-30	14300	1E10	4.21E-8	35.2	1E10	1.5E-14	8770	1E-30	1E10	1E10	1E-30	1E10	1E10	1E-30	1E10	1E10	1E-30	1E10	1E10	1E-30	1E10	1E10	1E-30	1E10	1E10	1E-30	1E10	1E10	1E-30	1E10	1E10	1E-30	1E10	1E10	1E-30	1E10	1E10	1E-30	1E10	1E10
30	1.75E-14	1E-30	1E-10	1E10	2.77E-9	0.05	1E10	1E-30	14300	1E10	4.21E-8	35.2	1E10	1.5E-14	8770	1E-30	1E10	1E10	1E-30	1E10	1E10	1E-30	1E10	1E10	1E-30	1E10	1E10	1E-30	1E10	1E10	1E-30	1E10	1E10	1E-30	1E10	1E10	1E-30	1E10	1E10	1E-30	1E10	1E10	1E-30	1E10	1E10	1E-30	1E10	1E10
31	1.36E-14	1E-30	1E-10	1E10	2.77E-9	0.09	1E10	1E-30	14300	1E10	4.11E-8	90.5	1E10	3.06E-9	11300	1E-30	1E10	1E10	1E-30	1E10	1E10	1E-30	1E10	1E10	1E-30	1E10	1E10	1E-30	1E10	1E10	1E-30	1E10	1E10	1E-30	1E10	1E10	1E-30	1E10	1E10	1E-30	1E10	1E10	1E-30	1E10	1E10	1E-30	1E10	1E10
32	1.36E-14	1E-30	1E-10	1E10	2.77E-9	0.09	1E10	1E-30	14300	1E10	4.11E-8	90.5	1E10	3.06E-9	11300	1E-30	1E10	1E10	1E-30	1E10	1E10	1E-30	1E10	1E10	1E-30	1E10	1E10	1E-30	1E10	1E10	1E-30	1E10	1E10	1E-30	1E10	1E10	1E-30	1E10	1E10	1E-30	1E10	1E10	1E-30	1E10	1E10	1E-30	1E10	1E10
33	1.36E-14	1E-30	1E-10	1E10	2.77E-9	0.09	1E10	1E-30	14300	1E10	4.11E-8	90.5	1E10	3.06E-9	11300	1E-30	1E10	1E10	1E-30	1E10	1E10	1E-30	1E10	1E10	1E-30	1E10	1E10	1E-30	1E10	1E10	1E-30	1E10	1E10	1E-30	1E10	1E10	1E-30	1E10	1E10	1E-30	1E10	1E10	1E-30	1E10	1E10	1E-30	1E10	1E10
34	1.46E-14	1E-30	1E-10	1E10	2.94E-9	0.12	1E10	1E-30	8670	1E10	6.18E-8	36.5	1E10	7.07E-8	308	1E-30	1E10	1E10	1E-30	1E10	1E10	1E-30	1E10	1E10	1E-30	1E10	1E10	1E-30	1E10	1E10	1E-30	1E10	1E10	1E-30	1E10	1E10	1E-30	1E10	1E10	1E-30	1E10	1E10	1E-30	1E10	1E10	1E-30	1E10	1E10
35	1.46E-14	1E-30	1E-10	1E10	2.94E-9	0.12	1E10	1E-30	8670	1E10	6.18E-8	36.5	1E10	7.07E-8	308	1E-30	1E10	1E10	1E-30	1E10	1E10	1E-30	1E10	1E10	1E-30	1E10	1E10	1E-30	1E10	1E10	1E-30	1E10	1E10	1E-30	1E10	1E10	1E-30	1E10	1E10	1E-30	1E10	1E10	1E-30	1E10	1E10	1E-30	1E10	1E10
36	1.46E-14	1E-30	1E-10	1E10	2.94E-9	0.12	1E10	1E-30	8670	1E10	6.18E-8	36.5	1E10	7.07E-8	308	1E-30	1E10	1E10	1E-30	1E10	1E10	1E-30	1E10	1E10	1E-30	1E10	1E10	1E-30	1E10	1E10	1E-30	1E10	1E10	1E-30	1E10	1E10	1E-30	1E10	1E10	1E-30	1E10	1E10	1E-30	1E10	1E10	1E-30	1E10	1E10
37	1.06E-14	1E-30	1E-10	1E10	4.39E-9	0.05	1E10	1E-30	8890	1E10	2.4E-8	1.08	1E10	7.84E-8	71.1	1E10	3.23E-7	1350	1E-30	1E10	1E10	1E-30	1E10	1E10	1E-30	1E10	1E10	1E-30	1E10	1E10	1E-30	1E10	1E10	1E-30	1E10	1E10	1E-30	1E10	1E10	1E-30	1E10	1E10	1E-30	1E10	1E10	1E-30	1E10	1E10
38	1.06E-14	1E-30	1E-10	1E10	4.39E-9	0.05	1E10	1E-30	8890	1E10	2.4E-8	1.08	1E10	7.84E-8	71.1	1E10	3.23E-7	1350	1E-30	1E10	1E10	1E-30	1E10	1E10	1E-30	1E10	1E10	1E-30	1E10	1E10	1E-30	1E10	1E10	1E-30	1E10	1E10	1E-30	1E10	1E10	1E-30	1E10	1E10	1E-30	1E10	1E10	1E-30	1E10	1E10
39	1.06E-14	1E-30	1E-10	1E10	4.39E-9	0.05	1E10	1E-30	8890	1E10	2.4E-8	1.08	1E10	7.84E-8	71.1	1E10	3.23E-7	1350	1E-30	1E10	1E10	1E-30	1E10	1E10	1E-30	1E10	1E10	1E-30	1E10	1E10	1E-30	1E10	1E10	1E-30	1E10	1E10	1E-30	1E10	1E10	1E-30	1E10	1E10	1E-30	1E10	1E10	1E-30	1E10	1E10
40	1.17E-14	1E-30	1E-10	1E10	4.75E-9	0.0477	1E10	1E-30	9120	1E10	2.39E-8	1.03	1E10	7.19E-8	43	1E10	2.29E-7	957	1E-30	1E10	1E10	1E-30	1E10	1E10	1E-30	1E10	1E10	1E-30	1E10	1E10	1E-30	1E10	1E10	1E-30	1E10	1E10	1E-30	1E10	1E10	1E-30	1E10	1E10	1E-30	1E10	1E10	1E-30	1E10	1E10
41	1.17E-14	1E-30	1E-10	1E10	4.75E-9	0.0477	1E10	1E-30	9120	1E10	2.39E-8	1.03	1E10	7.19E-8	43	1E10	2.29E-7	957	1E-30	1E10	1E10	1E-30	1E10	1E10	1E-30	1E10	1E10	1E-30	1E10	1E10	1E-30	1E10	1E10	1E-30	1E10	1E10	1E-30	1E10	1E10	1E-30	1E10	1E10	1E-30	1E10	1E10	1E-30	1E10	1E10
42	1.17E-14	1E-30	1E-10	1E10	4.75E-9	0.0477	1E10	1E-30	9120	1E10	2.39E-8	1.03	1E10	7.19E-8	43	1E10	2.29E-7	957	1E-30	1E10	1E10	1E-30	1E10	1E10	1E-30	1E10	1E10	1E-30	1E10	1E10	1E-30	1E10	1E10	1E-30	1E10	1E10	1E-30	1E10	1E10	1E-30	1E10	1E10	1E-30	1E10	1E10	1E-30	1E10	1E10
43	2.45E-14	1E-30	1E-10	1E10	4.99E-9	0.05	1E10	1E-30	10100	1E10	2.66E-8	1.02	1E10	7.49E-8	50.8	1E10	2.67E-7	1230	1E-30	1E10	1E10	1E-30	1E10	1E10	1E-30	1E10	1E10	1E-30	1E10	1E10	1E-30	1E10	1E10	1E-30	1E10	1E10	1E-30	1E10	1E10	1E-30	1E10	1E10	1E-30	1E10	1E10	1E-30	1E10	1E10
44	2.45E-14	1E-30	1E-10	1E10	4.99E-9	0.05	1E10	1E-30	10100	1E10	2.66E-8	1.02	1E10	7.49E-8	50.8	1E10	2.67E-7	1230	1E-30	1E10	1E10	1E-30	1E10	1E10	1E-30	1E10	1E10	1E-30	1E10	1E10	1E-30	1E10	1E10	1E-30	1E10	1E10	1E-30	1E10	1E10	1E-30	1E10	1E10	1E-30	1E10	1E10	1E-30	1E10	1E10
45	2.45E-14	1E-30	1E-10	1E10	4.99E-9	0.05	1E10	1E-30	10100	1E10	2.66E-8	1.02	1E10	7.49E-8	50.8	1E10	2.67E-7	1230	1E-30	1E10	1E10	1E-30	1E10	1E10	1E-30	1E10	1E10	1E-30	1E10	1E10	1E-30	1E10	1E10	1E-30	1E10	1E10	1E-30	1E10	1E10	1E-30	1E10	1E10	1E-30	1E10	1E10	1E-30	1E10	1E10
46	2.48E-14	1E-30	1E-10	1E10	4.15E-9	0.05	1E10	1E-30	8670	1E10	9.79E-8	36.5	1E10	1.12E-7	308	1E-30	1E10	1E10	1E-30	1E10	1E10	1E-30	1E10	1E10	1E-30	1E10	1E10	1E-30	1E10	1E10	1E-30	1E10	1E10	1E-30	1E10	1E10	1E-30	1E10	1E10	1E-30	1E10	1E10	1E-30	1E10	1E10	1E-30	1E10	1E10
47	2.48E-14	1E-30	1E-10	1E10	4.15E-9	0.05	1E10	1E-30	8670	1E10	9.79E-8	36.5	1E10	1.12E-7	308	1E-30	1E10	1E10	1E-30	1E10	1E10	1E-30	1E10	1E10	1E-30	1E10	1E10	1E-30	1E10	1E10	1E-30	1E10	1E10	1E-30	1E10	1E10	1E-30	1E10	1E10	1E-30	1E10	1E10	1E-30	1E10	1E10	1E-30	1E10	1E10
48	2.48E-14	1E-30	1E-10	1E10	4.15E-9	0.05	1E10	1E-30	8670	1E10	9.79E-8	36.5	1E10	1.12E-7	308	1E-30	1E10	1E10	1E-30	1E10	1E10	1E-30	1E10	1E10	1E-30	1E10	1E10	1E-30	1E10	1E10	1E-30	1E10	1E10	1E-30	1E10	1E10	1E-30	1E10	1E10	1E-30	1E10	1E10	1E-30	1E10	1E10	1E-30	1E10	1E10
49	2.42E-14	1E-30	1E-10	1E10	4.25E-9	0.05	1E10	1E-30	8670	1E10	7.43E-8	36.5	1E10	1.41E-7	322	1E-30	1E10	1E10	1E-30	1E10	1E10	1E-30	1E10	1E10	1E-30	1E10	1E10	1E-30	1E10	1E10	1E-30	1E10	1E10	1E-30	1E10	1E10	1E-30	1E10	1E10	1E-30	1E10	1E10	1E-30	1E10	1E10	1E-30	1E10	1E10
50	2.42E-14	1E-30	1E-10	1E10	4.25E-9	0.05	1E10	1E-30	8670	1E10	7.43E-8	36.5	1E10	1.41E-7	322	1E-30	1E10	1E10	1E-30	1E10	1E10	1E-30	1E10	1E10	1E-30	1E10	1E10	1E-30	1E10	1E10	1E-30	1E10	1E10	1E-30	1E10	1E10	1E-30	1E10	1E10	1E-30	1E10	1E10	1E-30	1E10	1E10	1E-30	1E10	1E10
51	2.42E-14	1E-30	1E-10	1E10	4.25E-9	0.05	1E10	1E-30	8670	1E10	7.43E-8	36.5	1E10	1.41E-7	322	1E-30	1E10	1E10	1E-30	1E10	1E10	1E-30	1E10	1E10	1E-30	1E10	1E10	1E-30	1E10	1E10	1E-30	1E10	1E10	1E-30	1E10	1E10	1E-30	1E10	1E10	1E-30	1E10	1E10	1E-30	1E10	1E10	1E-30	1E10	1E10
52	2.54E-14	1E-30	1E-10	1E10	4.55E-9	0.05	1E10	1E-30	8670	1E10	8.34E-8	36.5	1E10	1.35E-7	406	1E-30	1E10	1E10	1E-30	1E10	1E10	1E-30	1E10	1E10	1E-30	1E10	1E10	1E-30	1E10	1E10	1E-30	1E10	1E10	1E-30	1E10	1E10	1E-30	1E10	1E10	1E-30	1E10	1E10	1E-30	1E10	1E10	1E-30	1E10	1E10
53	2.54E-14	1E-30	1E-10	1E10	4.55E-9	0.05	1E10	1E-30	8670	1E10	8.34E-8	36.5	1E10	1.35E-7	406	1E-30	1E10	1E10	1E-30	1E10	1E10	1E-30	1E10	1E10	1E-30	1E10	1E10	1E-30	1E10	1E10	1E-30	1E10	1E10	1E-30	1E10	1E10	1E-30	1E10	1E10	1E-30	1E10	1E10	1E-30	1E10	1E10	1E-30	1E10	1E10
54	2.54E-14	1E-30	1E-10	1E10	4.55E-9	0.05	1E10	1E-30	8670	1E10	8.34E-8	36.5	1E10	1.35E-7	406	1E-30	1E10	1E10	1E-30	1E10	1E10	1E-30	1E10	1E10	1E-30	1E10	1E10	1E-30	1E10	1E10	1E-30	1E10	1E10	1E-30	1E10	1E10	1E-30	1E10	1E10	1E-30	1E10	1E10	1E-30	1E10	1E10	1E-30	1E10	1E10
55	3.54E-14	1E-30	1E-10	1E10	5.58E-9	0.05	1E10	1E-30	11400	1E10	2.62E-8	1.09	1E10	6.99E-8	43.4	1E10	2.65E-7	1470	1E-30	1E10	1E10	1E-30	1E10	1E10	1E-30	1E10	1E10	1E-30	1E10	1E10	1E-30	1E10	1E10	1E-30	1E10	1E10	1E-30	1E10	1E10	1E-30	1E10	1E10	1E-30	1E10	1E10	1E-30	1E10	1E10
56	3.54E-14	1E-30	1E-10	1E10	5.58E-9	0.05	1E10	1E-30	11400	1E10	2.62E-8	1.09	1E10	6.99E-8	43.4	1E10	2.65E-7	1470	1E-30	1E10	1E10	1E-30	1E10	1E10	1E-30	1E10	1E10	1E-30	1E10	1E10	1E-30	1E10	1E10	1E-30	1E10	1E10	1E-30	1E10	1E10	1E-30	1E10	1E10	1E-30	1E10	1E10	1E-30	1E10	1E10
57	3.54E-14	1E-30	1E-10	1E10	5.58E-9	0.05	1E10	1E-30	11400	1E10	2.62E-8	1.09	1E10	6.99E-8	43.4	1E10	2.65E-7	1470	1E-30	1E10	1E10	1E-30	1E10	1E10	1E-30	1E10	1E10	1E-30	1E10	1E10	1E-30	1E10	1E10	1E-30	1E10	1E10	1E-30	1E10	1E10	1E-30	1E10	1E10	1E-30	1E10	1E10	1E-30	1E10	1E10
58	3.27E-14	1E-30	1E-10	1E10	4.66E-9	0.05	1E10	1E-30	8670	1E10	7.1E-8	36.5	1E10	1.9E-7	406	1E-30	1E10	1E10	1E-30	1E10	1E10	1E-30	1E10	1E10	1E-30	1E10	1E10	1E-30	1E10	1E10	1E-30	1E10	1E10	1E-30	1E10	1E10	1E-30	1E10	1E10	1E-30	1E10	1E10	1E-30	1E10	1E10	1E-30	1E10	1E10
59	3.27E-14	1E-30	1E-10	1E10	4.66E-9	0.05	1E10	1E-30	8670	1E10	7.1E-8	36.5	1E10	1.9E-7	406	1E-30	1E10	1E10	1E-30	1E10	1E10	1E-30	1E10	1E10	1E-30	1E10	1E10	1E-30	1E10	1E10	1E-30	1E10	1E10	1E-30	1E10	1E10	1E-30	1E10	1E10	1E-30	1E10	1E10	1E-30	1E10	1E10	1E-30	1E10	1E10
60	3.27E-14	1E-30	1E-10	1E10	4.66E-9	0.05	1E10	1E-30	8670	1E10	7.1E-8	36.5	1E10	1.9E-7	406	1E-30	1E10	1E10	1E-30	1E10	1E10	1E-30	1E10	1E10	1E-30	1E10	1E10	1E-30	1E10	1E10	1E-30	1E10	1E10	1E-30	1E10	1E10	1E-30	1E10	1E10	1E-30	1E10	1E10	1E-30	1E10	1E10	1E-30	1E10	1E10
61	3.12E-14	1E-30	1E-10	1E10	4.66E-9	0.08	1E10	1E-30	8670	1E10	7.61E-8	49.2	1E10	2.45E-7	952	1E-30	1E10	1E10	1E-30	1E10	1E10	1E-30	1E10	1E10	1E-30	1E10	1E10	1E-30	1E10	1E10	1E-30	1E10	1E10	1E-30	1E10	1E10	1E-30	1E10	1E10	1E-30	1E10	1E10	1E-30	1E10	1E10	1E-30	1E10	1E10
62	3.12E-14	1E-30	1E-10	1E10	4.66E-9	0.08	1E10	1E-30	8670	1E10	7.61E-8	49.2	1E10	2.45E-7	952	1E-30	1E10	1E10	1E-30	1E10	1E10	1E-30	1E10	1E10	1E-30	1E10	1E10	1E-30	1E10	1E10	1E-30	1E10	1E10	1E-30	1E10	1E10	1E-30	1E10	1E10	1E-30	1E10	1E10	1E-30	1E10	1E10	1E-30	1E10	1E10
63	3.12E-14	1E-30	1E-10	1E10	4.66E-9	0.08	1E10	1E-30	8670	1E10	7.61E-8	49.2	1E10	2.45E-7	952	1E-30	1E10	1E10	1E-30	1E10	1E10	1E-30	1E10	1E10	1E-30	1E10	1E10	1E-30	1E10	1E10	1E-30	1E10	1E10	1E-30	1E10	1E10	1E-30	1E10	1E10	1E-30	1E10	1E10	1E-30	1E10	1E10	1E-30	1E10	1E10
64	3.12E-14	1E-30	1E-10	1E10	4.77E-9	0.08	1E10	1E-30	8670	1E10	8.15E-8	52.7	1E10	2.45E-7	1020	1E-30	1E10	1E10	1E-30	1E10	1E10	1E-30	1E10	1E10	1E-30	1E10	1E10	1E-30	1E10	1E10	1E-30	1E10	1E10	1E-30	1E10	1E10	1E-30	1E10	1E10	1E-30	1E10	1E10	1E-30	1E10	1E10	1E-30	1E10	1E10
65	3.12E-14	1E-30	1E-10	1E10	4.77E-9	0.08	1E10	1E-30	8670	1E10	8.15E-8	52.7	1E10	2.45E-7	1020	1E-30	1E10	1E10	1E-30	1E10	1E10	1E-30	1E10	1E10	1E-30	1E10	1E10	1E-30	1E10	1E10	1E-30	1E10	1E10	1E-30	1E10	1E10	1E-30	1E10	1E10	1E-30	1E10	1E10	1E-30	1E10	1E10	1E-30	1E10	1E10
66	3.12E-14	1E-30	1E-10	1E10	4.77E-9	0.08	1E10	1E-30	8670	1E10	8.15E-8	52.7	1E10	2.45E-7	1020	1E-30	1E10	1E10	1E-30	1E10	1E10	1E-30	1E10	1E10	1E-30	1E10	1E10	1E-30	1E10	1E10	1E-30	1E10	1E10	1E-30	1E10	1E10	1E-30	1E10	1E10	1E-30	1E10	1E10	1E-30	1E10	1E10	1E-30	1E10	1E10
67	3.32E-14	1E-30	1E-10	1E10	5.9E-9	0.08	1E10	1E-30	10600	1E10	3.07E-8	1.61	1E10	8.94E-8	91.6	1E10	4.42E-7	2090	1E-30	1E10	1E10	1E-30	1E10	1E10	1E-30	1E10	1E10	1E-30	1E10	1E10	1E-30	1E10	1E10	1E-30	1E10	1E10	1E-30	1E10	1E10	1E-30	1E10	1E10	1E-30	1E10	1E10	1E-30	1E10	1E10
68	3.32E-14	1E-30	1E-10	1E10	5.9E-9	0.08	1E10	1E-30	10600	1E10	3.07E-8	1.61	1E10	8.94E-8	91.6	1E10	4.42E-7	2090	1E-30	1E10	1E10	1E-30	1E10	1E10	1E-30	1E10	1E10	1E-30	1E10	1E10	1E-30	1E10	1E10	1E-30	1E10	1E10	1E-30	1E10	1E10	1E-30	1E10	1E10	1E-30	1E10	1E10	1E-30	1E10	1E10
69	3.32E-14	1E-30	1E-10	1E10	5.9E-9	0.08	1E10	1E-30	10600	1E10	3.07E-8	1.61	1E10	8.94E-8	91.6	1E10	4.42E-7	2090	1E-30	1E10	1E10	1E-30	1E10	1E10	1E-30	1E10	1E10	1E-30	1E10	1E10	1E-30	1E10	1E10	1E-30	1E10	1E10	1E-30	1E10	1E10	1E-30	1E10	1E10	1E-30	1E10	1E10	1E-30	1E10	1E10
70	1.97E-14	1E-30	1E-10	1E10	6.87E-9	0.06	1E10	1E-30	9310	1E10	3.46E-8	1.9	1E10	1.05E-7	76	1E10	3.11E-7	1520	1E-30	1E10	1E10	1E-30	1E10	1E10	1E-30	1E10	1E10	1E-30	1E10	1E10	1E-30	1E10	1E10	1E-30	1E10	1E10	1E-30	1E10	1E10	1E-30	1E10	1E10	1E-30	1E10	1E10	1E-30	1E10	1E10
71	1.97E-14	1E-30	1E-10	1E10	6.87E-9	0.06	1E10	1E-30	9310	1E10	3.46E-8	1.9	1E10	1.05E-7	76	1E10	3.11E-7	1520	1E-30	1E10	1E10	1E-30	1E10	1E10	1E-30	1E10	1E10	1E-30	1E10	1E10	1E-30	1E10	1E10	1E-30	1E10	1E10	1E-30	1E10	1E10	1E-30	1E10	1E10	1E-30	1E10	1E10	1E-30	1E10	1E10
72	1.97E-14	1E-30	1E-10	1E10	6.87E-9	0.06	1E10	1E-30	9310	1E10	3.46E-8	1.9	1E10	1.05E-7	76	1E10	3.11E-7	1520	1E-30	1E10	1E10	1E-30	1E10	1E10	1E-30	1E10	1E10	1E-30	1E10	1E10	1E-30	1E10	1E10	1E-30	1E10	1E10	1E-30	1E10	1E10	1E-30	1E10	1E10	1E-30	1E10	1E10	1E-30	1E10	1E10
73	2.27E-14	1E-30	1E-10	1E10	6.73E-9	0.06	1E10	1E-30	25300	1E10	6.04E-8	2.49	1E10	1.12E-7	77	1E10	3.11E-7	3600	1E-30	1E10	1E10	1E-30	1E10	1E10	1E-30	1E10	1E10	1E-30	1E10	1E10	1E-30	1E10	1E10	1E-30	1E10	1E10	1E-30	1E10	1E10	1E-30	1E10	1E10	1E-30	1E10	1E10	1E-30	1E10	1E10
74	2.27E-14	1E-30	1E-10	1E10	6.73E-9	0.06	1E10	1E-30	25300	1E10	6.04E-8	2.49	1E10	1.12E-7	77	1E10	3.11E-7	3600	1E-30	1E10	1E10	1E-30	1E10	1E10	1E-30	1E10	1E10	1E-30	1E10	1E10	1E-30	1E10	1E10	1E-30	1E10	1E10	1E-30	1E10	1E10	1E-30	1E10	1E10	1E-30	1E10	1E10	1E-30	1E10	1E10
75	2.27E-14	1E-30	1E-10	1E10	6.73E-9	0.06	1E10	1E-30	25300	1E10	6.04E-8	2.49	1E10	1.12E-7	77	1E10	3.11E-7	3600	1E-30	1E10	1E10	1E-30	1E10	1E10	1E-30	1E10	1E10	1E-30	1E10	1E10	1E-30	1E10	1E10	1E-30	1E10	1E10	1E-30	1E10	1E10	1E-30	1E10	1E10	1E-30	1E10	1E10	1E-30	1E10	1E10
76	2.06E-14	1E-30	1E-10	1E10	6.21E-9	0.06	1E10	1E-30	14300	1E10	8.99E-8	53.3	1E10	6.1E-8	21500	1E-30	1E10	1E10	1E-30	1E10	1E10	1E-30	1E10	1E10	1E-30	1E10	1E10	1E-30	1E10	1E10	1E-30	1E10	1E10	1E-30	1E10	1E10	1E-30	1E10	1E10	1E-30	1E10	1E10	1E-30	1E10	1E10	1E-30	1E10	1E10
77	2.06E-14	1E-30	1E-10	1E10	6.21E-9	0.06	1E10	1E-30	14300	1E10	8.99E-8	53.3	1E10	6.1E-8	21500	1E-30	1E10	1E10	1E-30	1E10	1E10	1E-30	1E10	1E10	1E-30	1E10	1E10	1E-30	1E10	1E10	1E-30	1E10	1E10	1E-30	1E10	1E10	1E-30	1E10	1E10	1E-30	1E10	1E10	1E-30	1E10	1E10	1E-30	1E10	1E10
78	2.06E-14	1E-30	1E-10	1E10	6.21E-9	0.06	1E10	1E-30	14300	1E10	8.99E-8	53.3	1E10	6.1E-8	21500	1E-30	1E10	1E10	1E-30	1E10	1E10	1E-30	1E10	1E10	1E-30	1E10	1E10	1E-30	1E10	1E10	1E-30	1E10	1E10	1E-30	1E10	1E10	1E-30	1E10	1E10	1E-30	1E10	1E10	1E-30	1E10	1E10	1E-30	1E10	1E10
79	2.48E-14	1E-30	1E-10	1E10	6.21E-9	0.06	1E10	1E-30	14300	1E10	8.79E-8	75.3	1E10	1.93E-8	36500	1E-30	1E10	1E10	1E-30	1E10	1E10	1E-30	1E10	1E10	1E-30	1E10	1E10	1E-30	1E10	1E10	1E-30	1E10	1E10	1E-30	1E10	1E10	1E-30	1E10	1E10	1E-30	1E10	1E10	1E-30	1E10	1E10	1E-30	1E10	1E10
80	2.48E-14	1E-30	1E-10	1E10	6.21E-9	0.06	1E10	1E-30	14300	1E10	8.79E-8	75.3	1E10	1.93E-8	36500	1E-30	1E10	1E10	1E-30	1E10	1E10	1E-30	1E10	1E10	1E-30	1E10	1E10	1E-30	1E10	1E10	1E-30	1E10	1E10	1E-30	1E10	1E10	1E-30	1E10	1E10	1E-30	1E10	1E10	1E-30	1E10	1E10	1E-30	1E10	1E10
81	2.48E-14	1E-30	1E-10	1E10	6.21E-9	0.06	1E10	1E-30	14300	1E10	8.79E-8	75.3	1E10	1.93E-8	36500	1E-30	1E10	1E10	1E-30	1E10	1E10	1E-30	1E10	1E10	1E-30	1E10	1E10	1E-30	1E10	1E10	1E-30	1E10	1E10	1E-30	1E10	1E10	1E-30	1E10	1E10	1E-30	1E10	1E10	1E-30	1E10	1E10	1E-30	1E10	1E10
82	2.37E-14	1E-30	1E-10	1E10	6.5E-9	0.06	1E10	1E-30	14300	1E10	6.98E-8	23.8	1E10	2.72E-7	970	1E-30	1E10	1E10	1E-30	1E10	1E10	1E-30	1E10	1E10	1E-30	1E10	1E10	1E-30	1E10	1E10	1E-30	1E10	1E10	1E-30	1E10	1E10	1E-30	1E10	1E10	1E-30	1E10	1E10	1E-30	1E10	1E10	1E-30	1E10	1E10
83	2.37E-14	1E-30	1E-10	1E10	6.5E-9	0.06	1E10	1E-30	14300	1E10	6.98E-8	23.8	1E10	2.72E-7	970	1E-30	1E10	1E10	1E-30	1E10	1E10	1E-30	1E10	1E10	1E-30	1E10	1E10	1E-30	1E10	1E10	1E-30	1E10	1E10	1E-30	1E10	1E10	1E-30	1E10	1E10	1E-30	1E10	1E10	1E-30	1E10	1E10	1E-30	1E10	1E10
84	2.37E-14	1E-30	1E-10	1E10	6.5E-9	0.06	1E10	1E-30	14300	1E10	6.98E-8	23.8	1E10	2.72E-7	970	1E-30	1E10	1E10	1E-30	1E10	1E10	1E-30	1E10	1E10	1E-30	1E10	1E10	1E-30	1E10	1E10	1E-30	1E10	1E10	1E-30	1E10	1E10	1E-30	1E10	1E10	1E-30	1E10	1E10	1E-30	1E10	1E10	1E-30	1E10	1E10
85	2.66E-14	1E-30	1E-10	1E10	6.5E-9	0.06	1E10	1E-30	14300	1E10	7.83E-8	23.8	1E10	2.66E-7	970	1E-30	1E10	1E10	1E-30	1E10	1E10	1E-30	1E10	1E10	1E-30	1E10	1E10	1E-30	1E10	1E10	1E-30	1E10	1E10	1E-30	1E10	1E10	1E-30	1E10	1E10	1E-30	1E10	1E10	1E-30	1E10	1E10	1E-30	1E10	1E10
86	2.66E-14	1E-30	1E-10	1E10	6.5E-9	0.06	1E10	1E-30	14300	1E10	7.83E-8	23.8	1E10	2.66E-7	970	1E-30	1E10	1E10	1E-30	1E10	1E10	1E-30	1E10	1E10	1E-30	1E10	1E10	1E-30	1E10	1E10	1E-30	1E10	1E10	1E-30	1E10	1E10	1E-30	1E10	1E10	1E-30	1E10	1E10	1E-30	1E10	1E10	1E-30	1E10	1E10
87	2.66E-14	1E-30	1E-10	1E10	6.5E-9	0.06	1E10	1E-30	14300	1E10	7.83E-8	23.8	1E10	2.66E-7	970	1E-30	1E10	1E10	1E-30	1E10	1E10	1E-30	1E10	1E10	1E-30	1E10	1E10	1E-30	1E10	1E10	1E-30	1E10	1E10	1E-30	1E10	1E10	1E-30	1E10	1E10	1E-30	1E10	1E10	1E-30	1E10	1E10	1E-30	1E10	1E10
88	2.85E-14	1E-30	1E-10	1E10	6.65E-9	0.06	1E10	1E-30	14300	1E10	8.59E-8	23.8	1E10	2.54E-7	970	1E-30	1E10	1E10	1E-30	1E10	1E10	1E-30	1E10	1E10	1E-30	1E10	1E10	1E-30	1E10	1E10	1E-30	1E10	1E10	1E-30	1E10	1E10	1E-30	1E10	1E10	1E-30	1E10	1E10	1E-30	1E10	1E10	1E-30	1E10	1E10
89	2.85E-14	1E-30	1E-10	1E10	6.65E-9	0.06	1E10	1E-30	14300	1E10	8.59E-8	23.8	1E10	2.54E-7	970	1E-30	1E10	1E10	1E-30	1E10	1E10	1E-30	1E10	1E10	1E-30	1E10	1E10	1E-30	1E10	1E10	1E-30	1E10	1E10	1E-30	1E10	1E10	1E-30	1E10	1E10	1E-30	1E10	1E10	1E-30	1E10	1E10	1E-30	1E10	1E10
90	2.85E-14	1E-30	1E-10	1E10	6.65E-9	0.06	1E10	1E-30	14300	1E10	8.59E-8	23.8	1E10	2.54E-7	970	1E-30	1E10	1E10	1E-30	1E10	1E10	1E-30	1E10	1E10	1E-30	1E10	1E10	1E-30	1E10	1E10	1E-30	1E10	1E10	1E-30	1E10	1E10	1E-30	1E10	1E10	1E-30	1E10	1E10	1E-30	1E10	1E10	1E-30	1E10	1E10
91	3.17E-14	1E-30	1E-10	1E10	7.43E-9	0.06	1E10	1E-30	13800	1E10	6.15E-8	4.37	1E10	1.33E-7	85.4	1E10	3.97E-7	1950	1E-30	1E10	1E10	1E-30	1E10	1E10	1E-30	1E10	1E10	1E-30	1E10	1E10	1E-30	1E10	1E10	1E-30	1E10	1E10	1E-30	1E10	1E10	1E-30	1E10	1E10	1E-30	1E10	1E10	1E-30	1E10	1E10
92	3.17E-14	1E-30	1E-10	1E10	7.43E-9	0.06	1E10	1E-30	13800	1E10	6.15E-8	4.37	1E10	1.33E-7	85.4	1E10	3.97E-7	1950	1E-30	1E10	1E10	1E-30	1E10	1E10	1E-30	1E10	1E10	1E-30	1E10	1E10	1E-30	1E10	1E10	1E-30	1E10	1E10	1E-30	1E10	1E10	1E-30	1E10	1E10	1E-30	1E10	1E10	1E-30	1E10	1E10
93	3.17E-14	1E-30	1E-10	1E10	7.43E-9	0.06	1E10	1E-30	13800	1E10	6.15E-8	4.37	1E10	1.33E-7	85.4	1E10	3.97E-7	1950	1E-30	1E10	1E10	1E-30	1E10	1E10	1E-30	1E10	1E10	1E-30	1E10	1E10	1E-30	1E10	1E10	1E-30	1E10	1E10	1E-30	1E10	1E10	1E-30	1E10	1E10	1E-30	1E10	1E10	1E-30	1E10	1E10
94	4.84E-14	1E-30	1E-10	1E10	6.96E-9	0.09	1E10	1E-30	14300	1E10	1.22E-7	46.7	1E10	2.54E-7	1310	1E-30	1E10	1E10	1E-30	1E10	1E10	1E-30	1E10	1E10	1E-30	1E10	1E10	1E-30	1E10	1E10	1E-30	1E10	1E10	1E-30	1E10	1E10	1E-30	1E10	1E10	1E-30	1E10	1E10	1E-30	1E10	1E10	1E-30	1E10	1E10
95	4.84E-14	1E-30	1E-10	1E10	6.96E-9	0.09	1E10	1E-30	14300	1E10	1.22E-7	46.7	1E10	2.54E-7	1310	1E-30	1E10	1E10	1E-30	1E10	1E10	1E-30	1E10	1E10	1E-30	1E10	1E10	1E-30	1E10	1E10	1E-30	1E10	1E10	1E-30	1E10	1E10	1E-30	1E10	1E10	1E-30	1E10	1E10	1E-30	1E10	1E10	1E-30	1E10	1E10
96	4.84E-14	1E-30	1E-10	1E10	6.96E-9	0.09	1E10	1E-30	14300	1E10	1.22E-7	46.7	1E10	2.54E-7	1310	1E-30	1E10	1E10	1E-30	1E10	1E10	1E-30	1E10	1E10	1E-30	1E10	1E10	1E-30	1E10	1E10	1E-30	1E10	1E10	1E-30	1E10	1E10	1E-30	1E10	1E10	1E-30	1E10	1E10	1E-30	1E10	1E10	1E-30	1E10	1E10
97	4.84E-14	1E-30	1E-10	1E10	6.96E-9	0.09	1E10	1E-30	14300	1E10	1.19E-7	46.7	1E10	2.79E-7	1310	1E-30	1E10	1E10	1E-30	1E10	1E10	1E-30	1E10	1E10	1E-30	1E10	1E10	1E-30	1E10	1E10	1E-30	1E10	1E10	1E-30	1E10	1E10	1E-30	1E10	1E10	1E-30	1E10	1E10	1E-30	1E10	1E10	1E-30	1E10	1E10
98	4.84E-14	1E-30	1E-10	1E10	6.96E-9	0.09	1E10	1E-30	14300	1E10	1.19E-7	46.7	1E10	2.79E-7	1310	1E-30	1E10	1E10	1E-30	1E10	1E10	1E-30	1E10	1E10	1E-30	1E10	1E10	1E-30	1E10	1E10	1E-30	1E10	1E10	1E-30	1E10	1E10	1E-30	1E10	1E10	1E-30	1E10	1E10	1E-30	1E10	1E10	1E-30	1E10	1E10
99	4.84E-14	1E-30	1E-10	1E10	6.96E-9	0.09	1E10	1E-30	14300	1E10	1.19E-7	46.7	1E10	2.79E-7	1310	1E-30	1E10	1E10	1E-30	1E10	1E10	1E-30	1E10	1E10	1E-30	1E10	1E10	1E-30	1E10	1E10	1E-30	1E10	1E10	1E-30	1E10	1E10	1E-30	1E10	1E10	1E-30	1E10	1E10	1E-30	1E10	1E10	1E-30	1E10	1E10
100	4.73E-14	1E-30	1E-10	1E10	7.12E-9	0.09	1E10	1E-30	14300	1E10	1.22E-7	46.7	1E10	2.99E-7	1370	1E-30	1E10	1E10	1E-30	1E10	1E10	1E-30	1E10	1E10	1E-30	1E10	1E10	1E-30	1E10	1E10	1E-30	1E10	1E10	1E-30	1E10	1E10	1E-30	1E10	1E10	1E-30	1E10	1E10	1E-30	1E10	1E10	1E-30	1E10	1E10
101	4.73E-14	1E-30	1E-10	1E10	7.12E-9	0.09	1E10	1E-30	14300	1E10	1.22E-7	46.7	1E10	2.99E-7	1370	1E-30	1E10	1E10	1E-30	1E10	1E10	1E-30	1E10	1E10	1E-30	1E10	1E10	1E-30	1E10	1E10	1E-30	1E10	1E10	1E-30	1E10	1E10	1E-30	1E10	1E10	1E-30	1E10	1E10	1E-30	1E10	1E10	1E-30	1E10	1E10
102	4.73E-14	1E-30	1E-10	1E10	7.12E-9	0.09	1E10	1E-30	14300	1E10	1.22E-7	46.7	1E10	2.99E-7	1370	1E-30	1E10	1E10	1E-30	1E10	1E10	1E-30	1E10	1E10	1E-30	1E10	1E10	1E-30	1E10	1E10	1E-30	1E10	1E10	1E-30	1E10	1E10	1E-30	1E10	1E10	1E-30	1E10	1E10	1E-30	1E10	1E10	1E-30	1E10	1E10
103	4.95E-14	1E-30	1E-10	1E10	7.12E-9	0.09	1E10	1E-30	14300	1E10	1.19E-7	46.7	1E10	2.92E-7	1370	1E-30	1E10	1E10	1E-30	1E10	1E10	1E-30	1E10	1E10	1E-30	1E10	1E10	1E-30	1E10	1E10	1E-30	1E10	1E10	1E-30	1E10	1E10	1E-30	1E10	1E10	1E-30	1E10	1E10	1E-30	1E10	1E10	1E-30	1E10	1E10
104	4.95E-14	1E-30	1E-10	1E10	7.12E-9	0.09	1E10	1E-30	14300	1E10	1.19E-7	46.7	1E10	2.92E-7	1370	1E-30	1E10	1E10	1E-30	1E10	1E10	1E-30	1E10	1E10	1E-30	1E10	1E10	1E-30	1E10	1E10	1E-30	1E10	1E10	1E-30	1E10	1E10	1E-30	1E10	1E10	1E-30	1E10	1E10	1E-30	1E10	1E10	1E-30	1E10	1E10
105	4.95E-14	1E-30	1E-10	1E10	7.12E-9	0.09	1E10	1E-30	14300	1E10	1.19E-7	46.7	1E10	2.92E-7	1370	1E-30	1E10	1E10	1E-30	1E10	1E10	1E-30	1E10	1E10	1E-30	1E10	1E10	1E-30	1E10	1E10	1E-30	1E10	1E10	1E-30	1E10	1E10	1E-30	1E10	1E10	1E-30	1E10	1E10	1E-30	1E10	1E10	1E-30	1E10	1E10
106	2.83E-14	1E-30	1E-10	1E10	8.5E-9	0.09	1E10	1E-30	15200	1E10	4.93E-8	2.19	1E10	1.52E-7	130	1E10	5E-7	2600	1E-30	1E10	1E10	1E-30	1E10	1E10	1E-30	1E10	1E10	1E-30	1E10	1E10	1E-30	1E10	1E10	1E-30	1E10	1E10	1E-30	1E10	1E10	1E-30	1E10	1E10	1E-30	1E10	1E10	1E-30	1E10	1E10
107	2.83E-14	1E-30	1E-10	1E10	8.5E-9	0.09	1E10	1E-30	15200	1E10	4.93E-8	2.19	1E10	1.52E-7	130	1E10	5E-7	2600	1E-30	1E10	1E10	1E-30	1E10	1E10	1E-30	1E10	1E10	1E-30	1E10	1E10	1E-30	1E10	1E10	1E-30	1E10	1E10	1E-30	1E10	1E10	1E-30	1E10	1E10	1E-30	1E10	1E10	1E-30	1E10	1E10
108	2.83E-14	1E-30	1E-10	1E10	8.5E-9	0.09	1E10	1E-30	15200	1E10	4.93E-8	2.19	1E10	1.52E-7	130	1E10	5E-7	2600	1E-30	1E10	1E10	1E-30	1E10	1E10	1E-30	1E10	1E10	1E-30	1E10	1E10	1E-30	1E10	1E10	1E-30	1E10	1E10	1E-30	1E10	1E10	1E-30	1E10	1E10	1E-30	1E10	1E10	1E-30	1E10	1E10
109	3.76E-14	1E-30	1E-10	1E10	8.73E-9	0.09	1E10	1E-30	15500	1E10	5E-8	2.19	1E10	1.42E-7	88.1	1E10	4.09E-7	1340	1E-30	1E10	1E10	1E-30	1E10	1E10	1E-30	1E10	1E10	1E-30	1E10	1E10	1E-30	1E10	1E10	1E-30	1E10	1E10	1E-30	1E10	1E10	1E-30	1E10	1E10	1E-30	1E10	1E10	1E-30	1E10	1E10
110	3.76E-14	1E-30	1E-10	1E10	8.73E-9	0.09	1E10	1E-30	15500	1E10	5E-8	2.19	1E10	1.42E-7	88.1	1E10	4.09E-7	1340	1E-30	1E10	1E10	1E-30	1E10	1E10	1E-30	1E10	1E10	1E-30	1E10	1E10	1E-30	1E10	1E10	1E-30	1E10	1E10	1E-30	1E10	1E10	1E-30	1E10	1E10	1E-30	1E10	1E10	1E-30	1E10	1E10
111	3.76E-14	1E-30	1E-10	1E10	8.73E-9	0.09	1E10	1E-30	15500	1E10	5E-8	2.19	1E10	1.42E-7	88.1	1E10	4.09E-7	1340	1E-30	1E10	1E10	1E-30	1E10	1E10	1E-30	1E10	1E10	1E-30	1E10	1E10	1E-30	1E10	1E10	1E-30	1E10	1E10	1E-30	1E10	1E10	1E-30	1E10	1E10	1E-30	1E10	1E10	1E-30	1E10	1E10
112	1.66E-14	1E-30	1E-10	1E10	8.91E-9	0.1	1E10	1E-30	35100	1E10	1.04E-7	2.49	1E10	1.46E-7	91.4	1E10	4.68E-7	3030	1E-30	1E10	1E10	1E-30	1E10	1E10	1E-30	1E10	1E10	1E-30	1E10	1E10	1E-30	1E10	1E10	1E-30	1E10	1E10	1E-30	1E10	1E10	1E-30	1E10	1E10	1E-30	1E10	1E10	1E-30	1E10	1E10
113	1.66E-14	1E-30	1E-10	1E10	8.91E-9	0.1	1E10	1E-30	35100	1E10	1.04E-7	2.49	1E10	1.46E-7	91.4	1E10	4.68E-7	3030	1E-30	1E10	1E10	1E-30	1E10	1E10	1E-30	1E10	1E10	1E-30	1E10	1E10	1E-30	1E10	1E10	1E-30	1E10	1E10	1E-30	1E10	1E10	1E-30	1E10	1E10	1E-30	1E10	1E10	1E-30	1E10	1E10
114	1.66E-14	1E-30	1E-10	1E10	8.91E-9	0.1	1E10	1E-30	35100	1E10	1.04E-7	2.49	1E10	1.46E-7	91.4	1E10	4.68E-7	3030	1E-30	1E10	1E10	1E-30	1E10	1E10	1E-30	1E10	1E10	1E-30	1E10	1E10	1E-30	1E10	1E10	1E-30	1E10	1E10	1E-30	1E10	1E10	1E-30	1E10	1E10	1E-30	1E10	1E10	1E-30	1E10	1E10
115	3.59E-14	1E-30	1E-10	1E10	8.56E-9	0.1	1E10	1E-30	14300	1E10	1.43E-7	46.7	1E10	3.43E-7	1430	1E-30	1E10	1E10	1E-30	1E10	1E10	1E-30	1E10	1E10	1E-30	1E10	1E10	1E-30	1E10	1E10	1E-30	1E10	1E10	1E-30	1E10	1E10	1E-30	1E10	1E10	1E-30	1E10	1E10	1E-30	1E10	1E10	1E-30	1E10	1E10
116	3.59E-14	1E-30	1E-10	1E10	8.56E-9	0.1	1E10	1E-30	14300	1E10	1.43E-7	46.7	1E10	3.43E-7	1430	1E-30	1E10	1E10	1E-30	1E10	1E10	1E-30	1E10	1E10	1E-30	1E10	1E10	1E-30	1E10	1E10	1E-30	1E10	1E10	1E-30	1E10	1E10	1E-30	1E10	1E10	1E-30	1E10	1E10	1E-30	1E10	1E10	1E-30	1E10	1E10
117	3.59E-14	1E-30	1E-10	1E10	8.56E-9	0.1	1E10	1E-30	14300	1E10	1.43E-7	46.7	1E10	3.43E-7	1430	1E-30	1E10	1E10	1E-30	1E10	1E10	1E-30	1E10	1E10	1E-30	1E10	1E10	1E-30	1E10	1E10	1E-30	1E10	1E10	1E-30	1E10	1E10	1E-30	1E10	1E10	1E-30	1E10	1E10	1E-30	1E10	1E10	1E-30	1E10	1E10
118	2.4E-14	1E-30	1E-10	1E10	9.79E-9	0.1	1E10	1E-30	15800	1E10	9.51E-8	4.3	1E10	1.97E-7	135	1E10	7.82E-7	3140	1E-30	1E10	1E10	1E-30	1E10	1E10	1E-30	1E10	1E10	1E-30	1E10	1E10	1E-30	1E10	1E10	1E-30	1E10	1E10	1E-30	1E10	1E10	1E-30	1E10	1E10	1E-30	1E10	1E10	1E-30	1E10	1E10
119	2.4E-14	1E-30	1E-10	1E10	9.79E-9	0.1	1E10	1E-30	15800	1E10	9.51E-8	4.3	1E10	1.97E-7	135	1E10	7.82E-7	3140	1E-30	1E10	1E10	1E-30	1E10	1E10	1E-30	1E10	1E10	1E-30	1E10	1E10	1E-30	1E10	1E10	1E-30	1E10	1E10	1E-30	1E10	1E10	1E-30	1E10	1E10	1E-30	1E10	1E10	1E-30	1E10	1E10
120	2.4E-14	1E-30	1E-10	1E10	9.79E-9	0.1	1E10	1E-30	15800	1E10	9.51E-8	4.3	1E10	1.97E-7	135	1E10	7.82E-7	3140	1E-30	1E10	1E10	1E-30	1E10	1E10	1E-30	1E10	1E10	1E-30	1E10	1E10	1E-30	1E10	1E10	1E-30	1E10	1E10	1E-30	1E10	1E10	1E-30	1E10	1E10	1E-30	1E10	1E10	1E-30	1E10	1E10
121	3.59E-14	1E-30	1E-10	1E10	8.76E-9	0.1	1E10	1E-30	14300	1E10	1.33E-7	46.7	1E10	3.85E-7	1430	1E-30	1E10	1E10	1E-30	1E10	1E10	1E-30	1E10	1E10	1E-30	1E10	1E10	1E-30	1E10	1E10	1E-30	1E10	1E10	1E-30	1E10	1E10	1E-30	1E10	1E10	1E-30	1E10	1E10	1E-30	1E10	1E10	1E-30	1E10	1E10
122	3.59E-14	1E-30	1E-10	1E10	8.76E-9	0.1	1E10	1E-30	14300	1E10	1.33E-7	46.7	1E10	3.85E-7	1430	1E-30	1E10	1E10	1E-30	1E10	1E10	1E-30	1E10	1E10	1E-30	1E10	1E10	1E-30	1E10	1E10	1E-30	1E10	1E10	1E-30	1E10	1E10	1E-30	1E10	1E10	1E-30	1E10	1E10	1E-30	1E10	1E10	1E-30	1E10	1E10
123	3.59E-14	1E-30	1E-10	1E10	8.76E-9	0.1	1E10	1E-30	14300	1E10	1.33E-7	46.7	1E10	3.85E-7	1430	1E-30	1E10	1E10	1E-30	1E10	1E10	1E-30	1E10	1E10	1E-30	1E10	1E10	1E-30	1E10	1E10	1E-30	1E10	1E10	1E-30	1E10	1E10	1E-30	1E10	1E10	1E-30	1E10	1E10	1E-30	1E10	1E10	1E-30	1E10	1E10
124	3.85E-14	1E-30	1E-10	1E10	8.96E-9	0.1	1E10	1E-30	14300	1E10	1.33E-7	46.7	1E10	3.85E-7	1430	1E-30	1E10	1E10	1E-30	1E10	1E10	1E-30	1E10	1E10	1E-30	1E10	1E10	1E-30	1E10	1E10	1E-30	1E10	1E10	1E-30	1E10	1E10	1E-30	1E10	1E10	1E-30	1E10	1E10	1E-30	1E10	1E10	1E-30	1E10	1E10
125	3.85E-14	1E-30	1E-10	1E10	8.96E-9	0.1	1E10	1E-30	14300	1E10	1.33E-7	46.7	1E10	3.85E-7	1430	1E-30	1E10	1E10	1E-30	1E10	1E10	1E-30	1E10	1E10	1E-30	1E10	1E10	1E-30	1E10	1E10	1E-30	1E10	1E10	1E-30	1E10	1E10	1E-30	1E10	1E10	1E-30	1E10	1E10	1E-30	1E10	1E10	1E-30	1E10	1E10
126	3.85E-14	1E-30	1E-10	1E10	8.96E-9	0.1	1E10	1E-30	14300	1E10	1.33E-7	46.7	1E10	3.85E-7	1430	1E-30	1E10	1E10	1E-30	1E10	1E10	1E-30	1E10	1E10	1E-30	1E10	1E10	1E-30	1E10	1E10	1E-30	1E10	1E10	1E-30	1E10	1E10	1E-30	1E10	1E10	1E-30	1E10	1E10	1E-30	1E10	1E10	1E-30	1E10	1E10
127	4.22E-14	1E-30	1E-10	1E10	8.96E-9	0.1	1E10	1E-30	14300	1E10	1.33E-7	46.7	1E10	3.85E-7	1430	1E-30	1E10	1E10	1E-30	1E10	1E10	1E-30	1E10	1E10	1E-30	1E10	1E10	1E-30	1E10	1E10	1E-30	1E10	1E10	1E-30	1E10	1E10	1E-30	1E10	1E10	1E-30	1E10	1E10	1E-30	1E10	1E10	1E-30	1E10	1E10
128	4.22E-14	1E-30	1E-10	1E10	8.96E-9	0.1	1E10	1E-30	14300	1E10	1.33E-7	46.7	1E10	3.85E-7	1430	1E-30	1E10	1E10	1E-30	1E10	1E10	1E-30	1E10	1E10	1E-30	1E10	1E10	1E-30	1E10	1E10	1E-30	1E10	1E10	1E-30	1E10	1E10	1E-30	1E10	1E10	1E-30	1E10	1E10	1E-30	1E10	1E10	1E-30	1E10	1E10
129	4.22E-14	1E-30	1E-10	1E10	8.96E-9	0.1	1E10	1E-30	14300	1E10	1.33E-7	46.7	1E10	3.85E-7	1430	1E-30	1E10	1E10	1E-30	1E10	1E10	1E-30	1E10	1E10	1E-30	1E10	1E10	1E-30	1E10	1E10	1E-30	1E10	1E10	1E-30	1E10	1E10	1E-30	1E10	1E10	1E-30	1E10	1E10	1E-30	1E10	1E10	1E-30	1E10	1E10
130	2.42E-14	1E-30	1E-10	1E10	9.53E-9	0.1	1E10	1E-30	18700	1E10	1.14E-5	4.86	1E10	2.03E-7	127	1E10	5.57E-7	2760	1E-30	1E10	1E10	1E-30	1E10	1E10	1E-30	1E10	1E10	1E-30	1E10	1E10	1E-30	1E10	1E10	1E-30	1E10	1E10	1E-30	1E10	1E10	1E-30	1E10	1E10	1E-30	1E10	1E10	1E-30	1E10	1E10
131	2.42E-14	1E-30	1E-10	1E10	9.53E-9	0.1	1E10	1E-30	18700	1E10	1.14E-5	4.86	1E10	2.03E-7	127	1E10	5.57E-7	2760	1E-30	1E10	1E10	1E-30	1E10	1E10	1E-30	1E10	1E10	1E-30	1E10	1E10	1E-30	1E10	1E10	1E-30	1E10	1E10	1E-30	1E10	1E10	1E-30	1E10	1E10	1E-30	1E10	1E10	1E-30	1E10	1E10
132	2.42E-14	1E-30	1E-10	1E10	9.53E-9	0.1	1E10	1E-30	18700	1E10	1.14E-5	4.86	1E10	2.03E-7	127	1E10	5.57E-7	2760	1E-30	1E10	1E10	1E-30	1E10	1E10	1E-30	1E10	1E10	1E-30	1E10	1E10	1E-30	1E10	1E10	1E-30	1E10	1E10	1E-30	1E10	1E10	1E-30	1E10	1E10	1E-30	1E10	1E10	1E-30	1E10	1E10
133	4.03E-14	1E-30	1E-10	1E10	9.17E-9	0.1	1E10	1E-30	14300	1E10	1.49E-7	46.7	1E10	3.85E-7	1430	1E-30	1E10	1E10	1E-30	1E10	1E10	1E-30	1E10	1E10	1E-30	1E10	1E10	1E-30	1E10	1E10	1E-30	1E10	1E10	1E-30	1E10	1E10	1E-30	1E10	1E10	1E-30	1E10	1E10	1E-30	1E10	1E10	1E-30	1E10	1E10
134	4.03E-14	1E-30	1E-10	1E10	9.17E-9	0.1	1E10	1E-30	14300	1E10	1.49E-7	46.7	1E10	3.85E-7	1430	1E-30	1E10	1E10	1E-30	1E10	1E10	1E-30	1E10	1E10	1E-30	1E10	1E10	1E-30	1E10	1E10	1E-30	1E10	1E10	1E-30	1E10	1E10	1E-30	1E10	1E10	1E-30	1E10	1E10	1E-30	1E10	1E10	1E-30	1E10	1E10
135	4.03E-14	1E-30	1E-10	1E10	9.17E-9	0.1	1E10	1E-30	14300	1E10	1.49E-7	46.7	1E10	3.85E-7	1430	1E-30	1E10	1E10	1E-30	1E10	1E10	1E-30	1E10	1E10	1E-30	1E10	1E10	1E-30	1E10	1E10	1E-30	1E10	1E10	1E-30	1E10	1E10	1E-30	1E10	1E10	1E-30	1E10	1E10	1E-30	1E10	1E10	1E-30	1E10	1E10
136	4.03E-14	1E-30	1E-10	1E10	9.6E-9	0.1	1E10	1E-30	14300	1E10	1.49E-7	46.7	1E10	3.85E-7	1430	1E-30	1E10	1E10	1E-30	1E10	1E10	1E-30	1E10	1E10	1E-30	1E10	1E10	1E-30	1E10	1E10	1E-30	1E10	1E10	1E-30	1E10	1E10	1E-30	1E10	1E10	1E-30	1E10	1E10	1E-30	1E10	1E10	1E-30	1E10	1E10
137	4.03E-14	1E-30	1E-10	1E10	9.6E-9	0.1	1E10	1E-30	14300	1E10	1.49E-7	46.7	1E10	3.85E-7	1430	1E-30	1E10	1E10	1E-30	1E10	1E10	1E-30	1E10	1E10	1E-30	1E10	1E10	1E-30	1E10	1E10	1E-30	1E10	1E10	1E-30	1E10	1E10	1E-30	1E10	1E10	1E-30	1E10	1E10	1E-30	1E10	1E10	1E-30	1E10	1E10
138	4.03E-14	1E-30	1E-10	1E10	9.6E-9	0.1	1E10	1E-30	14300	1E10	1.49E-7	46.7	1E10	3.85E-7	1430	1E-30	1E10	1E10	1E-30	1E10	1E10	1E-30	1E10	1E10	1E-30	1E10	1E10	1E-30	1E10	1E10	1E-30	1E10	1E10	1E-30	1E10	1E10	1E-30	1E10	1E10	1E-30	1E10	1E10	1E-30	1E10	1E10	1E-30	1E10	1E10
139	3.85E-14	1E-30	1E-10	1E10	9.6E-9	0.1	1E10	1E-30	14300	1E10	1.49E-7	46.7	1E10	3.85E-7	1430	1E-30	1E10	1E10	1E-30	1E10	1E10	1E-30	1E10	1E10	1E-30	1E10	1E10	1E-30	1E10	1E10	1E-30	1E10	1E10	1E-30	1E10	1E10	1E-30	1E10	1E10	1E-30	1E10	1E10	1E-30	1E10	1E10	1E-30	1E10	1E10
140	3.85E-14	1E-30	1E-10	1E10	9.6E-9	0.1	1E10	1E-30	14300	1E10	1.49E-7	46.7	1E10	3.85E-7	1430	1E-30	1E10	1E10	1E-30	1E10	1E10	1E-30	1E10	1E10	1E-30	1E10	1E10	1E-30	1E10	1E10	1E-30	1E10	1E10	1E-30	1E10	1E10	1E-30	1E10	1E10	1E-30	1E10	1E10	1E-30	1E10	1E10	1E-30	1E10	1E10
141	3.85E-14	1E-30	1E-10	1E10	9.6E-9	0.1	1E10	1E-30	14300	1E10	1.49E-7	46.7	1E10	3.85E-7	1430	1E-30	1E10	1E10	1E-30	1E10	1E10	1E-30	1E10	1E10	1E-30	1E10	1E10	1E-30	1E10	1E10	1E-30	1E10	1E10	1E-30	1E10	1E10	1E-30	1E10	1E10	1E-30	1E10	1E10	1E-30	1E10	1E10	1E-30	1E10	1E10
142	2.78E-14	1E-30	1E-10	1E10	9.53E-9	0.1	1E10	1E-30	18700	1E10	1.17E-5	4.86	1E10	2.08E-7	127	1E10	7.01E-7	2760	1E-30	1E10	1E10	1E-30	1E10	1E10	1E-30	1E10	1E10	1E-30	1E10	1E10	1E-30	1E10	1E10	1E-30	1E10	1E10	1E-30	1E10	1E10	1E-30	1E10	1E10	1E-30	1E10	1E10	1E-30	1E10	1E10
143	2.78E-14	1E-30	1E-10	1E10	9.53E-9	0.1	1E10	1E-30	18700	1E10	1.17E-5	4.86	1E10	2.08E-7	127	1E10	7.01E-7	2760	1E-30	1E10	1E10	1E-30	1E10	1E10	1E-30	1E10	1E10	1E-30	1E10	1E10	1E-30	1E10	1E10	1E-30	1E10	1E10	1E-30	1E10	1E10	1E-30	1E10	1E10	1E-30	1E10	1E10	1E-30	1E10	1E10
144	2.78E-14	1E-30	1E-10	1E10	9.53E-9	0.1	1E10	1E-30	18700	1E10	1.17E-5	4.86	1E10	2.08E-7	127	1E10	7.01E-7	2760	1E-30	1E10	1E10	1E-30	1E10	1E10	1E-30	1E10	1E10	1E-30	1E10	1E10	1E-30	1E10	1E10	1E-30	1E10	1E10	1E-30	1E10	1E10	1E-30	1E10	1E10	1E-30	1E10	1E10	1E-30	1E10	1E10
145	4.42E-14	1E-30	1E-10	1E10	9.6E-9	0.1	1E10	1E-30	14300	1E10	1.49E-7	46.7	1E10	3.85E-7	1430	1E-30	1E10	1E10	1E-30	1E10	1E10	1E-30	1E10	1E10	1E-30	1E10	1E10	1E-30	1E10	1E10	1E-30	1E10	1E10	1E-30	1E10	1E10	1E-30	1E10	1E10	1E-30	1E10	1E10	1E-30	1E10	1E10	1E-30	1E10	1E10
146	4.42E-14	1E-30	1E-10	1E10	9.6E-9	0.1	1E10	1E-30	14300	1E10	1.49E-7	46.7	1E10	3.85E-7	1430	1E-30	1E10	1E10	1E-30	1E10	1E10	1E-30	1E10	1E10	1E-30	1E10	1E10	1E-30	1E10	1E10	1E-30	1E10	1E10	1E-30	1E10	1E10	1E-30	1E10	1E10	1E-30	1E10	1E10	1E-30	1E10	1E10	1E-30	1E10	1E10
147	4.42E-14	1E-30	1E-10	1E10	9.6E-9	0.1	1E10	1E-30	14300	1E10	1.49E-7	46.7	1E10	3.85E-7	1430	1E-30	1E10	1E10	1E-30	1E10	1E10	1E-30	1E10	1E10	1E-30	1E10	1E10	1E-30	1E10	1E10	1E-30	1E10	1E10	1E-30	1E10	1E10	1E-30	1E10	1E10	1E-30	1E10	1E10	1E-30	1E10	1E10	1E-30	1E10	1E10
148	4.85E-14	1E-30	1E-10	1E10	9.6E-9	0.1	1E10	1E-30	14300	1E10	1.49E-7	46.7	1E10	3.85E-7	1430	1E-30	1E10	1E10	1E-30	1E10	1E10	1E-30	1E10	1E10	1E-30	1E10	1E10	1E-30	1E10	1E10	1E-30	1E10	1E10	1E-30	1E10	1E10	1E-30	1E10	1E10	1E-30	1E10	1E10	1E-30	1E10	1E10	1E-30	1E10	1E10
149	4.85E-14	1E-30	1E-10	1E10	9.6E-9	0.1	1E10	1E-30	14300	1E10	1.49E-7	46.7	1E10	3.85E-7	1430	1E-30	1E10	1E10	1E-30	1E10	1E10	1E-30	1E10	1E10	1E-30	1E10	1E10	1E-30	1E10	1E10	1E-30	1E10	1E10	1E-30	1E10	1E10	1E-30	1E10	1E10	1E-30	1E10	1E10	1E-30	1E10	1E10	1E-30	1E10	1E10
150	4.85E-14	1E-30	1E-10	1E10	9.6E-9	0.1	1E10	1E-30	14300	1E10	1.49E-7	46.7	1E10	3.85E-7	1430	1E-30	1E10	1E10	1E-30	1E10	1E10	1E-30	1E10	1E10	1E-30	1E10	1E10	1E-30	1E10	1E10	1E-30	1E10	1E10	1E-30	1E10	1E10	1E-30	1E10	1E10	1E-30	1E10	1E10	1E-30	1E10	1E10	1E-30	1E10	1E10
151	5.08E-14	1E-30	1E-10	1E10	1.01E-8	0.1	1E10	1E-30	14300	1E10	1.49E-7	46.7	1E10	3.85E-7	1430	1E-30	1E10	1E10	1E-30	1E10	1E10	1E-30	1E10	1E10	1E-30	1E10	1E10	1E-30	1E10	1E10	1E-30	1E10	1E10	1E-30	1E10	1E10	1E-30	1E10	1E10	1E-30	1E10	1E10	1E-30	1E10	1E10	1E-30	1E10	1E10
152	5.08E-14	1E-30	1E-10	1E10	1.01E-8	0.1	1E10	1E-30	14300	1E10	1.49E-7	46.7	1E10	3.85E-7	1430	1E-30	1E10	1E10	1E-30	1E10	1E10	1E-30	1E10	1E10	1E-30	1E10	1E10	1E-30	1E10	1E10	1E-30	1E10	1E10	1E-30	1E10	1E10	1E-30	1E10	1E10	1E-30	1E10	1E10	1E-30	1E10	1E10	1E-30	1E10	1E10
153	5.08E-14	1E-30	1E-10	1E10	1.01E-8	0.1	1E10	1E-30	14300	1E10	1.49E-7	46.7	1E10	3.85E-7	1430	1E-30	1E10	1E10	1E-30	1E10	1E10	1E-30	1E10	1E10	1E-30	1E10	1E10	1E-30	1E10	1E10	1E-30	1E10	1E10	1E-30	1E10	1E10	1E-30	1E10	1E10	1E-30	1E10	1E10	1E-30	1E10	1E10	1E-30	1E10	1E10
154	4.74E-14	1E-30	1E-10	1E10	1.01E-8	0.1	1E10	1E-30	14300	1E10	1.56E-7	46.7	1E10	4.13E-7	1430	1E-30	1E10	1E10	1E-30	1E10	1E10	1E-30	1E10	1E10	1E-30	1E10	1E10	1E-30	1E10	1E10	1E-30	1E10	1E10	1E-30	1E10	1E10	1E-30	1E10	1E10	1E-30	1E10	1E10	1E-30	1E10	1E10	1E-30	1E10	1E10
155	4.74E-14	1E-30	1E-10	1E10	1.01E-8	0.1	1E10	1E-30	14300	1E10	1.56E-7	46.7	1E10	4.13E-7	1430	1E-30	1E10	1E10	1E-30	1E10	1E10	1E-30	1E10	1E10	1E-30	1E10	1E10	1E-30	1E10	1E10	1E-30	1E10	1E10	1E-30	1E10	1E10	1E-30	1E10	1E10	1E-30	1E10	1E10	1E-30	1E10	1E10	1E-30	1E10	1E10
156	4.74E-14	1E-30	1E-10	1E10	1.01E-8	0.1	1E10	1E-30	14300	1E10	1.56E-7	46.7	1E10	4.13E-7	1430	1E-30	1E10	1E10	1E-30	1E10	1E10	1E-30	1E10	1E10	1E-30	1E10	1E10	1E-30	1E10	1E10	1E-30	1E10	1E10	1E-30	1E10	1E10	1E-30	1E10	1E10	1E-30	1E10	1E10	1E-30	1E10	1E10	1E-30	1E10	1E10
157	2.91E-14	1E-30	1E-10	1E10	1.2E-8	0.12	1E10	1E-30	18700	1E10	7.98E-8	3.16	1E10	2.51E-7	122	1E10	4.84E-7	2440	1E-30	1E10	1E10	1E-30	1E10	1E10	1E-30	1E10	1E10	1E-30	1E10	1E10	1E-30	1E10	1E10	1E-30	1E10	1E10	1E-30	1E10	1E10	1E-30	1E10	1E10	1E-30	1E10	1E10	1E-30	1E10	1E10
158	2.91E-14	1E-30	1E-10	1E10	1.2E-8	0.12	1E10	1E-30	18700	1E10	7.98E-8	3.16	1E10	2.51E-7	122	1E10	4.84E-7	2440	1E-30	1E10	1E10	1E-30	1E10	1E10	1E-30	1E10	1E10	1E-30	1E10	1E10	1E-30	1E10	1E10	1E-30	1E10	1E10	1E-30	1E10	1E10	1E-30	1E10	1E10	1E-30	1E10	1E10	1E-30	1E10	1E10
159	2.91E-14	1E-30	1E-10	1E10	1.2E-8	0.12	1E10	1E-30	18700	1E10	7.98E-8	3.16	1E10	2.51E-7	122	1E10	4.84E-7	2440	1E-30	1E10	1E10	1E-30	1E10	1E10	1E-30	1E10	1E10	1E-30	1E10	1E10	1E-30	1E10	1E10	1E-30	1E10	1E10	1E-30	1E10	1E10	1E-30	1E10	1E10	1E-30	1E10	1E10	1E-30	1E10	1E10
160	1.98E-14	1E-30	1E-10	1E10	1.26E-8	0.1	1E10	1E-30	20500	1E10	7.72E-8	4.32	1E10	2.5E-7	165	1E10	6.07E-7	3740	2.13E-15	6.27E-8	105	1E-30	1E10	1E10	1E-30	1E10	1E10	1E-30	1E10	1E10	1E-30	1E10	1E10	1E-30	1E10	1E10	1E-30	1E10	1E10	1E-30	1E10	1E10	1E-30	1E10	1E10	1E-30	1E10	1E10
161	1.98E-14	1E-30	1E-10	1E10	1.26E-8	0.1	1E10	1E-30	20500	1E10	7.72E-8	4.32	1E10	2.5E-7	165	1E10	6.07E-7	3740	2.13E-15	6.27E-8	105	1E-30	1E10	1E10	1E-30	1E10	1E10	1E-30	1E10	1E10	1E-30	1E10	1E10	1E-30	1E10	1E10	1E-30	1E10	1E10	1E-30	1E10	1E10	1E-30	1E10	1E10	1E-30	1E10	1E10
162	1.98E-14	1E-30	1E-10	1E10	1.26E-8	0.1	1E10	1E-30	20500	1E10	7.72E-8	4.32	1E10	2.5E-7	165	1E10	6.07E-7	3740	2.13E-15	6.27E-8	105	1E-30	1E10	1E10	1E-30	1E10	1E10	1E-30	1E10	1E10	1E-30	1E10	1E10	1E-30	1E10	1E10	1E-30	1E10	1E10	1E-30	1E10	1E10	1E-30	1E10	1E10	1E-30	1E10	1E10
163	2.66E-14	1E-30	1E-10	1E10	1.4E-8	0.1	1E10	1E-30	32E3	1E10	8.08E-8	4.85	1E10	2.99E-7	225	1E10	7.11E-7	5610	1.38E-15	9.29E-8	1960	1E-30	1E10	1E10	1E-30	1E10	1E10	1E-30	1E10	1E10	1E-30	1E10	1E10	1E-30	1E10	1E10	1E-30	1E10	1E10	1E-30	1E10	1E10	1E-30	1E10	1E10	1E-30	1E10	1E10
164	2.66E-14	1E-30	1E-10	1E10	1.4E-8	0.1	1E10	1E-30	32E3	1E10	8.08E-8	4.85	1E10	2.99E-7	225	1E10	7.11E-7	5610	1.38E-15	9.29E-8	1960	1E-30	1E10	1E10	1E-30	1E10	1E10	1E-30	1E10	1E10	1E-30	1E10	1E10	1E-30	1E10	1E10	1E-30	1E10	1E10	1E-30	1E10	1E10	1E-30	1E10	1E10	1E-30	1E10	1E10
165	2.66E-14	1E-30	1E-10	1E10	1.4E-8	0.1	1E10	1E-30	32E3	1E10	8.08E-8	4.85	1E10	2.99E-7	225	1E10	7.11E-7	5610	1.38E-15	9.29E-8	1960	1E-30	1E10	1E10	1E-30	1E10	1E10	1E-30	1E10	1E10	1E-30	1E10	1E10	1E-30	1E10	1E10	1E-30	1E10	1E10	1E-30	1E10	1E10	1E-30	1E10	1E10	1E-30	1E10	1E10
166	2.3E-14	1E-30	1E-10	1E10	1.5E-8	0.15	1E10	1E-30	37500	1E10	1.06E-7	4.21	1E10	2.76E-7	183	1E10	7.22E-7	5840	2.84E-15	5.1E-8	1100	1E-30	1E10	1E10	1E-30	1E10	1E10	1E-30	1E10	1E10	1E-30	1E10	1E10	1E-30	1E10	1E10	1E-30	1E10	1E10	1E-30	1E10	1E10	1E-30	1E10	1E10	1E-30	1E10	1E10
167	2.3E-14	1E-30	1E-10	1E10	1.5E-8	0.15	1E10	1E-30	37500	1E10	1.06E-7	4.21	1E10	2.76E-7	183	1E10	7.22E-7	5840	2.84E-15	5.1E-8	1100	1E-30	1E10	1E10	1E-30	1E10	1E10	1E-30	1E10	1E10	1E-30	1E10	1E10	1E-30	1E10	1E10	1E-30	1E10	1E10	1E-30	1E10	1E10	1E-30	1E10	1E10	1E-30	1E10	1E10
168	2.3E-14	1E-30	1E-10	1E10	1.5E-8	0.15	1E10	1E-30	37500	1E10	1.06E-7	4.21	1E10	2.76E-7	183	1E10	7.22E-7	5840	2.84E-15	5.1E-8	1100	1E-30	1E10	1E10	1E-30	1E10	1E10	1E-30	1E10	1E10	1E-30	1E10	1E10	1E-30	1E10	1E10	1E-30	1E10	1E10	1E-30	1E10	1E10	1E-30	1E10	1E10	1E-30	1E10	1E10
169	2.58E-14	1E-30	1E-10	1E10	1.72E-8	0.11	1E10	1E-30	35200	1E10	1.28E-7	7.55	1E10	3.19E-7	215	1E10	7.59E-7	4650	3.19E-15	2.12E-8	446	1E-30	1E10	1E10	1E-30	1E10	1E10	1E-30	1E10	1E10	1E-30	1E10	1E10	1E-30	1E10	1E10	1E-30	1E10	1E10	1E-30	1E10	1E10	1E-30	1E10	1E10	1E-30	1E10	1E10
170	2.58E-14	1E-30	1E-10	1E10	1.72E-8	0.11	1E10	1E-30	35200	1E10	1.28E-7	7.55	1E10	3.19E-7	215	1E10	7.59E-7	4650	3.19E-15	2.12E-8	446	1E-30	1E10	1E10	1E-30	1E10	1E10	1E-30	1E10	1E10	1E-30	1E10	1E10	1E-30	1E10	1E10	1E-30	1E10	1E10	1E-30	1E10	1E10	1E-30	1E10	1E10	1E-30	1E10	1E10
171	2.58E-14	1E-30	1E-10	1E10	1.72E-8	0.11	1E10	1E-30	35200	1E10	1.28E-7	7.55	1E10	3.19E-7	215	1E10	7.59E-7	4650	3.19E-15	2.12E-8	446	1E-30	1E10	1E10	1E-30	1E10	1E10	1E-30	1E10	1E10	1E-30	1E10	1E10	1E-30	1E10	1E10	1E-30	1E10	1E10	1E-30	1E10	1E10	1E-30	1E10	1E10	1E-30	1E10	1E10
172	2.36E-14	1E-30	1E-10	1E10	1.81E-8	0.17	1E10	1E-30	41600	1E10	1.84E-7	5.96	1E10	3.25E-7	157	1E10	6.6E-7	3220	1.68E-15	2.96E-8	237	1E-30	1E10	1E10	1E-30	1E10	1E10	1E-30	1E10	1E10	1E-30	1E10	1E10	1E-30	1E10	1E10	1E-30	1E10	1E10	1E-30	1E10	1E10	1E-30	1E10	1E10	1E-30	1E10	1E10
173	2.36E-14	1E-30	1E-10	1E10	1.81E-8	0.17	1E10	1E-30	41600	1E10	1.84E-7	5.96	1E10	3.25E-7	157	1E10	6.6E-7	3220	1.68E-15	2.96E-8	237	1E-30	1E10	1E10	1E-30	1E10	1E10	1E-30	1E10	1E10	1E-30	1E10	1E10	1E-30	1E10	1E10	1E-30	1E10	1E10	1E-30	1E10	1E10	1E-30	1E10	1E10	1E-30	1E10	1E10
174	2.36E-14	1E-30	1E-10	1E10	1.81E-8	0.17	1E10	1E-30	41600	1E10	1.84E-7	5.96	1E10	3.25E-7	157	1E10	6.6E-7	3220	1.68E-15	2.96E-8	237	1E-30	1E10	1E10	1E-30	1E10	1E10	1E-30	1E10	1E10	1E-30	1E10	1E10	1E-30	1E10	1E10	1E-30	1E10	1E10	1E-30	1E10	1E10	1E-30	1E10	1E10	1E-30	1E10	1E10
175	1.93E-14	1E-30	1E-10	1E10	2.1E-8	0.19	1E10	1E-30	40200	1E10	1.52E-7	6.64	1E10	3.55E-7	220	1E10	7.93E-7	5310	5.17E-16	4.35E-7	916	2.15E-15	3.85E-8	174	1E-30	1E10	1E10	1E-30	1E10	1E10	1E-30	1E10	1E10	1E-30	1E10	1E10	1E-30	1E10	1E10	1E-30	1E10	1E10	1E-30	1E10	1E10	1E-30	1E10	1E10
176	1.93E-14	1E-30	1E-10	1E10	2.1E-8	0.19	1E10	1E-30	40200	1E10	1.52E-7	6.64	1E10	3.55E-7	220	1E10	7.93E-7	5310	5.17E-16	4.35E-7	916	2.15E-15	3.85E-8	174	1E-30	1E10	1E10	1E-30	1E10	1E10	1E-30	1E10	1E10	1E-30	1E10	1E10	1E-30	1E10	1E10	1E-30	1E10	1E10	1E-30	1E10	1E10	1E-30	1E10	1E10
177	1.93E-14	1E-30	1E-10	1E10	2.1E-8	0.19	1E10	1E-30	40200	1E10	1.52E-7	6.64	1E10	3.55E-7	220	1E10	7.93E-7	5310	5.17E-16	4.35E-7	916	2.15E-15	3.85E-8	174	1E-30	1E10	1E10	1E-30	1E10	1E10	1E-30	1E10	1E10	1E-30	1E10	1E10	1E-30	1E10	1E10	1E-30	1E10	1E10	1E-30	1E10	1E10	1E-30	1E10	1E10
178	1.77E-14	1E-30	1E-10	1E10	2.3E-8	0.19	1E10	1E-30	47800	1E10	1.4E-7	6.82	1E10	4.17E-7	276	1E10	9.37E-7	5850	5.37E-16	5.01E-7	981	1.86E-15	4.79E-8	419	1E-30	1E10	1E10	1E-30	1E10	1E10	1E-30	1E10	1E10	1E-30	1E10	1E10	1E-30	1E10	1E10	1E-30	1E10	1E10	1E-30	1E10	1E10	1E-30	1E10	1E10
179	1.77E-14	1E-30	1E-10	1E10	2.3E-8	0.19	1E10	1E-30	47800	1E10	1.4E-7	6.82	1E10	4.17E-7	276	1E10	9.37E-7	5850	5.37E-16	5.01E-7	981	1.86E-15	4.79E-8	419	1E-30	1E10	1E10	1E-30	1E10	1E10	1E-30	1E10	1E10	1E-30	1E10	1E10	1E-30	1E10	1E10	1E-30	1E10	1E10	1E-30	1E10	1E10	1E-30	1E10	1E10
180	1.77E-14	1E-30	1E-10	1E10	2.3E-8	0.19	1E10	1E-30	47800	1E10	1.4E-7	6.82	1E10	4.17E-7	276	1E10	9.37E-7	5850	5.37E-16	5.01E-7	981	1.86E-15	4.79E-8	419	1E-30	1E10	1E10	1E-30	1E10	1E10	1E-30	1E10	1E10	1E-30	1E10	1E10	1E-30	1E10	1E10	1E-30	1E10	1E10	1E-30	1E10	1E10	1E-30	1E10	1E10
181	2.26E-14	1E-30	1E-10	1E10	2.43E-8	0.19	1E10	1E-30	42800	1E10	1.52E-7	7.82	1E10	4.53E-7	327	1E10	1.05E-6	6790	4.8E-16	5.22E-7	3560	1.56E-15	5.44E-8	148	1E-30	1E10	1E10	1E-30	1E10	1E10	1E-30	1E10	1E10	1E-30	1E10	1E10	1E-30	1E10	1E10	1E-30	1E10	1E10	1E-30	1E10	1E10	1E-30	1E10	1E10
182	2.26E-14	1E-30	1E-10	1E10	2.43E-8	0.19	1E10	1E-30	42800	1E10	1.52E-7	7.82	1E10	4.53E-7	327	1E10	1.05E-6	6790	4.8E-16	5.22E-7	3560	1.56E-15	5.44E-8	148	1E-30	1E10	1E10	1E-30	1E10	1E10	1E-30	1E10	1E10	1E-30	1E10	1E10	1E-30	1E10	1E10	1E-30	1E10	1E10	1E-30	1E10	1E10	1E-30	1E10	1E10
183	2.26E-14	1E-30	1E-10	1E10	2.43E-8	0.19	1E10	1E-30	42800	1E10	1.52E-7	7.82	1E10	4.53E-7	327	1E10	1.05E-6	6790	4.8E-16	5.22E-7	3560	1.56E-15	5.44E-8	148	1E-30	1E10	1E10	1E-30	1E10	1E10	1E-30	1E10	1E10	1E-30	1E10	1E10	1E-30	1E10	1E10	1E-30	1E10	1E10	1E-30	1E10	1E10	1E-30	1E10	1E10
184	1.94E-14	1E-30	1E-10	1E10	2.57E-8	0.21	1E10	1E-30	46800	1E10	1.72E-7	9.02	1E10	4.87E-7	333	1E10	1.08E-6	6930	4.3E-16	6.49E-7	492	1.95E-15	5.88E-8	105	1E-30	1E10	1E10	1E-30	1E10	1E10	1E-30	1E10	1E10	1E-30	1E10	1E10	1E-30	1E10	1E10	1E-30	1E10	1E10	1E-30	1E10	1E10	1E-30	1E10	1E10
185	1.94E-14	1E-30	1E-10	1E10	2.57E-8	0.21	1E10	1E-30	46800	1E10	1.72E-7	9.02	1E10	4.87E-7	333	1E10	1.08E-6	6930	4.3E-16	6.49E-7	492	1.95E-15	5.88E-8	105	1E-30	1E10	1E10	1E-30	1E10	1E10	1E-30	1E10	1E10	1E-30	1E10	1E10	1E-30	1E10	1E10	1E-30	1E10	1E10	1E-30	1E10	1E10	1E-30	1E10	1E10
186	1.94E-14	1E-30	1E-10	1E10	2.57E-8	0.21	1E10	1E-30	46800	1E10	1.72E-7	9.02	1E10	4.87E-7	333	1E10	1.08E-6	6930	4.3E-16	6.49E-7	492	1.95E-15	5.88E-8	105	1E-30	1E10	1E10	1E-30	1E10	1E10	1E-30	1E10	1E10	1E-30	1E10	1E10	1E-30	1E10	1E10	1E-30	1E10	1E10	1E-30	1E10	1E10	1E-30	1E10	1E10
187	1.9E-14	1E-30	1E-10	1E10	2.68E-8	0.21	1E10	1E-30	44800	1E10	2.3E-7	11.3	1E10	5.07E-7	333	1E10	1.22E-6	7050	2.37E-15	1E-7	174	5.84E-15	2.27E-8	44	1E-30	1E10	1E10	1E-30	1E10	1E10	1E-30	1E10	1E10	1E-30	1E10	1E10	1E-30	1E10	1E10	1E-30	1E10	1E10	1E-30	1E10	1E10	1E-30	1E10	1E10
188	1.9E-14	1E-30	1E-10	1E10	2.68E-8	0.21	1E10	1E-30	44800	1E10	2.3E-7	11.3	1E10	5.07E-7	333	1E10	1.22E-6	7050	2.37E-15	1E-7	174	5.84E-15	2.27E-8	44	1E-30	1E10	1E10	1E-30	1E10	1E10	1E-30	1E10	1E10	1E-30	1E10	1E10	1E-30	1E10	1E10	1E-30	1E10	1E10	1E-30	1E10	1E10	1E-30	1E10	1E10
189	1.9E-14	1E-30	1E-10	1E10	2.68E-8	0.21	1E10	1E-30	44800	1E10	2.3E-7	11.3	1E10	5.07E-7	333	1E10	1.22E-6	7050	2.37E-15	1E-7	174	5.84E-15	2.27E-8	44	1E-30	1E10	1E10	1E-30	1E10	1E10	1E-30	1E10	1E10	1E-30	1E10	1E10	1E-30	1E10	1E10	1E-30	1E10	1E10	1E-30	1E10	1E10	1E-30	1E10	1E10
190	1.89E-14	1E-30	1E-10	1E10	2.91E-8	0.37	1E10	1E-30	62100	1E10	1.4E-7	6.43	1E10	5.34E-7	341	1E10	1.13E-6	7640	3.01E-17	1.09E-5	66E3	1.63E-15	7.34E-8	204	1E-30	1E10	1E10	1E-30	1E10	1E10	1E-30	1E10	1E10	1E-30	1E10	1E10	1E-30	1E10	1E10	1E-30	1E10	1E10	1E-30	1E10	1E10	1E-30	1E10	1E10
191	1.89E-14	1E-30	1E-10	1E10	2.91E-8	0.37	1E10	1E-30	62100	1E10	1.4E-7	6.43	1E10	5.34E-7	341	1E10	1.13E-6	7640	3.01E-17	1.09E-5	66E3	1.63E-15	7.34E-8	204	1E-30	1E10	1E10	1E-30	1E10	1E10	1E-30	1E10	1E10	1E-30	1E10	1E10	1E-30	1E10	1E10	1E-30	1E10	1E10	1E-30	1E10	1E10	1E-30	1E10	1E10
192	1.89E-14	1E-30	1E-10	1E10	2.91E-8	0.37	1E10	1E-30	62100	1E10	1.4E-7	6.43	1E10	5.34E-7	341	1E10	1.13E-6	7640	3.01E-17	1.09E-5	66E3	1.63E-15	7.34E-8	204	1E-30	1E10	1E10	1E-30	1E10	1E10	1E-30	1E10	1E10	1E-30	1E10	1E10	1E-30	1E10	1E10	1E-30	1E10	1E10	1E-30	1E10	1E10	1E-30	1E10	1E10
193	2.39E-14	1E-30	1E-10	1E10	3.36E-8	0.37	1E10	1E-30	52700	1E10	2.06E-7	8.42	1E10	5.97E-7	409	1E10	1.29E-6	7990	7.06E-17	4.37E-6	48800	3.78E-15	3.34E-8	111	1E-30	1E10	1E10	1E-30	1E10	1E10	1E-30	1E10	1E10	1E-30	1E10	1E10	1E-30	1E10	1E10	1E-30	1E10	1E10	1E-30	1E10	1E10	1E-30	1E10	1E10
194	2.39E-14	1E-30	1E-10	1E10	3.36E-8	0.37	1E10	1E-30	52700	1E10	2.06E-7	8.42	1E10	5.97E-7	409	1E10	1.29E-6	7990	7.06E-17	4.37E-6	48800	3.78E-15	3.34E-8	111	1E-30	1E10	1E10	1E-30	1E10	1E10	1E-30	1E10	1E10	1E-30	1E10	1E10	1E-30	1E10	1E10	1E-30	1E10	1E10	1E-30	1E10	1E10	1E-30	1E10	1E10
195	2.39E-14	1E-30	1E-10	1E10	3.36E-8	0.37	1E10	1E-30	52700	1E10	2.06E-7	8.42	1E10	5.97E-7	409	1E10	1.29E-6	7990	7.06E-17	4.37E-6	48800	3.78E-15	3.34E-8	111	1E-30	1E10	1E10	1E-30	1E10	1E10	1E-30	1E10	1E10	1E-30	1E10	1E10	1E-30	1E10	1E10	1E-30	1E10	1E10	1E-30	1E10	1E10	1E-30	1E10	1E10
196	1.98E-14	1E-30	1E-10	1E10	3.51E-8	0.41	1E10	1E-30	61E3	1E10	2.48E-7	9.44	1E10	6.83E-7	453	1E10	1.5E-6	9170	6.92E-16	5.11E-7	692	3.06E-15	4.51E-8	152	1E-30	1E10	1E10	1E-30	1E10	1E10	1E-30	1E10	1E10	1E-30	1E10	1E10	1E-30	1E10	1E10	1E-30	1E10	1E10	1E-30	1E10	1E10	1E-30	1E10	1E10
197	1.98E-14	1E-30	1E-10	1E10	3.51E-8	0.41	1E10	1E-30	61E3	1E10	2.48E-7	9.44	1E10	6.83E-7	453	1E10	1.5E-6	9170	6.92E-16	5.11E-7	692	3.06E-15	4.51E-8	152	1E-30	1E10	1E10	1E-30	1E10	1E10	1E-30	1E10	1E10	1E-30	1E10	1E10	1E-30	1E10	1E10	1E-30	1E10	1E10	1E-30	1E10	1E10	1E-30	1E10	1E10
198	1.98E-14	1E-30	1E-10	1E10	3.51E-8	0.41	1E10	1E-30	61E3	1E10	2.48E-7	9.44	1E10	6.83E-7	453	1E10	1.5E-6	9170	6.92E-16	5.11E-7	692	3.06E-15	4.51E-8	152	1E-30	1E10	1E10	1E-30	1E10	1E10	1E-30	1E10	1E10	1E-30	1E10	1E10	1E-30	1E10	1E10	1E-30	1E10	1E10	1E-30	1E10	1E10	1E-30	1E10	1E10
199	1.92E-14	1E-30	1E-10	1E10	3.87E-8	0.45	1E10	1E-30	84500	1E10	2.47E-7	10.1	1E10	7.16E-7	475	1E10	1.6E-6	10200	3.89E-17	9.71E-6	36E3	1.89E-15	8.37E-8	200	1.67E-16	4.41E-7	8950	1E-30	1E10	1E10	1E-30	1E10	1E10	1E-30	1E10	1E10	1E-30	1E10	1E10	1E-30	1E10	1E10	1E-30	1E10	1E10	1E-30	1E10	1E10
200	1.92E-14	1E-30	1E-10	1E10	3.87E-8	0.45	1E10	1E-30	84500	1E10	2.47E-7	10.1	1E10	7.16E-7	475	1E10	1.6E-6	10200	3.89E-17	9.71E-6	36E3	1.89E-15	8.37E-8	200	1.67E-16	4.41E-7	8950	1E-30	1E10	1E10	1E-30	1E10	1E10	1E-30	1E10	1E10	1E-30	1E10	1E10	1E-30	1E10	1E10	1E-30	1E10	1E10	1E-30	1E10	1E10
201	1.92E-14	1E-30	1E-10	1E10	3.87E-8	0.45	1E10	1E-30	84500	1E10	2.47E-7	10.1	1E10	7.16E-7	475	1E10	1.6E-6	10200	3.89E-17	9.71E-6	36E3	1.89E-15	8.37E-8	200	1.67E-16	4.41E-7	8950	1E-30	1E10	1E10	1E-30	1E10	1E10	1E-30	1E10	1E10	1E-30	1E10	1E10	1E-30	1E10	1E10	1E-30	1E10	1E10	1E-30	1E10	1E10
202	1.86E-14	1E-30	1E-10	1E10	4.25E-8	0.45	1E10	1E-30	68700	1E10	2.85E-7	11.4	1E10	7.91E-7	492	1E10	1.95E-6	12400	6.06E-17	7.83E-6	51900	4.02E-15	4.01E-8	98.2	5.07E-16	1.59E-7	1620	1E-30	1E10	1E10	1E-30	1E10	1E10	1E-30	1E10	1E10	1E-30	1E10	1E10	1E-30	1E10	1E10	1E-30	1E10	1E10	1E-30	1E10	1E10
203	1.86E-14	1E-30	1E-10	1E10	4.25E-8	0.45	1E10	1E-30	68700	1E10	2.85E-7	11.4	1E10	7.91E-7	492	1E10	1.95E-6	12400	6.06E-17	7.83E-6	51900	4.02E-15	4.01E-8	98.2	5.07E-16	1.59E-7	1620	1E-30	1E10	1E10	1E-30	1E10	1E10	1E-30	1E10	1E10	1E-30	1E10	1E10	1E-30	1E10	1E10	1E-30	1E10	1E10	1E-30	1E10	1E10
204	1.86E-14	1E-30	1E-10	1E10	4.25E-8	0.45	1E10	1E-30	68700	1E10	2.85E-7	11.4	1E10	7.91E-7	492	1E10	1.95E-6	12400	6.06E-17	7.83E-6	51900	4.02E-15	4.01E-8	98.2	5.07E-16	1.59E-7	1620	1E-30	1E10	1E10	1E-30	1E10	1E10	1E-30	1E10	1E10	1E-30	1E10	1E10	1E-30	1E10	1E10	1E-30	1E10	1E10	1E-30	1E10	1E10
205	1.72E-14	1E-30	1E-10	1E10	4.5E-8	0.5	1E10	1E-30	80500	1E10	3.12E-7	12.6	1E10	7.98E-7	466	1E10	2.02E-6	12100	3.12E-17	1.64E-5	88600	3.76E-15	5.63E-8	135	6.71E-16	1.42E-7	3770	1E-30	1E10	1E10	1E-30	1E10	1E10	1E-30	1E10	1E10	1E-30	1E10	1E10	1E-30	1E10	1E10	1E-30	1E10	1E10	1E-30	1E10	1E10
206	1.72E-14	1E-30	1E-10	1E10	4.5E-8	0.5	1E10	1E-30	80500	1E10	3.12E-7	12.6	1E10	7.98E-7	466	1E10	2.02E-6	12100	3.12E-17	1.64E-5	88600	3.76E-15	5.63E-8	135	6.71E-16	1.42E-7	3770	1E-30	1E10	1E10	1E-30	1E10	1E10	1E-30	1E10	1E10	1E-30	1E10	1E10	1E-30	1E10	1E10	1E-30	1E10	1E10	1E-30	1E10	1E10
207	1.72E-14	1E-30	1E-10	1E10	4.5E-8	0.5	1E10	1E-30	80500	1E10	3.12E-7	12.6	1E10	7.98E-7	466	1E10	2.02E-6	12100	3.12E-17	1.64E-5	88600	3.76E-15	5.63E-8	135	6.71E-16	1.42E-7	3770	1E-30	1E10	1E10	1E-30	1E10	1E10	1E-30	1E10	1E10	1E-30	1E10	1E10	1E-30	1E10	1E10	1E-30	1E10	1E10	1E-30	1E10	1E10
208	2.03E-14	1E-30	1E-10	1E10	4.51E-8	0.5	1E10	1E-30	75900	1E10	3.43E-7	14.6	1E10	8.89E-7	663	1E10	2.1E-6	14200	2.31E-17	2.48E-5	127E3	2.6E-15	8.29E-8	180	5.18E-16	1.98E-7	3280	1E-30	1E10	1E10	1E-30	1E10	1E10	1E-30	1E10	1E10	1E-30	1E10	1E10	1E-30	1E10	1E10	1E-30	1E10	1E10	1E-30	1E10	1E10
209	2.03E-14	1E-30	1E-10	1E10	4.51E-8	0.5	1E10	1E-30	75900	1E10	3.43E-7	14.6	1E10	8.89E-7	663	1E10	2.1E-6	14200	2.31E-17	2.48E-5	127E3	2.6E-15	8.29E-8	180	5.18E-16	1.98E-7	3280	1E-30	1E10	1E10	1E-30	1E10	1E10	1E-30	1E10	1E10	1E-30	1E10	1E10	1E-30	1E10	1E10	1E-30	1E10	1E10	1E-30	1E10	1E10
210	2.03E-14	1E-30	1E-10	1E10	4.51E-8	0.5	1E10	1E-30	75900	1E10	3.43E-7	14.6	1E10	8.89E-7	663	1E10	2.1E-6	14200	2.31E-17	2.48E-5	127E3	2.6E-15	8.29E-8	180	5.18E-16	1.98E-7	3280	1E-30	1E10	1E10	1E-30	1E10	1E10	1E-30	1E10	1E10	1E-30	1E10	1E10	1E-30	1E10	1E10	1E-30	1E10	1E10	1E-30	1E10	1E10
211	2.19E-14	1E-30	1E-10	1E10	4.99E-8	0.5	1E10	1E-30	66700	1E10	3.88E-7	18.8	1E10	9.5E-7	630	1E10	2.19E-6	13700	8.61E-17	6.26E-6	48500	3.59E-15	5.67E-8	139	3.21E-15	1.85E-8	60.4	1E-30	1E10	1E10	1E-30	1E10	1E10	1E-30	1E10	1E10	1E-30	1E10	1E10	1E-30	1E10	1E10	1E-30	1E10	1E10	1E-30	1E10	1E10
212	2.19E-14	1E-30	1E-10	1E10	4.99E-8	0.5	1E10	1E-30	66700	1E10	3.88E-7	18.8	1E10	9.5E-7	630	1E10	2.19E-6	13700	8.61E-17	6.26E-6	48500	3.59E-15	5.67E-8	139	3.21E-15	1.85E-8	60.4	1E-30	1E10	1E10	1E-30	1E10	1E10	1E-30	1E10	1E10	1E-30	1E10	1E10	1E-30	1E10	1E10	1E-30	1E10	1E10	1E-30	1E10	1E10
213	2.19E-14	1E-30	1E-10	1E10	4.99E-8	0.5	1E10	1E-30	66700	1E10	3.88E-7	18.8	1E10	9.5E-7	630	1E10	2.19E-6	13700	8.61E-17	6.26E-6	48500	3.59E-15	5.67E-8	139	3.21E-15	1.85E-8	60.4	1E-30	1E10	1E10	1E-30	1E10	1E10	1E-30	1E10	1E10	1E-30	1E10	1E10	1E-30	1E10	1E10	1E-30	1E10	1E10	1E-30	1E10	1E10
214	1.62E-14	1E-30	1E-10	1E10	5.51E-8	0.77	1E10	1E-30	89E3	1E10	3.16E-7	12.1	1E10	9.87E-7	620	1E10	2.73E-6	14300	3.34E-17	2.13E-5	108E3	2.37E-15	9.99E-8	204	6.29E-16	2.1E-7	3330	2.9E-15	2.31E-8	114	1E-30	1E10	1E10	1E-30	1E10	1E10	1E-30	1E10	1E10	1E-30	1E10	1E10	1E-30	1E10	1E10	1E-30	1E10	1E10
215	1.62E-14	1E-30	1E-10	1E10	5.51E-8	0.77	1E10	1E-30	89E3	1E10	3.16E-7	12.1	1E10	9.87E-7	620	1E10	2.73E-6	14300	3.34E-17	2.13E-5	108E3	2.37E-15	9.99E-8	204	6.29E-16	2.1E-7	3330	2.9E-15	2.31E-8	114	1E-30	1E10	1E10	1E-30	1E10	1E10	1E-30	1E10	1E10	1E-30	1E10	1E10	1E-30	1E10	1E10	1E-30	1E10	1E10
216	1.62E-14	1E-30	1E-10	1E10	5.51E-8	0.77	1E10	1E-30	89E3	1E10	3.16E-7	12.1	1E10	9.87E-7	620	1E10	2.73E-6	14300	3.34E-17	2.13E-5	108E3	2.37E-15	9.99E-8	204	6.29E-16	2.1E-7	3330	2.9E-15	2.31E-8	114	1E-30	1E10	1E10	1E-30	1E10	1E10	1E-30	1E10	1E10	1E-30	1E10	1E10	1E-30	1E10	1E10	1E-30	1E10	1E10
217	1.63E-14	1E-30	1E-10	1E10	5.83E-8	0.77	1E10	1E-30	75300	1E10	3.64E-7	14.5	1E10	1.11E-6	738	1E10	2.77E-6	18300	1.08E-16	5.24E-6	7480	5.31E-15	5.27E-8	100	1.01E-15	1.05E-7	2260	4.12E-15	1.72E-8	97.3	1E-30	1E10	1E10	1E-30	1E10	1E10	1E-30	1E10	1E10	1E-30	1E10	1E10	1E-30	1E10	1E10	1E-30	1E10	1E10
218	1.63E-14	1E-30	1E-10	1E10	5.83E-8	0.77	1E10	1E-30	75300	1E10	3.64E-7	14.5	1E10	1.11E-6	738	1E10	2.77E-6	18300	1.08E-16	5.24E-6	7480	5.31E-15	5.27E-8	100	1.01E-15	1.05E-7	2260	4.12E-15	1.72E-8	97.3	1E-30	1E10	1E10	1E-30	1E10	1E10	1E-30	1E10	1E10	1E-30	1E10	1E10	1E-30	1E10	1E10	1E-30	1E10	1E10
219	1.63E-14	1E-30	1E-10	1E10	5.83E-8	0.77	1E10	1E-30	75300	1E10	3.64E-7	14.5	1E10	1.11E-6	738	1E10	2.77E-6	18300	1.08E-16	5.24E-6	7480	5.31E-15	5.27E-8	100	1.01E-15	1.05E-7	2260	4.12E-15	1.72E-8	97.3	1E-30	1E10	1E10	1E-30	1E10	1E10	1E-30	1E10	1E10	1E-30	1E10	1E10	1E-30	1E10	1E10	1E-30	1E10	1E10
220	1.68E-14	1E-30	1E-10	1E10	6.9E-8	0.83	1E10	1E-30	72800	1E10	4.04E-7	16.1	1E10	1.26E-6	887	1E10	3.15E-6	22300	6.23E-17	1.09E-5	74200	6.13E-15	4.5E-8	109	8.32E-16	1.61E-7	439	3.39E-15	2.59E-8	139	1E-30	1E10	1E10	1E-30	1E10	1E10	1E-30	1E10	1E10	1E-30	1E10	1E10	1E-30	1E10	1E10	1E-30	1E10	1E10
221	1.68E-14	1E-30	1E-10	1E10	6.9E-8	0.83	1E10	1E-30	72800	1E10	4.04E-7	16.1	1E10	1.26E-6	887	1E10	3.15E-6	22300	6.23E-17	1.09E-5	74200	6.13E-15	4.5E-8	109	8.32E-16	1.61E-7	439	3.39E-15	2.59E-8	139	1E-30	1E10	1E10	1E-30	1E10	1E10	1E-30	1E10	1E10	1E-30	1E10	1E10	1E-30	1E10	1E10	1E-30	1E10	1E10
222	1.68E-14	1E-30	1E-10	1E10	6.9E-8	0.83	1E10	1E-30	72800	1E10	4.04E-7	16.1	1E10	1.26E-6	887	1E10	3.15E-6	22300	6.23E-17	1.09E-5	74200	6.13E-15	4.5E-8	109	8.32E-16	1.61E-7	439	3.39E-15	2.59E-8	139	1E-30	1E10	1E10	1E-30	1E10	1E10	1E-30	1E10	1E10	1E-30	1E10	1E10	1E-30	1E10	1E10	1E-30	1E10	1E10
223	1.89E-14	1E-30	1E-10	1E10	7.54E-8	1.3	1E10	1E-30	89500	1E10	3.57E-7	15.7	1E10	1.58E-6	806	1E10	3.18E-6	18900	4.88E-17	1.64E-5	102E3	2.84E-15	1.05E-7	193	1.94E-16	6.95E-7	7240	3.48E-15	2.29E-8	216	1E-30	1E10	1E10	1E-30	1E10	1E10	1E-30	1E10	1E10	1E-30	1E10	1E10	1E-30	1E10	1E10	1E-30	1E10	1E10
224	1.89E-14	1E-30	1E-10	1E10	7.54E-8	1.3	1E10	1E-30	89500	1E10	3.57E-7	15.7	1E10	1.58E-6	806	1E10	3.18E-6	18900	4.88E-17	1.64E-5	102E3	2.84E-15	1.05E-7	193	1.94E-16	6.95E-7	7240	3.48E-15	2.29E-8	216	1E-30	1E10	1E10	1E-30	1E10	1E10	1E-30	1E10	1E10	1E-30	1E10	1E10	1E-30	1E10	1E10	1E-30	1E10	1E10
225	1.89E-14	1E-30	1E-10	1E10	7.54E-8	1.3	1E10	1E-30	89500	1E10	3.57E-7	15.7	1E10	1.58E-6	806	1E10	3.18E-6	18900	4.88E-17	1.64E-5	102E3	2.84E-15	1.05E-7	193	1.94E-16	6.95E-7	7240	3.48E-15	2.29E-8	216	1E-30	1E10	1E10	1E-30	1E10	1E10	1E-30	1E10	1E10	1E-30	1E10	1E10	1E-30	1E10	1E10	1E-30	1E10	1E10
226	1.51E-14	1E-30	1E-10	1E10	8.66E-8	1.4	1E10	1E-30	1E5	1E10	3.63E-7	14.4	1E10	1.8E-6	849	1E10	3.45E-6	19800	5.15E-17	1.61E-5	6760	2.16E-15	1.5E-7	184	7.16E-16	1.45E-7	2410	3.69E-15	2.47E-8	65.4	1E-30	1E10	1E10	1E-30	1E10	1E10	1E-30	1E10	1E10	1E-30	1E10	1E10	1E-30	1E10	1E10	1E-30	1E10	1E10
227	1.51E-14	1E-30	1E-10	1E10	8.66E-8	1.4	1E10	1E-30	1E5	1E10	3.63E-7	14.4	1E10	1.8E-6	849	1E10	3.45E-6	19800	5.15E-17	1.61E-5	6760	2.16E-15	1.5E-7	184	7.16E-16	1.45E-7	2410	3.69E-15	2.47E-8	65.4	1E-30	1E10	1E10	1E-30	1E10	1E10	1E-30	1E10	1E10	1E-30	1E10	1E10	1E-30	1E10	1E10	1E-30	1E10	1E10
228	1.38E-14	1E-30	1E-10	1E10	9.38E-8	1.5	1E10	1E-30	112E3	1E10	3.33E-7	15.6	1E10	2.36E-6	957	1E10	3.89E-6	24300	5.47E-17	1.81E-5	5010	2.49E-15	1.53E-7	251	2.94E-16	5.51E-7	5730	3.05E-15	4.15E-8	137	1E-30	1E10	1E10	1E-30	1E10	1E10	1E-30	1E10	1E10	1E-30	1E10	1E10	1E-30	1E10	1E10	1E-30	1E10	1E10
229	1.38E-14	1E-30	1E-10	1E10	9.38E-8	1.5	1E10	1E-30	112E3	1E10	3.33E-7	15.6	1E10	2.36E-6	957	1E10	3.89E-6	24300	5.47E-17	1.81E-5	5010	2.49E-15	1.53E-7	251	2.94E-16	5.51E-7	5730	3.05E-15	4.15E-8	137	1E-30	1E10	1E10	1E-30	1E10	1E10	1E-30	1E10	1E10	1E-30	1E10	1E10	1E-30	1E10	1E10	1E-30	1E10	1E10
230	1.77E-14	1E-30	1E-10	1E10	9.36E-8	1.5	1E10	1E-30	102E3	1E10	4.14E-7	16.2	1E10	1.82E-6	1120	1E10	3.8E-6	23100	4.6E-17	2.18E-5	114E3	2.9E-15	1.37E-7	274	1.5E-15	8.89E-8	966	1.23E-15	8.9E-8	688	1E-30	1E10	1E10	1E-30	1E10	1E10	1E-30	1E10	1E10	1E-30	1E10	1E10	1E-30	1E10	1E10	1E-30	1E10	1E10
231	1.77E-14	1E-30	1E-10	1E10	9.36E-8	1.5	1E10	1E-30	102E3	1E10	4.14E-7	16.2	1E10	1.82E-6	1120	1E10	3.8E-6	23100	4.6E-17	2.18E-5	114E3	2.9E-15	1.37E-7	274	1.5E-15	8.89E-8	966	1.23E-15	8.9E-8	688	1E-30	1E10	1E10	1E-30	1E10	1E10	1E-30	1E10	1E10	1E-30	1E10	1E10	1E-30	1E10	1E10	1E-30	1E10	1E10
232	1.94E-14	1E-30	1E-10	1E10	1.02E-7	1.6	1E10	1E-30	102E3	1E10	4.43E-7	18.1	1E10	1.98E-6	1060	1E10	4.08E-6	24100	4.63E-17	2.28E-5	118E3	3.23E-15	1.36E-7	206	6.03E-16	2.45E-7	3470	1.03E-15	1.2E-7	343	1E-30	1E10	1E10	1E-30	1E10	1E10	1E-30	1E10	1E10	1E-30	1E10	1E10	1E-30	1E10	1E10	1E-30	1E10	1E10
233	1.94E-14	1E-30	1E-10	1E10	1.02E-7	1.6	1E10	1E-30	102E3	1E10	4.43E-7	18.1	1E10	1.98E-6	1060	1E10	4.08E-6	24100	4.63E-17	2.28E-5	118E3	3.23E-15	1.36E-7	206	6.03E-16	2.45E-7	3470	1.03E-15	1.2E-7	343	1E-30	1E10	1E10	1E-30	1E10	1E10	1E-30	1E10	1E10	1E-30	1E10	1E10	1E-30	1E10	1E10	1E-30	1E10	1E10
234	1.66E-14	1E-30	1E-10	1E10	1.11E-7	1.7	1E10	1E-30	118E3	1E10	6.35E-7	23.5	1E10	2.18E-6	1290	1E10	4.72E-6	28E3	4.11E-17	2.91E-5	141E3	3.01E-15	1.62E-7	268	1.98E-15	7.76E-8	1320	1.03E-15	1.32E-7	463	1E-30	1E10	1E10	1E-30	1E10	1E10	1E-30	1E10	1E10	1E-30	1E10	1E10	1E-30	1E10	1E10	1E-30	1E10	1E10
235	1.66E-14	1E-30	1E-10	1E10	1.11E-7	1.7	1E10	1E-30	118E3	1E10	6.35E-7	23.5	1E10	2.18E-6	1290	1E10	4.72E-6	28E3	4.11E-17	2.91E-5	141E3	3.01E-15	1.62E-7	268	1.98E-15	7.76E-8	1320	1.03E-15	1.32E-7	463	1E-30	1E10	1E10	1E-30	1E10	1E10	1E-30	1E10	1E10	1E-30	1E10	1E10	1E-30	1E10	1E10	1E-30	1E10	1E10
236	2.73E-14	1E-30	1E-10	1E10	1.17E-7	1.8	1E10	1E-30	27700	1E10	8E-7	27	1E10	2.27E-6	983	1E10	1.05E-5	22500	1.56E-14	1.54E-7	124	4.62E-16	1.06E-6	1580	1.94E-15	1.06E-7	227	4.7E-16	2.83E-7	1210	4.05E-15	2.36E-8	118	1E-30	1E10	1E10	1E-30	1E10	1E10	1E-30	1E10	1E10	1E-30	1E10	1E10	1E-30	1E10	1E10
237	2.17E-14	1E-30	1E-10	1E10	1.43E-7	1.9	1E10	1E-30	34500	1E10	7.89E-7	31.3	1E10	3.35E-6	1410	1E10	5.6E-6	29800	3.24E-14	1.21E-7	37.1	7.87E-17	8.38E-6	58400	2.12E-15	1.46E-7	415	2.67E-15	6.1E-8	405	5.19E-15	1.95E-8	116	5.87E-16	1.41E-7	724	1E-30	1E10	1E10	1E-30	1E10	1E10	1E-30	1E10	1E10	1E-30	1E10	1E10
END DSCRDATA
