BEGIN DSCRDATA
% INDEX	K01	L01	M01	K02	L02	M02	K03	L03	M03	K04	L04	M04	K05	L05	M05	K06	L06	M06	K07	L07	M07	K08	L08	M08	K09	L09	M09	K10	L10	M10	K11	L11	M11	K12	L12	M12	K13	L13	M13	K14	L14	M14	K15	L15	M15	K16	L16	M16
0	0	0	0	0	0	0	0	0	0	0	0	0	0	0	0	0	0	0	0	0	0	0	0	0	0	0	0	0	0	0	0	0	0	0	0	0	0	0	0	0	0	0	0	0	0	0	0	0
1	5.14E-16	1E-30	1E-10	1E10	7.61E-10	0.0334	1E10	1E-30	2730	1E10	2.3E-8	104	1E10	1.08E-8	5.92	1E10	3.89E-7	71.4	1.52E-15	8.2E-8	130	1E-30	1E10	1E10	1E-30	1E10	1E10	1E-30	1E10	1E10	1E-30	1E10	1E10	1E-30	1E10	1E10	1E-30	1E10	1E10	1E-30	1E10	1E10	1E-30	1E10	1E10	1E-30	1E10	1E10
2	5.14E-16	1E-30	1E-10	1E10	7.61E-10	0.0334	1E10	1E-30	2730	1E10	2.3E-8	104	1E10	1.08E-8	5.92	1E10	3.89E-7	71.4	1.52E-15	8.2E-8	130	1E-30	1E10	1E10	1E-30	1E10	1E10	1E-30	1E10	1E10	1E-30	1E10	1E10	1E-30	1E10	1E10	1E-30	1E10	1E10	1E-30	1E10	1E10	1E-30	1E10	1E10	1E-30	1E10	1E10
3	5.14E-16	1E-30	1E-10	1E10	7.61E-10	0.0334	1E10	1E-30	2730	1E10	2.3E-8	104	1E10	1.08E-8	5.92	1E10	3.89E-7	71.4	1.52E-15	8.2E-8	130	1E-30	1E10	1E10	1E-30	1E10	1E10	1E-30	1E10	1E10	1E-30	1E10	1E10	1E-30	1E10	1E10	1E-30	1E10	1E10	1E-30	1E10	1E10	1E-30	1E10	1E10	1E-30	1E10	1E10
4	4.08E-19	1E-30	1E-10	1E10	8.94E-10	0.0334	1E10	1E-30	2730	1E10	3.56E-8	161	1E10	1.08E-8	5.92	1E10	3.89E-7	71.4	8.16E-17	3.5E-8	46.1	1E-30	1E10	1E10	1E-30	1E10	1E10	1E-30	1E10	1E10	1E-30	1E10	1E10	1E-30	1E10	1E10	1E-30	1E10	1E10	1E-30	1E10	1E10	1E-30	1E10	1E10	1E-30	1E10	1E10
5	4.08E-19	1E-30	1E-10	1E10	8.94E-10	0.0334	1E10	1E-30	2730	1E10	3.56E-8	161	1E10	1.08E-8	5.92	1E10	3.89E-7	71.4	8.16E-17	3.5E-8	46.1	1E-30	1E10	1E10	1E-30	1E10	1E10	1E-30	1E10	1E10	1E-30	1E10	1E10	1E-30	1E10	1E10	1E-30	1E10	1E10	1E-30	1E10	1E10	1E-30	1E10	1E10	1E-30	1E10	1E10
6	4.08E-19	1E-30	1E-10	1E10	8.94E-10	0.0334	1E10	1E-30	2730	1E10	3.56E-8	161	1E10	1.08E-8	5.92	1E10	3.89E-7	71.4	8.16E-17	3.5E-8	46.1	1E-30	1E10	1E10	1E-30	1E10	1E10	1E-30	1E10	1E10	1E-30	1E10	1E10	1E-30	1E10	1E10	1E-30	1E10	1E10	1E-30	1E10	1E10	1E-30	1E10	1E10	1E-30	1E10	1E10
7	4.08E-19	1E-30	1E-10	1E10	9.8E-10	0.016	1E10	1E-30	2730	1E10	3.56E-8	165	1E10	1.16E-8	6.34	1E10	3.89E-7	71.4	5.15E-14	8.8E-10	0.291	1E-30	1E10	1E10	1E-30	1E10	1E10	1E-30	1E10	1E10	1E-30	1E10	1E10	1E-30	1E10	1E10	1E-30	1E10	1E10	1E-30	1E10	1E10	1E-30	1E10	1E10	1E-30	1E10	1E10
8	4.08E-19	1E-30	1E-10	1E10	9.8E-10	0.016	1E10	1E-30	2730	1E10	3.56E-8	165	1E10	1.16E-8	6.34	1E10	3.89E-7	71.4	5.15E-14	8.8E-10	0.291	1E-30	1E10	1E10	1E-30	1E10	1E10	1E-30	1E10	1E10	1E-30	1E10	1E10	1E-30	1E10	1E10	1E-30	1E10	1E10	1E-30	1E10	1E10	1E-30	1E10	1E10	1E-30	1E10	1E10
9	4.08E-19	1E-30	1E-10	1E10	9.8E-10	0.016	1E10	1E-30	2730	1E10	3.56E-8	165	1E10	1.16E-8	6.34	1E10	3.89E-7	71.4	5.15E-14	8.8E-10	0.291	1E-30	1E10	1E10	1E-30	1E10	1E10	1E-30	1E10	1E10	1E-30	1E10	1E10	1E-30	1E10	1E10	1E-30	1E10	1E10	1E-30	1E10	1E10	1E-30	1E10	1E10	1E-30	1E10	1E10
10	5.26E-15	1E-30	1E-10	1E10	1.05E-9	0.0291	1E10	1E-30	3280	1E10	6.16E-8	338	1E10	1.99E-8	18.9	1E10	1.35E-7	48.3	5.18E-14	8.98E-10	0.718	1E-30	1E10	1E10	1E-30	1E10	1E10	1E-30	1E10	1E10	1E-30	1E10	1E10	1E-30	1E10	1E10	1E-30	1E10	1E10	1E-30	1E10	1E10	1E-30	1E10	1E10	1E-30	1E10	1E10
11	5.26E-15	1E-30	1E-10	1E10	1.05E-9	0.0291	1E10	1E-30	3280	1E10	6.16E-8	338	1E10	1.99E-8	18.9	1E10	1.35E-7	48.3	5.18E-14	8.98E-10	0.718	1E-30	1E10	1E10	1E-30	1E10	1E10	1E-30	1E10	1E10	1E-30	1E10	1E10	1E-30	1E10	1E10	1E-30	1E10	1E10	1E-30	1E10	1E10	1E-30	1E10	1E10	1E-30	1E10	1E10
12	5.26E-15	1E-30	1E-10	1E10	1.05E-9	0.0291	1E10	1E-30	3280	1E10	6.16E-8	338	1E10	1.99E-8	18.9	1E10	1.35E-7	48.3	5.18E-14	8.98E-10	0.718	1E-30	1E10	1E10	1E-30	1E10	1E10	1E-30	1E10	1E10	1E-30	1E10	1E10	1E-30	1E10	1E10	1E-30	1E10	1E10	1E-30	1E10	1E10	1E-30	1E10	1E10	1E-30	1E10	1E10
13	1.38E-14	1E-30	1E-10	1E10	1.26E-9	0.0206	1E10	1E-30	3440	1E10	3.89E-8	126	1E10	1.77E-8	8.06	1E10	4.38E-7	29.8	9.65E-14	7.64E-10	0.625	1E-30	1E10	1E10	1E-30	1E10	1E10	1E-30	1E10	1E10	1E-30	1E10	1E10	1E-30	1E10	1E10	1E-30	1E10	1E10	1E-30	1E10	1E10	1E-30	1E10	1E10	1E-30	1E10	1E10
14	1.38E-14	1E-30	1E-10	1E10	1.26E-9	0.0206	1E10	1E-30	3440	1E10	3.89E-8	126	1E10	1.77E-8	8.06	1E10	4.38E-7	29.8	9.65E-14	7.64E-10	0.625	1E-30	1E10	1E10	1E-30	1E10	1E10	1E-30	1E10	1E10	1E-30	1E10	1E10	1E-30	1E10	1E10	1E-30	1E10	1E10	1E-30	1E10	1E10	1E-30	1E10	1E10	1E-30	1E10	1E10
15	1.38E-14	1E-30	1E-10	1E10	1.26E-9	0.0206	1E10	1E-30	3440	1E10	3.89E-8	126	1E10	1.77E-8	8.06	1E10	4.38E-7	29.8	9.65E-14	7.64E-10	0.625	1E-30	1E10	1E10	1E-30	1E10	1E10	1E-30	1E10	1E10	1E-30	1E10	1E10	1E-30	1E10	1E10	1E-30	1E10	1E10	1E-30	1E10	1E10	1E-30	1E10	1E10	1E-30	1E10	1E10
16	5.64E-16	1E-30	1E-10	1E10	1.35E-9	0.0383	1E10	1E-30	3360	1E10	3.63E-8	112	1E10	6.58E-8	24.9	1E10	2.35E-8	9.21	9.01E-14	7.13E-10	0.625	1E-30	1E10	1E10	1E-30	1E10	1E10	1E-30	1E10	1E10	1E-30	1E10	1E10	1E-30	1E10	1E10	1E-30	1E10	1E10	1E-30	1E10	1E10	1E-30	1E10	1E10	1E-30	1E10	1E10
17	5.64E-16	1E-30	1E-10	1E10	1.35E-9	0.0383	1E10	1E-30	3360	1E10	3.63E-8	112	1E10	6.58E-8	24.9	1E10	2.35E-8	9.21	9.01E-14	7.13E-10	0.625	1E-30	1E10	1E10	1E-30	1E10	1E10	1E-30	1E10	1E10	1E-30	1E10	1E10	1E-30	1E10	1E10	1E-30	1E10	1E10	1E-30	1E10	1E10	1E-30	1E10	1E10	1E-30	1E10	1E10
18	5.64E-16	1E-30	1E-10	1E10	1.35E-9	0.0383	1E10	1E-30	3360	1E10	3.63E-8	112	1E10	6.58E-8	24.9	1E10	2.35E-8	9.21	9.01E-14	7.13E-10	0.625	1E-30	1E10	1E10	1E-30	1E10	1E10	1E-30	1E10	1E10	1E-30	1E10	1E10	1E-30	1E10	1E10	1E-30	1E10	1E10	1E-30	1E10	1E10	1E-30	1E10	1E10	1E-30	1E10	1E10
19	2.19E-14	1E-30	1E-10	1E10	1.6E-9	0.0319	1E10	1E-30	3950	1E10	5.12E-8	209	1E10	2.33E-8	15	1E10	7.27E-8	16.4	1.8E-13	8.19E-10	0.99	1E-30	1E10	1E10	1E-30	1E10	1E10	1E-30	1E10	1E10	1E-30	1E10	1E10	1E-30	1E10	1E10	1E-30	1E10	1E10	1E-30	1E10	1E10	1E-30	1E10	1E10	1E-30	1E10	1E10
20	2.19E-14	1E-30	1E-10	1E10	1.6E-9	0.0319	1E10	1E-30	3950	1E10	5.12E-8	209	1E10	2.33E-8	15	1E10	7.27E-8	16.4	1.8E-13	8.19E-10	0.99	1E-30	1E10	1E10	1E-30	1E10	1E10	1E-30	1E10	1E10	1E-30	1E10	1E10	1E-30	1E10	1E10	1E-30	1E10	1E10	1E-30	1E10	1E10	1E-30	1E10	1E10	1E-30	1E10	1E10
21	2.19E-14	1E-30	1E-10	1E10	1.6E-9	0.0319	1E10	1E-30	3950	1E10	5.12E-8	209	1E10	2.33E-8	15	1E10	7.27E-8	16.4	1.8E-13	8.19E-10	0.99	1E-30	1E10	1E10	1E-30	1E10	1E10	1E-30	1E10	1E10	1E-30	1E10	1E10	1E-30	1E10	1E10	1E-30	1E10	1E10	1E-30	1E10	1E10	1E-30	1E10	1E10	1E-30	1E10	1E10
22	1.18E-14	1E-30	1E-10	1E10	1.81E-9	0.058	1E10	1E-30	4040	1E10	6.91E-8	282	1E10	2.18E-8	14	1E10	7.27E-8	16.4	1.05E-13	6.1E-10	0.0864	1.84E-15	6.66E-8	193	1E-30	1E10	1E10	1E-30	1E10	1E10	1E-30	1E10	1E10	1E-30	1E10	1E10	1E-30	1E10	1E10	1E-30	1E10	1E10	1E-30	1E10	1E10	1E-30	1E10	1E10
23	1.18E-14	1E-30	1E-10	1E10	1.81E-9	0.058	1E10	1E-30	4040	1E10	6.91E-8	282	1E10	2.18E-8	14	1E10	7.27E-8	16.4	1.05E-13	6.1E-10	0.0864	1.84E-15	6.66E-8	193	1E-30	1E10	1E10	1E-30	1E10	1E10	1E-30	1E10	1E10	1E-30	1E10	1E10	1E-30	1E10	1E10	1E-30	1E10	1E10	1E-30	1E10	1E10	1E-30	1E10	1E10
24	1.18E-14	1E-30	1E-10	1E10	1.81E-9	0.058	1E10	1E-30	4040	1E10	6.91E-8	282	1E10	2.18E-8	14	1E10	7.27E-8	16.4	1.05E-13	6.1E-10	0.0864	1.84E-15	6.66E-8	193	1E-30	1E10	1E10	1E-30	1E10	1E10	1E-30	1E10	1E10	1E-30	1E10	1E10	1E-30	1E10	1E10	1E-30	1E10	1E10	1E-30	1E10	1E10	1E-30	1E10	1E10
25	5.51E-15	1E-30	1E-10	1E10	2.13E-9	0.0461	1E10	1E-30	4970	1E10	6.6E-8	282	1E10	2.68E-8	17.2	1E10	3.73E-8	7.15	1.2E-13	8.04E-10	0.486	1.64E-14	8.19E-9	58.3	1E-30	1E10	1E10	1E-30	1E10	1E10	1E-30	1E10	1E10	1E-30	1E10	1E10	1E-30	1E10	1E10	1E-30	1E10	1E10	1E-30	1E10	1E10	1E-30	1E10	1E10
26	5.51E-15	1E-30	1E-10	1E10	2.13E-9	0.0461	1E10	1E-30	4970	1E10	6.6E-8	282	1E10	2.68E-8	17.2	1E10	3.73E-8	7.15	1.2E-13	8.04E-10	0.486	1.64E-14	8.19E-9	58.3	1E-30	1E10	1E10	1E-30	1E10	1E10	1E-30	1E10	1E10	1E-30	1E10	1E10	1E-30	1E10	1E10	1E-30	1E10	1E10	1E-30	1E10	1E10	1E-30	1E10	1E10
27	5.51E-15	1E-30	1E-10	1E10	2.13E-9	0.0461	1E10	1E-30	4970	1E10	6.6E-8	282	1E10	2.68E-8	17.2	1E10	3.73E-8	7.15	1.2E-13	8.04E-10	0.486	1.64E-14	8.19E-9	58.3	1E-30	1E10	1E10	1E-30	1E10	1E10	1E-30	1E10	1E10	1E-30	1E10	1E10	1E-30	1E10	1E10	1E-30	1E10	1E10	1E-30	1E10	1E10	1E-30	1E10	1E10
28	2.64E-14	1E-30	1E-10	1E10	2.36E-9	0.0392	1E10	1E-30	5200	1E10	6.6E-8	282	1E10	3.01E-8	19.3	1E10	3.73E-8	7.15	1.38E-13	7.68E-10	0.443	1.64E-14	8.19E-9	24.3	1E-30	1E10	1E10	1E-30	1E10	1E10	1E-30	1E10	1E10	1E-30	1E10	1E10	1E-30	1E10	1E10	1E-30	1E10	1E10	1E-30	1E10	1E10	1E-30	1E10	1E10
29	2.64E-14	1E-30	1E-10	1E10	2.36E-9	0.0392	1E10	1E-30	5200	1E10	6.6E-8	282	1E10	3.01E-8	19.3	1E10	3.73E-8	7.15	1.38E-13	7.68E-10	0.443	1.64E-14	8.19E-9	24.3	1E-30	1E10	1E10	1E-30	1E10	1E10	1E-30	1E10	1E10	1E-30	1E10	1E10	1E-30	1E10	1E10	1E-30	1E10	1E10	1E-30	1E10	1E10	1E-30	1E10	1E10
30	2.64E-14	1E-30	1E-10	1E10	2.36E-9	0.0392	1E10	1E-30	5200	1E10	6.6E-8	282	1E10	3.01E-8	19.3	1E10	3.73E-8	7.15	1.38E-13	7.68E-10	0.443	1.64E-14	8.19E-9	24.3	1E-30	1E10	1E10	1E-30	1E10	1E10	1E-30	1E10	1E10	1E-30	1E10	1E10	1E-30	1E10	1E10	1E-30	1E10	1E10	1E-30	1E10	1E10	1E-30	1E10	1E10
31	1.45E-16	1E-30	1E-10	1E10	2.65E-9	0.042	1E10	1E-30	6110	1E10	6.45E-8	240	1E10	3.79E-8	24.3	1E10	3.4E-8	5.06	6.31E-14	1.06E-9	7.52	1.64E-13	8.19E-10	2.43	1E-30	1E10	1E10	1E-30	1E10	1E10	1E-30	1E10	1E10	1E-30	1E10	1E10	1E-30	1E10	1E10	1E-30	1E10	1E10	1E-30	1E10	1E10	1E-30	1E10	1E10
32	1.45E-16	1E-30	1E-10	1E10	2.65E-9	0.042	1E10	1E-30	6110	1E10	6.45E-8	240	1E10	3.79E-8	24.3	1E10	3.4E-8	5.06	6.31E-14	1.06E-9	7.52	1.64E-13	8.19E-10	2.43	1E-30	1E10	1E10	1E-30	1E10	1E10	1E-30	1E10	1E10	1E-30	1E10	1E10	1E-30	1E10	1E10	1E-30	1E10	1E10	1E-30	1E10	1E10	1E-30	1E10	1E10
33	1.45E-16	1E-30	1E-10	1E10	2.65E-9	0.042	1E10	1E-30	6110	1E10	6.45E-8	240	1E10	3.79E-8	24.3	1E10	3.4E-8	5.06	6.31E-14	1.06E-9	7.52	1.64E-13	8.19E-10	2.43	1E-30	1E10	1E10	1E-30	1E10	1E10	1E-30	1E10	1E10	1E-30	1E10	1E10	1E-30	1E10	1E10	1E-30	1E10	1E10	1E-30	1E10	1E10	1E-30	1E10	1E10
34	9.55E-15	1E-30	1E-10	1E10	2.99E-9	0.0747	1E10	1E-30	6110	1E10	7.41E-8	275	1E10	4.26E-8	27.2	1E10	4.28E-8	6.37	6.17E-14	7.15E-10	0.625	1.39E-15	9.19E-8	441	1E-30	1E10	1E10	1E-30	1E10	1E10	1E-30	1E10	1E10	1E-30	1E10	1E10	1E-30	1E10	1E10	1E-30	1E10	1E10	1E-30	1E10	1E10	1E-30	1E10	1E10
35	9.55E-15	1E-30	1E-10	1E10	2.99E-9	0.0747	1E10	1E-30	6110	1E10	7.41E-8	275	1E10	4.26E-8	27.2	1E10	4.28E-8	6.37	6.17E-14	7.15E-10	0.625	1.39E-15	9.19E-8	441	1E-30	1E10	1E10	1E-30	1E10	1E10	1E-30	1E10	1E10	1E-30	1E10	1E10	1E-30	1E10	1E10	1E-30	1E10	1E10	1E-30	1E10	1E10	1E-30	1E10	1E10
36	9.55E-15	1E-30	1E-10	1E10	2.99E-9	0.0747	1E10	1E-30	6110	1E10	7.41E-8	275	1E10	4.26E-8	27.2	1E10	4.28E-8	6.37	6.17E-14	7.15E-10	0.625	1.39E-15	9.19E-8	441	1E-30	1E10	1E10	1E-30	1E10	1E10	1E-30	1E10	1E10	1E-30	1E10	1E10	1E-30	1E10	1E10	1E-30	1E10	1E10	1E-30	1E10	1E10	1E-30	1E10	1E10
37	1.51E-14	1E-30	1E-10	1E10	3.43E-9	0.0819	1E10	1E-30	6260	1E10	9.12E-8	331	1E10	4.26E-8	27.2	1E10	4.28E-8	6.37	7.42E-14	7.15E-10	0.844	1.84E-15	6.97E-8	279	1E-30	1E10	1E10	1E-30	1E10	1E10	1E-30	1E10	1E10	1E-30	1E10	1E10	1E-30	1E10	1E10	1E-30	1E10	1E10	1E-30	1E10	1E10	1E-30	1E10	1E10
38	1.51E-14	1E-30	1E-10	1E10	3.43E-9	0.0819	1E10	1E-30	6260	1E10	9.12E-8	331	1E10	4.26E-8	27.2	1E10	4.28E-8	6.37	7.42E-14	7.15E-10	0.844	1.84E-15	6.97E-8	279	1E-30	1E10	1E10	1E-30	1E10	1E10	1E-30	1E10	1E10	1E-30	1E10	1E10	1E-30	1E10	1E10	1E-30	1E10	1E10	1E-30	1E10	1E10	1E-30	1E10	1E10
39	1.51E-14	1E-30	1E-10	1E10	3.43E-9	0.0819	1E10	1E-30	6260	1E10	9.12E-8	331	1E10	4.26E-8	27.2	1E10	4.28E-8	6.37	7.42E-14	7.15E-10	0.844	1.84E-15	6.97E-8	279	1E-30	1E10	1E10	1E-30	1E10	1E10	1E-30	1E10	1E10	1E-30	1E10	1E10	1E-30	1E10	1E10	1E-30	1E10	1E10	1E-30	1E10	1E10	1E-30	1E10	1E10
40	1.66E-14	1E-30	1E-10	1E10	3.68E-9	0.0962	1E10	1E-30	6260	1E10	9.77E-8	380	1E10	4.56E-8	28.5	1E10	4.28E-8	6.37	7.77E-14	7.49E-10	0.844	1.84E-15	6.97E-8	232	1E-30	1E10	1E10	1E-30	1E10	1E10	1E-30	1E10	1E10	1E-30	1E10	1E10	1E-30	1E10	1E10	1E-30	1E10	1E10	1E-30	1E10	1E10	1E-30	1E10	1E10
41	1.66E-14	1E-30	1E-10	1E10	3.68E-9	0.0962	1E10	1E-30	6260	1E10	9.77E-8	380	1E10	4.56E-8	28.5	1E10	4.28E-8	6.37	7.77E-14	7.49E-10	0.844	1.84E-15	6.97E-8	232	1E-30	1E10	1E10	1E-30	1E10	1E10	1E-30	1E10	1E10	1E-30	1E10	1E10	1E-30	1E10	1E10	1E-30	1E10	1E10	1E-30	1E10	1E10	1E-30	1E10	1E10
42	1.66E-14	1E-30	1E-10	1E10	3.68E-9	0.0962	1E10	1E-30	6260	1E10	9.77E-8	380	1E10	4.56E-8	28.5	1E10	4.28E-8	6.37	7.77E-14	7.49E-10	0.844	1.84E-15	6.97E-8	232	1E-30	1E10	1E10	1E-30	1E10	1E10	1E-30	1E10	1E10	1E-30	1E10	1E10	1E-30	1E10	1E10	1E-30	1E10	1E10	1E-30	1E10	1E10	1E-30	1E10	1E10
43	1.66E-14	1E-30	1E-10	1E10	4.13E-9	0.08	1E10	1E-30	6260	1E10	1.05E-7	407	1E10	4.78E-8	29.9	1E10	5.15E-8	5.55	1.38E-13	6.37E-10	0.443	1.84E-15	6.97E-8	46.2	1E-30	1E10	1E10	1E-30	1E10	1E10	1E-30	1E10	1E10	1E-30	1E10	1E10	1E-30	1E10	1E10	1E-30	1E10	1E10	1E-30	1E10	1E10	1E-30	1E10	1E10
44	1.66E-14	1E-30	1E-10	1E10	4.13E-9	0.08	1E10	1E-30	6260	1E10	1.05E-7	407	1E10	4.78E-8	29.9	1E10	5.15E-8	5.55	1.38E-13	6.37E-10	0.443	1.84E-15	6.97E-8	46.2	1E-30	1E10	1E10	1E-30	1E10	1E10	1E-30	1E10	1E10	1E-30	1E10	1E10	1E-30	1E10	1E10	1E-30	1E10	1E10	1E-30	1E10	1E10	1E-30	1E10	1E10
45	1.66E-14	1E-30	1E-10	1E10	4.13E-9	0.08	1E10	1E-30	6260	1E10	1.05E-7	407	1E10	4.78E-8	29.9	1E10	5.15E-8	5.55	1.38E-13	6.37E-10	0.443	1.84E-15	6.97E-8	46.2	1E-30	1E10	1E10	1E-30	1E10	1E10	1E-30	1E10	1E10	1E-30	1E10	1E10	1E-30	1E10	1E10	1E-30	1E10	1E10	1E-30	1E10	1E10	1E-30	1E10	1E10
46	3.31E-14	1E-30	1E-10	1E10	4.53E-9	0.105	1E10	1E-30	7020	1E10	1.32E-7	549	1E10	4.46E-8	27.9	1E10	5.15E-8	5.55	4.9E-14	1.13E-9	1.09	1.84E-15	6.97E-8	221	1.24E-15	7.17E-8	136	1E-30	1E10	1E10	1E-30	1E10	1E10	1E-30	1E10	1E10	1E-30	1E10	1E10	1E-30	1E10	1E10	1E-30	1E10	1E10	1E-30	1E10	1E10
47	3.31E-14	1E-30	1E-10	1E10	4.53E-9	0.105	1E10	1E-30	7020	1E10	1.32E-7	549	1E10	4.46E-8	27.9	1E10	5.15E-8	5.55	4.9E-14	1.13E-9	1.09	1.84E-15	6.97E-8	221	1.24E-15	7.17E-8	136	1E-30	1E10	1E10	1E-30	1E10	1E10	1E-30	1E10	1E10	1E-30	1E10	1E10	1E-30	1E10	1E10	1E-30	1E10	1E10	1E-30	1E10	1E10
48	3.31E-14	1E-30	1E-10	1E10	4.53E-9	0.105	1E10	1E-30	7020	1E10	1.32E-7	549	1E10	4.46E-8	27.9	1E10	5.15E-8	5.55	4.9E-14	1.13E-9	1.09	1.84E-15	6.97E-8	221	1.24E-15	7.17E-8	136	1E-30	1E10	1E10	1E-30	1E10	1E10	1E-30	1E10	1E10	1E-30	1E10	1E10	1E-30	1E10	1E10	1E-30	1E10	1E10	1E-30	1E10	1E10
49	2.09E-14	1E-30	1E-10	1E10	5.08E-9	0.113	1E10	1E-30	8440	1E10	1.38E-7	575	1E10	5.36E-8	33.5	1E10	6.19E-8	6.67	7.59E-14	6.99E-10	2.73	2.48E-15	5.17E-8	164	1.24E-15	7.17E-8	136	1E-30	1E10	1E10	1E-30	1E10	1E10	1E-30	1E10	1E10	1E-30	1E10	1E10	1E-30	1E10	1E10	1E-30	1E10	1E10	1E-30	1E10	1E10
50	2.09E-14	1E-30	1E-10	1E10	5.08E-9	0.113	1E10	1E-30	8440	1E10	1.38E-7	575	1E10	5.36E-8	33.5	1E10	6.19E-8	6.67	7.59E-14	6.99E-10	2.73	2.48E-15	5.17E-8	164	1.24E-15	7.17E-8	136	1E-30	1E10	1E10	1E-30	1E10	1E10	1E-30	1E10	1E10	1E-30	1E10	1E10	1E-30	1E10	1E10	1E-30	1E10	1E10	1E-30	1E10	1E10
51	2.09E-14	1E-30	1E-10	1E10	5.08E-9	0.113	1E10	1E-30	8440	1E10	1.38E-7	575	1E10	5.36E-8	33.5	1E10	6.19E-8	6.67	7.59E-14	6.99E-10	2.73	2.48E-15	5.17E-8	164	1.24E-15	7.17E-8	136	1E-30	1E10	1E10	1E-30	1E10	1E10	1E-30	1E10	1E10	1E-30	1E10	1E10	1E-30	1E10	1E10	1E-30	1E10	1E10	1E-30	1E10	1E10
52	2.09E-14	1E-30	1E-10	1E10	5.45E-9	0.129	1E10	1E-30	8440	1E10	1.38E-7	575	1E10	5.61E-8	33.5	1E10	6.19E-8	6.67	8.51E-14	7.84E-10	2.73	2.48E-15	5.17E-8	164	1E-30	1E10	1E10	1E-30	1E10	1E10	1E-30	1E10	1E10	1E-30	1E10	1E10	1E-30	1E10	1E10	1E-30	1E10	1E10	1E-30	1E10	1E10	1E-30	1E10	1E10
53	2.09E-14	1E-30	1E-10	1E10	5.45E-9	0.129	1E10	1E-30	8440	1E10	1.38E-7	575	1E10	5.61E-8	33.5	1E10	6.19E-8	6.67	8.51E-14	7.84E-10	2.73	2.48E-15	5.17E-8	164	1E-30	1E10	1E10	1E-30	1E10	1E10	1E-30	1E10	1E10	1E-30	1E10	1E10	1E-30	1E10	1E10	1E-30	1E10	1E10	1E-30	1E10	1E10	1E-30	1E10	1E10
54	2.09E-14	1E-30	1E-10	1E10	5.45E-9	0.129	1E10	1E-30	8440	1E10	1.38E-7	575	1E10	5.61E-8	33.5	1E10	6.19E-8	6.67	8.51E-14	7.84E-10	2.73	2.48E-15	5.17E-8	164	1E-30	1E10	1E10	1E-30	1E10	1E10	1E-30	1E10	1E10	1E-30	1E10	1E10	1E-30	1E10	1E10	1E-30	1E10	1E10	1E-30	1E10	1E10	1E-30	1E10	1E10
55	6.61E-15	1E-30	1E-10	1E10	6.11E-9	0.135	1E10	1E-30	8060	1E10	1.38E-7	512	1E10	6.01E-8	33.5	1E10	7.97E-8	8.8	1.15E-13	5.81E-10	0.508	4.52E-15	2.71E-8	88.2	1E-30	1E10	1E10	1E-30	1E10	1E10	1E-30	1E10	1E10	1E-30	1E10	1E10	1E-30	1E10	1E10	1E-30	1E10	1E10	1E-30	1E10	1E10	1E-30	1E10	1E10
56	6.61E-15	1E-30	1E-10	1E10	6.11E-9	0.135	1E10	1E-30	8060	1E10	1.38E-7	512	1E10	6.01E-8	33.5	1E10	7.97E-8	8.8	1.15E-13	5.81E-10	0.508	4.52E-15	2.71E-8	88.2	1E-30	1E10	1E10	1E-30	1E10	1E10	1E-30	1E10	1E10	1E-30	1E10	1E10	1E-30	1E10	1E10	1E-30	1E10	1E10	1E-30	1E10	1E10	1E-30	1E10	1E10
57	6.61E-15	1E-30	1E-10	1E10	6.11E-9	0.135	1E10	1E-30	8060	1E10	1.38E-7	512	1E10	6.01E-8	33.5	1E10	7.97E-8	8.8	1.15E-13	5.81E-10	0.508	4.52E-15	2.71E-8	88.2	1E-30	1E10	1E10	1E-30	1E10	1E10	1E-30	1E10	1E10	1E-30	1E10	1E10	1E-30	1E10	1E10	1E-30	1E10	1E10	1E-30	1E10	1E10	1E-30	1E10	1E10
58	4.17E-14	1E-30	1E-10	1E10	6.74E-9	0.135	1E10	1E-30	8060	1E10	1.38E-7	512	1E10	6.59E-8	36.8	1E10	7.97E-8	8.8	1.35E-13	6.83E-10	1.61	4.73E-15	2.84E-8	55.7	1E-30	1E10	1E10	1E-30	1E10	1E10	1E-30	1E10	1E10	1E-30	1E10	1E10	1E-30	1E10	1E10	1E-30	1E10	1E10	1E-30	1E10	1E10	1E-30	1E10	1E10
59	4.17E-14	1E-30	1E-10	1E10	6.74E-9	0.135	1E10	1E-30	8060	1E10	1.38E-7	512	1E10	6.59E-8	36.8	1E10	7.97E-8	8.8	1.35E-13	6.83E-10	1.61	4.73E-15	2.84E-8	55.7	1E-30	1E10	1E10	1E-30	1E10	1E10	1E-30	1E10	1E10	1E-30	1E10	1E10	1E-30	1E10	1E10	1E-30	1E10	1E10	1E-30	1E10	1E10	1E-30	1E10	1E10
60	4.17E-14	1E-30	1E-10	1E10	6.74E-9	0.135	1E10	1E-30	8060	1E10	1.38E-7	512	1E10	6.59E-8	36.8	1E10	7.97E-8	8.8	1.35E-13	6.83E-10	1.61	4.73E-15	2.84E-8	55.7	1E-30	1E10	1E10	1E-30	1E10	1E10	1E-30	1E10	1E10	1E-30	1E10	1E10	1E-30	1E10	1E10	1E-30	1E10	1E10	1E-30	1E10	1E10	1E-30	1E10	1E10
61	3.02E-14	1E-30	1E-10	1E10	7.22E-9	0.152	1E10	1E-30	8060	1E10	1.51E-7	536	1E10	7.06E-8	35.1	1E10	1.07E-7	11.3	1.35E-13	6.83E-10	1.61	4.73E-15	2.84E-8	55.7	1E-30	1E10	1E10	1E-30	1E10	1E10	1E-30	1E10	1E10	1E-30	1E10	1E10	1E-30	1E10	1E10	1E-30	1E10	1E10	1E-30	1E10	1E10	1E-30	1E10	1E10
62	3.02E-14	1E-30	1E-10	1E10	7.22E-9	0.152	1E10	1E-30	8060	1E10	1.51E-7	536	1E10	7.06E-8	35.1	1E10	1.07E-7	11.3	1.35E-13	6.83E-10	1.61	4.73E-15	2.84E-8	55.7	1E-30	1E10	1E10	1E-30	1E10	1E10	1E-30	1E10	1E10	1E-30	1E10	1E10	1E-30	1E10	1E10	1E-30	1E10	1E10	1E-30	1E10	1E10	1E-30	1E10	1E10
63	3.02E-14	1E-30	1E-10	1E10	7.22E-9	0.152	1E10	1E-30	8060	1E10	1.51E-7	536	1E10	7.06E-8	35.1	1E10	1.07E-7	11.3	1.35E-13	6.83E-10	1.61	4.73E-15	2.84E-8	55.7	1E-30	1E10	1E10	1E-30	1E10	1E10	1E-30	1E10	1E10	1E-30	1E10	1E10	1E-30	1E10	1E10	1E-30	1E10	1E10	1E-30	1E10	1E10	1E-30	1E10	1E10
64	2.24E-14	1E-30	1E-10	1E10	8.11E-9	0.17	1E10	1E-30	8440	1E10	1.82E-7	645	1E10	6.9E-8	34.3	1E10	1.07E-7	11.3	1.15E-13	5.81E-10	0.903	3.83E-15	5.31E-8	45	2.54E-15	5.29E-8	101	1E-30	1E10	1E10	1E-30	1E10	1E10	1E-30	1E10	1E10	1E-30	1E10	1E10	1E-30	1E10	1E10	1E-30	1E10	1E10	1E-30	1E10	1E10
65	2.24E-14	1E-30	1E-10	1E10	8.11E-9	0.17	1E10	1E-30	8440	1E10	1.82E-7	645	1E10	6.9E-8	34.3	1E10	1.07E-7	11.3	1.15E-13	5.81E-10	0.903	3.83E-15	5.31E-8	45	2.54E-15	5.29E-8	101	1E-30	1E10	1E10	1E-30	1E10	1E10	1E-30	1E10	1E10	1E-30	1E10	1E10	1E-30	1E10	1E10	1E-30	1E10	1E10	1E-30	1E10	1E10
66	2.24E-14	1E-30	1E-10	1E10	8.11E-9	0.17	1E10	1E-30	8440	1E10	1.82E-7	645	1E10	6.9E-8	34.3	1E10	1.07E-7	11.3	1.15E-13	5.81E-10	0.903	3.83E-15	5.31E-8	45	2.54E-15	5.29E-8	101	1E-30	1E10	1E10	1E-30	1E10	1E10	1E-30	1E10	1E10	1E-30	1E10	1E10	1E-30	1E10	1E10	1E-30	1E10	1E10	1E-30	1E10	1E10
67	1.62E-14	1E-30	1E-10	1E10	9.35E-9	0.17	1E10	1E-30	10100	1E10	1.86E-7	724	1E10	7.57E-8	37.6	1E10	1.03E-7	10.1	1.29E-13	6.52E-10	0.903	1.56E-15	1.13E-7	1030	2.54E-15	5.29E-8	101	1E-30	1E10	1E10	1E-30	1E10	1E10	1E-30	1E10	1E10	1E-30	1E10	1E10	1E-30	1E10	1E10	1E-30	1E10	1E10	1E-30	1E10	1E10
68	1.62E-14	1E-30	1E-10	1E10	9.35E-9	0.17	1E10	1E-30	10100	1E10	1.86E-7	724	1E10	7.57E-8	37.6	1E10	1.03E-7	10.1	1.29E-13	6.52E-10	0.903	1.56E-15	1.13E-7	1030	2.54E-15	5.29E-8	101	1E-30	1E10	1E10	1E-30	1E10	1E10	1E-30	1E10	1E10	1E-30	1E10	1E10	1E-30	1E10	1E10	1E-30	1E10	1E10	1E-30	1E10	1E10
69	1.62E-14	1E-30	1E-10	1E10	9.35E-9	0.17	1E10	1E-30	10100	1E10	1.86E-7	724	1E10	7.57E-8	37.6	1E10	1.03E-7	10.1	1.29E-13	6.52E-10	0.903	1.56E-15	1.13E-7	1030	2.54E-15	5.29E-8	101	1E-30	1E10	1E10	1E-30	1E10	1E10	1E-30	1E10	1E10	1E-30	1E10	1E10	1E-30	1E10	1E10	1E-30	1E10	1E10	1E-30	1E10	1E10
70	5.5E-14	1E-30	1E-10	1E10	1.02E-8	0.17	1E10	1E-30	9250	1E10	1.95E-7	675	1E10	8.69E-8	43.2	1E10	9.36E-8	9	1.2E-13	8.4E-10	1.3	5.67E-15	3.12E-8	220	1E-30	1E10	1E10	1E-30	1E10	1E10	1E-30	1E10	1E10	1E-30	1E10	1E10	1E-30	1E10	1E10	1E-30	1E10	1E10	1E-30	1E10	1E10	1E-30	1E10	1E10
71	5.5E-14	1E-30	1E-10	1E10	1.02E-8	0.17	1E10	1E-30	9250	1E10	1.95E-7	675	1E10	8.69E-8	43.2	1E10	9.36E-8	9	1.2E-13	8.4E-10	1.3	5.67E-15	3.12E-8	220	1E-30	1E10	1E10	1E-30	1E10	1E10	1E-30	1E10	1E10	1E-30	1E10	1E10	1E-30	1E10	1E10	1E-30	1E10	1E10	1E-30	1E10	1E10	1E-30	1E10	1E10
72	5.5E-14	1E-30	1E-10	1E10	1.02E-8	0.17	1E10	1E-30	9250	1E10	1.95E-7	675	1E10	8.69E-8	43.2	1E10	9.36E-8	9	1.2E-13	8.4E-10	1.3	5.67E-15	3.12E-8	220	1E-30	1E10	1E10	1E-30	1E10	1E10	1E-30	1E10	1E10	1E-30	1E10	1E10	1E-30	1E10	1E10	1E-30	1E10	1E10	1E-30	1E10	1E10	1E-30	1E10	1E10
73	2.24E-14	1E-30	1E-10	1E10	1.17E-8	0.191	1E10	1E-30	10600	1E10	2.34E-7	850	1E10	9.53E-8	47.3	1E10	9.15E-8	8.8	6.46E-14	1.64E-9	3.13	5.8E-14	8.03E-10	3.18	1E-30	1E10	1E10	1E-30	1E10	1E10	1E-30	1E10	1E10	1E-30	1E10	1E10	1E-30	1E10	1E10	1E-30	1E10	1E10	1E-30	1E10	1E10	1E-30	1E10	1E10
74	2.24E-14	1E-30	1E-10	1E10	1.17E-8	0.191	1E10	1E-30	10600	1E10	2.34E-7	850	1E10	9.53E-8	47.3	1E10	9.15E-8	8.8	6.46E-14	1.64E-9	3.13	5.8E-14	8.03E-10	3.18	1E-30	1E10	1E10	1E-30	1E10	1E10	1E-30	1E10	1E10	1E-30	1E10	1E10	1E-30	1E10	1E10	1E-30	1E10	1E10	1E-30	1E10	1E10	1E-30	1E10	1E10
75	2.24E-14	1E-30	1E-10	1E10	1.17E-8	0.191	1E10	1E-30	10600	1E10	2.34E-7	850	1E10	9.53E-8	47.3	1E10	9.15E-8	8.8	6.46E-14	1.64E-9	3.13	5.8E-14	8.03E-10	3.18	1E-30	1E10	1E10	1E-30	1E10	1E10	1E-30	1E10	1E10	1E-30	1E10	1E10	1E-30	1E10	1E10	1E-30	1E10	1E10	1E-30	1E10	1E10	1E-30	1E10	1E10
76	1.7E-14	1E-30	1E-10	1E10	1.5E-8	0.187	1E10	1E-30	10400	1E10	2.57E-7	890	1E10	1.09E-7	54.4	1E10	7.27E-8	5.68	6.1E-14	1.1E-9	2.06	1.86E-14	7.15E-9	7.68	9.19E-14	1.27E-9	3.18	1E-30	1E10	1E10	1E-30	1E10	1E10	1E-30	1E10	1E10	1E-30	1E10	1E10	1E-30	1E10	1E10	1E-30	1E10	1E10	1E-30	1E10	1E10
77	1.7E-14	1E-30	1E-10	1E10	1.5E-8	0.187	1E10	1E-30	10400	1E10	2.57E-7	890	1E10	1.09E-7	54.4	1E10	7.27E-8	5.68	6.1E-14	1.1E-9	2.06	1.86E-14	7.15E-9	7.68	9.19E-14	1.27E-9	3.18	1E-30	1E10	1E10	1E-30	1E10	1E10	1E-30	1E10	1E10	1E-30	1E10	1E10	1E-30	1E10	1E10	1E-30	1E10	1E10	1E-30	1E10	1E10
78	1.7E-14	1E-30	1E-10	1E10	1.5E-8	0.187	1E10	1E-30	10400	1E10	2.57E-7	890	1E10	1.09E-7	54.4	1E10	7.27E-8	5.68	6.1E-14	1.1E-9	2.06	1.86E-14	7.15E-9	7.68	9.19E-14	1.27E-9	3.18	1E-30	1E10	1E10	1E-30	1E10	1E10	1E-30	1E10	1E10	1E-30	1E10	1E10	1E-30	1E10	1E10	1E-30	1E10	1E10	1E-30	1E10	1E10
79	6.17E-15	1E-30	1E-10	1E10	1.95E-8	0.205	1E10	1E-30	12800	1E10	3.16E-7	1120	1E10	1.41E-7	75	1E10	7.79E-8	6.52	1.28E-13	5.77E-10	1.03	5.37E-14	2.6E-9	5.44	6.21E-15	1.88E-8	297	1E-30	1E10	1E10	1E-30	1E10	1E10	1E-30	1E10	1E10	1E-30	1E10	1E10	1E-30	1E10	1E10	1E-30	1E10	1E10	1E-30	1E10	1E10
80	6.17E-15	1E-30	1E-10	1E10	1.95E-8	0.205	1E10	1E-30	12800	1E10	3.16E-7	1120	1E10	1.41E-7	75	1E10	7.79E-8	6.52	1.28E-13	5.77E-10	1.03	5.37E-14	2.6E-9	5.44	6.21E-15	1.88E-8	297	1E-30	1E10	1E10	1E-30	1E10	1E10	1E-30	1E10	1E10	1E-30	1E10	1E10	1E-30	1E10	1E10	1E-30	1E10	1E10	1E-30	1E10	1E10
81	6.17E-15	1E-30	1E-10	1E10	1.95E-8	0.205	1E10	1E-30	12800	1E10	3.16E-7	1120	1E10	1.41E-7	75	1E10	7.79E-8	6.52	1.28E-13	5.77E-10	1.03	5.37E-14	2.6E-9	5.44	6.21E-15	1.88E-8	297	1E-30	1E10	1E10	1E-30	1E10	1E10	1E-30	1E10	1E10	1E-30	1E10	1E10	1E-30	1E10	1E10	1E-30	1E10	1E10	1E-30	1E10	1E10
82	2.4E-14	1E-30	1E-10	1E10	2.19E-8	0.276	1E10	1E-30	17200	1E10	3.62E-7	1350	1E10	1.69E-7	88.2	1E10	1.29E-7	13.3	1.25E-13	5.9E-10	1.33	3.98E-14	4.83E-9	11.9	5.93E-15	1.97E-8	311	1E-30	1E10	1E10	1E-30	1E10	1E10	1E-30	1E10	1E10	1E-30	1E10	1E10	1E-30	1E10	1E10	1E-30	1E10	1E10	1E-30	1E10	1E10
83	2.4E-14	1E-30	1E-10	1E10	2.19E-8	0.276	1E10	1E-30	17200	1E10	3.62E-7	1350	1E10	1.69E-7	88.2	1E10	1.29E-7	13.3	1.25E-13	5.9E-10	1.33	3.98E-14	4.83E-9	11.9	5.93E-15	1.97E-8	311	1E-30	1E10	1E10	1E-30	1E10	1E10	1E-30	1E10	1E10	1E-30	1E10	1E10	1E-30	1E10	1E10	1E-30	1E10	1E10	1E-30	1E10	1E10
84	2.4E-14	1E-30	1E-10	1E10	2.19E-8	0.276	1E10	1E-30	17200	1E10	3.62E-7	1350	1E10	1.69E-7	88.2	1E10	1.29E-7	13.3	1.25E-13	5.9E-10	1.33	3.98E-14	4.83E-9	11.9	5.93E-15	1.97E-8	311	1E-30	1E10	1E10	1E-30	1E10	1E10	1E-30	1E10	1E10	1E-30	1E10	1E10	1E-30	1E10	1E10	1E-30	1E10	1E10	1E-30	1E10	1E10
85	5.89E-14	1E-30	1E-10	1E10	2.63E-8	0.332	1E10	1E-30	17200	1E10	4.16E-7	1410	1E10	2.08E-7	104	1E10	1.87E-7	19.7	1.03E-14	1.26E-8	56.2	1.14E-13	7.09E-10	0.939	1.48E-14	1.72E-8	31.3	1E-30	1E10	1E10	1E-30	1E10	1E10	1E-30	1E10	1E10	1E-30	1E10	1E10	1E-30	1E10	1E10	1E-30	1E10	1E10	1E-30	1E10	1E10
86	5.89E-14	1E-30	1E-10	1E10	2.63E-8	0.332	1E10	1E-30	17200	1E10	4.16E-7	1410	1E10	2.08E-7	104	1E10	1.87E-7	19.7	1.03E-14	1.26E-8	56.2	1.14E-13	7.09E-10	0.939	1.48E-14	1.72E-8	31.3	1E-30	1E10	1E10	1E-30	1E10	1E10	1E-30	1E10	1E10	1E-30	1E10	1E10	1E-30	1E10	1E10	1E-30	1E10	1E10	1E-30	1E10	1E10
87	5.89E-14	1E-30	1E-10	1E10	2.63E-8	0.332	1E10	1E-30	17200	1E10	4.16E-7	1410	1E10	2.08E-7	104	1E10	1.87E-7	19.7	1.03E-14	1.26E-8	56.2	1.14E-13	7.09E-10	0.939	1.48E-14	1.72E-8	31.3	1E-30	1E10	1E10	1E-30	1E10	1E10	1E-30	1E10	1E10	1E-30	1E10	1E10	1E-30	1E10	1E10	1E-30	1E10	1E10	1E-30	1E10	1E10
88	4.79E-14	1E-30	1E-10	1E10	3.24E-8	0.418	1E10	1E-30	62600	1E10	4.16E-7	1580	1E10	2.75E-7	143	1E10	2.25E-7	27.2	1.05E-14	1.29E-8	64.5	3.85E-14	2.4E-9	4.1	3.63E-14	8.4E-9	25.4	7.75E-14	8.66E-10	1.47	1E-30	1E10	1E10	1E-30	1E10	1E10	1E-30	1E10	1E10	1E-30	1E10	1E10	1E-30	1E10	1E10	1E-30	1E10	1E10
89	4.79E-14	1E-30	1E-10	1E10	3.24E-8	0.418	1E10	1E-30	62600	1E10	4.16E-7	1580	1E10	2.75E-7	143	1E10	2.25E-7	27.2	1.05E-14	1.29E-8	64.5	3.85E-14	2.4E-9	4.1	3.63E-14	8.4E-9	25.4	7.75E-14	8.66E-10	1.47	1E-30	1E10	1E10	1E-30	1E10	1E10	1E-30	1E10	1E10	1E-30	1E10	1E10	1E-30	1E10	1E10	1E-30	1E10	1E10
90	4.79E-14	1E-30	1E-10	1E10	3.24E-8	0.418	1E10	1E-30	62600	1E10	4.16E-7	1580	1E10	2.75E-7	143	1E10	2.25E-7	27.2	1.05E-14	1.29E-8	64.5	3.85E-14	2.4E-9	4.1	3.63E-14	8.4E-9	25.4	7.75E-14	8.66E-10	1.47	1E-30	1E10	1E10	1E-30	1E10	1E10	1E-30	1E10	1E10	1E-30	1E10	1E10	1E-30	1E10	1E10	1E-30	1E10	1E10
91	1.55E-14	1E-30	1E-10	1E10	3.98E-8	0.448	1E10	1E-30	42300	1E10	5.36E-7	1860	1E10	3.46E-7	168	1E10	2.52E-7	30.5	4.59E-14	2.95E-9	13.8	1.93E-14	4.58E-9	30.4	2.63E-14	1.46E-8	39.4	1.07E-13	6.57E-10	1.37	1E-30	1E10	1E10	1E-30	1E10	1E10	1E-30	1E10	1E10	1E-30	1E10	1E10	1E-30	1E10	1E10	1E-30	1E10	1E10
92	1.55E-14	1E-30	1E-10	1E10	3.98E-8	0.448	1E10	1E-30	42300	1E10	5.36E-7	1860	1E10	3.46E-7	168	1E10	2.52E-7	30.5	4.59E-14	2.95E-9	13.8	1.93E-14	4.58E-9	30.4	2.63E-14	1.46E-8	39.4	1.07E-13	6.57E-10	1.37	1E-30	1E10	1E10	1E-30	1E10	1E10	1E-30	1E10	1E10	1E-30	1E10	1E10	1E-30	1E10	1E10	1E-30	1E10	1E10
93	1.55E-14	1E-30	1E-10	1E10	3.98E-8	0.448	1E10	1E-30	42300	1E10	5.36E-7	1860	1E10	3.46E-7	168	1E10	2.52E-7	30.5	4.59E-14	2.95E-9	13.8	1.93E-14	4.58E-9	30.4	2.63E-14	1.46E-8	39.4	1.07E-13	6.57E-10	1.37	1E-30	1E10	1E10	1E-30	1E10	1E10	1E-30	1E10	1E10	1E-30	1E10	1E10	1E-30	1E10	1E10	1E-30	1E10	1E10
94	3.16E-14	1E-30	1E-10	1E10	4.79E-8	0.526	1E10	1E-30	46300	1E10	6.01E-7	1900	1E10	4.26E-7	211	1E10	2.63E-7	29.1	3.41E-14	4.57E-9	20	1.93E-14	4.58E-9	30.4	2.09E-14	2.31E-8	55.7	1.12E-13	6.87E-10	1.54	1E-30	1E10	1E10	1E-30	1E10	1E10	1E-30	1E10	1E10	1E-30	1E10	1E10	1E-30	1E10	1E10	1E-30	1E10	1E10
95	3.16E-14	1E-30	1E-10	1E10	4.79E-8	0.526	1E10	1E-30	46300	1E10	6.01E-7	1900	1E10	4.26E-7	211	1E10	2.63E-7	29.1	3.41E-14	4.57E-9	20	1.93E-14	4.58E-9	30.4	2.09E-14	2.31E-8	55.7	1.12E-13	6.87E-10	1.54	1E-30	1E10	1E10	1E-30	1E10	1E10	1E-30	1E10	1E10	1E-30	1E10	1E10	1E-30	1E10	1E10	1E-30	1E10	1E10
96	3.16E-14	1E-30	1E-10	1E10	4.79E-8	0.526	1E10	1E-30	46300	1E10	6.01E-7	1900	1E10	4.26E-7	211	1E10	2.63E-7	29.1	3.41E-14	4.57E-9	20	1.93E-14	4.58E-9	30.4	2.09E-14	2.31E-8	55.7	1.12E-13	6.87E-10	1.54	1E-30	1E10	1E10	1E-30	1E10	1E10	1E-30	1E10	1E10	1E-30	1E10	1E10	1E-30	1E10	1E10	1E-30	1E10	1E10
97	1.26E-14	1E-30	1E-10	1E10	5.85E-8	0.538	1E10	1E-30	57E3	1E10	7.06E-7	2280	1E10	5.01E-7	248	1E10	2.76E-7	29.1	2.01E-14	8.14E-9	34.8	2.27E-14	5.38E-9	30.4	1.45E-14	4.2E-8	90.3	9.74E-14	9.06E-10	3.78	6.41E-14	1.05E-9	2.12	1E-30	1E10	1E10	1E-30	1E10	1E10	1E-30	1E10	1E10	1E-30	1E10	1E10	1E-30	1E10	1E10
98	1.26E-14	1E-30	1E-10	1E10	5.85E-8	0.538	1E10	1E-30	57E3	1E10	7.06E-7	2280	1E10	5.01E-7	248	1E10	2.76E-7	29.1	2.01E-14	8.14E-9	34.8	2.27E-14	5.38E-9	30.4	1.45E-14	4.2E-8	90.3	9.74E-14	9.06E-10	3.78	6.41E-14	1.05E-9	2.12	1E-30	1E10	1E10	1E-30	1E10	1E10	1E-30	1E10	1E10	1E-30	1E10	1E10	1E-30	1E10	1E10
99	1.26E-14	1E-30	1E-10	1E10	5.85E-8	0.538	1E10	1E-30	57E3	1E10	7.06E-7	2280	1E10	5.01E-7	248	1E10	2.76E-7	29.1	2.01E-14	8.14E-9	34.8	2.27E-14	5.38E-9	30.4	1.45E-14	4.2E-8	90.3	9.74E-14	9.06E-10	3.78	6.41E-14	1.05E-9	2.12	1E-30	1E10	1E10	1E-30	1E10	1E10	1E-30	1E10	1E10	1E-30	1E10	1E10	1E-30	1E10	1E10
100	4.57E-14	1E-30	1E-10	1E10	7.2E-8	0.647	1E10	1E-30	57E3	1E10	8.11E-7	2560	1E10	6.02E-7	298	1E10	3.39E-7	34.2	8.17E-15	2.89E-8	103	2.12E-14	5.02E-9	30.4	1.23E-14	6.21E-8	119	1.51E-13	5.1E-10	1.14	1E-30	1E10	1E10	1E-30	1E10	1E10	1E-30	1E10	1E10	1E-30	1E10	1E10	1E-30	1E10	1E10	1E-30	1E10	1E10
101	4.57E-14	1E-30	1E-10	1E10	7.2E-8	0.647	1E10	1E-30	57E3	1E10	8.11E-7	2560	1E10	6.02E-7	298	1E10	3.39E-7	34.2	8.17E-15	2.89E-8	103	2.12E-14	5.02E-9	30.4	1.23E-14	6.21E-8	119	1.51E-13	5.1E-10	1.14	1E-30	1E10	1E10	1E-30	1E10	1E10	1E-30	1E10	1E10	1E-30	1E10	1E10	1E-30	1E10	1E10	1E-30	1E10	1E10
102	4.57E-14	1E-30	1E-10	1E10	7.2E-8	0.647	1E10	1E-30	57E3	1E10	8.11E-7	2560	1E10	6.02E-7	298	1E10	3.39E-7	34.2	8.17E-15	2.89E-8	103	2.12E-14	5.02E-9	30.4	1.23E-14	6.21E-8	119	1.51E-13	5.1E-10	1.14	1E-30	1E10	1E10	1E-30	1E10	1E10	1E-30	1E10	1E10	1E-30	1E10	1E10	1E-30	1E10	1E10	1E-30	1E10	1E10
103	2.34E-14	1E-30	1E-10	1E10	8.86E-8	0.726	1E10	1E-30	279E3	1E10	9.1E-7	2870	1E10	7.4E-7	359	1E10	3.81E-7	37.5	7.28E-15	4.27E-8	132	2.22E-14	6.03E-9	32.5	1.41E-14	7.13E-8	119	1.58E-13	5.34E-10	1.73	2.78E-14	2.65E-9	2.36	1E-30	1E10	1E10	1E-30	1E10	1E10	1E-30	1E10	1E10	1E-30	1E10	1E10	1E-30	1E10	1E10
104	2.34E-14	1E-30	1E-10	1E10	8.86E-8	0.726	1E10	1E-30	279E3	1E10	9.1E-7	2870	1E10	7.4E-7	359	1E10	3.81E-7	37.5	7.28E-15	4.27E-8	132	2.22E-14	6.03E-9	32.5	1.41E-14	7.13E-8	119	1.58E-13	5.34E-10	1.73	2.78E-14	2.65E-9	2.36	1E-30	1E10	1E10	1E-30	1E10	1E10	1E-30	1E10	1E10	1E-30	1E10	1E10	1E-30	1E10	1E10
105	2.34E-14	1E-30	1E-10	1E10	8.86E-8	0.726	1E10	1E-30	279E3	1E10	9.1E-7	2870	1E10	7.4E-7	359	1E10	3.81E-7	37.5	7.28E-15	4.27E-8	132	2.22E-14	6.03E-9	32.5	1.41E-14	7.13E-8	119	1.58E-13	5.34E-10	1.73	2.78E-14	2.65E-9	2.36	1E-30	1E10	1E10	1E-30	1E10	1E10	1E-30	1E10	1E10	1E-30	1E10	1E10	1E-30	1E10	1E10
106	3.31E-15	1E-30	1E-10	1E10	1.04E-7	0.914	1E10	1E-30	106E3	1E10	1.12E-6	3220	1E10	8.7E-7	422	1E10	4.58E-7	44	1.05E-14	3.72E-8	103	2.49E-14	7.09E-9	33.3	1.55E-14	7.82E-8	119	8.48E-14	1.25E-9	5.73	1.62E-13	5.23E-10	1.32	1E-30	1E10	1E10	1E-30	1E10	1E10	1E-30	1E10	1E10	1E-30	1E10	1E10	1E-30	1E10	1E10
107	3.31E-15	1E-30	1E-10	1E10	1.04E-7	0.914	1E10	1E-30	106E3	1E10	1.12E-6	3220	1E10	8.7E-7	422	1E10	4.58E-7	44	1.05E-14	3.72E-8	103	2.49E-14	7.09E-9	33.3	1.55E-14	7.82E-8	119	8.48E-14	1.25E-9	5.73	1.62E-13	5.23E-10	1.32	1E-30	1E10	1E10	1E-30	1E10	1E10	1E-30	1E10	1E10	1E-30	1E10	1E10	1E-30	1E10	1E10
108	3.31E-15	1E-30	1E-10	1E10	1.04E-7	0.914	1E10	1E-30	106E3	1E10	1.12E-6	3220	1E10	8.7E-7	422	1E10	4.58E-7	44	1.05E-14	3.72E-8	103	2.49E-14	7.09E-9	33.3	1.55E-14	7.82E-8	119	8.48E-14	1.25E-9	5.73	1.62E-13	5.23E-10	1.32	1E-30	1E10	1E10	1E-30	1E10	1E10	1E-30	1E10	1E10	1E-30	1E10	1E10	1E-30	1E10	1E10
109	2.63E-14	1E-30	1E-10	1E10	1.28E-7	0.957	1E10	1E-30	106E3	1E10	1.26E-6	3620	1E10	9.54E-7	462	1E10	4.79E-7	46.1	6.2E-15	8.32E-8	200	7.18E-15	3.39E-8	136	1.18E-14	1.36E-7	180	3.7E-14	3.45E-9	28.7	1.38E-13	6.15E-10	2.76	1E-13	1.02E-9	2.44	1E-30	1E10	1E10	1E-30	1E10	1E10	1E-30	1E10	1E10	1E-30	1E10	1E10
110	2.63E-14	1E-30	1E-10	1E10	1.28E-7	0.957	1E10	1E-30	106E3	1E10	1.26E-6	3620	1E10	9.54E-7	462	1E10	4.79E-7	46.1	6.2E-15	8.32E-8	200	7.18E-15	3.39E-8	136	1.18E-14	1.36E-7	180	3.7E-14	3.45E-9	28.7	1.38E-13	6.15E-10	2.76	1E-13	1.02E-9	2.44	1E-30	1E10	1E10	1E-30	1E10	1E10	1E-30	1E10	1E10	1E-30	1E10	1E10
111	2.63E-14	1E-30	1E-10	1E10	1.28E-7	0.957	1E10	1E-30	106E3	1E10	1.26E-6	3620	1E10	9.54E-7	462	1E10	4.79E-7	46.1	6.2E-15	8.32E-8	200	7.18E-15	3.39E-8	136	1.18E-14	1.36E-7	180	3.7E-14	3.45E-9	28.7	1.38E-13	6.15E-10	2.76	1E-13	1.02E-9	2.44	1E-30	1E10	1E10	1E-30	1E10	1E10	1E-30	1E10	1E10	1E-30	1E10	1E10
112	2.63E-14	1E-30	1E-10	1E10	1.57E-7	1.03	1E10	1E-30	64E3	1E10	1.62E-6	4060	1E10	1.32E-6	638	1E10	5.76E-7	55.4	6.95E-15	9.34E-8	200	7.87E-15	3.72E-8	136	1.32E-14	1.52E-7	180	3.7E-14	3.45E-9	28.7	2.51E-13	3.71E-10	1	1E-30	1E10	1E10	1E-30	1E10	1E10	1E-30	1E10	1E10	1E-30	1E10	1E10	1E-30	1E10	1E10
113	2.63E-14	1E-30	1E-10	1E10	1.57E-7	1.03	1E10	1E-30	64E3	1E10	1.62E-6	4060	1E10	1.32E-6	638	1E10	5.76E-7	55.4	6.95E-15	9.34E-8	200	7.87E-15	3.72E-8	136	1.32E-14	1.52E-7	180	3.7E-14	3.45E-9	28.7	2.51E-13	3.71E-10	1	1E-30	1E10	1E10	1E-30	1E10	1E10	1E-30	1E10	1E10	1E-30	1E10	1E10	1E-30	1E10	1E10
114	2.63E-14	1E-30	1E-10	1E10	1.57E-7	1.03	1E10	1E-30	64E3	1E10	1.62E-6	4060	1E10	1.32E-6	638	1E10	5.76E-7	55.4	6.95E-15	9.34E-8	200	7.87E-15	3.72E-8	136	1.32E-14	1.52E-7	180	3.7E-14	3.45E-9	28.7	2.51E-13	3.71E-10	1	1E-30	1E10	1E10	1E-30	1E10	1E10	1E-30	1E10	1E10	1E-30	1E10	1E10	1E-30	1E10	1E10
END DSCRDATA
