BEGIN DSCRDATA
% INDEX	K01	L01	M01	K02	L02	M02	K03	L03	M03	K04	L04	M04	K05	L05	M05	K06	L06	M06	K07	L07	M07	K08	L08	M08	K09	L09	M09	K10	L10	M10	K11	L11	M11	K12	L12	M12	K13	L13	M13	K14	L14	M14	K15	L15	M15	K16	L16	M16
0	0	0	0	0	0	0	0	0	0	0	0	0	0	0	0	0	0	0	0	0	0	0	0	0	0	0	0	0	0	0	0	0	0	0	0	0	0	0	0	0	0	0	0	0	0	0	0	0
1	3.96E-16	1E-30	1E-10	1E10	7.94E-10	0.0228	1E10	1E-30	9560	8.72E-10	3.37E-8	11.3	5.44E-11	3.59E-8	70.8	1E10	1.14E-7	427	1E10	3.01E-7	47.3	1E-30	1E10	1E10	1E-30	1E10	1E10	1E-30	1E10	1E10	1E-30	1E10	1E10	1E-30	1E10	1E10	1E-30	1E10	1E10	1E-30	1E10	1E10	1E-30	1E10	1E10	1E-30	1E10	1E10
2	3.96E-16	1E-30	1E-10	1E10	7.94E-10	0.0228	1E10	1E-30	9560	8.72E-10	3.37E-8	11.3	5.44E-11	3.59E-8	70.8	1E10	1.14E-7	427	1E10	3.01E-7	47.3	1E-30	1E10	1E10	1E-30	1E10	1E10	1E-30	1E10	1E10	1E-30	1E10	1E10	1E-30	1E10	1E10	1E-30	1E10	1E10	1E-30	1E10	1E10	1E-30	1E10	1E10	1E-30	1E10	1E10
3	3.96E-16	1E-30	1E-10	1E10	7.94E-10	0.0228	1E10	1E-30	9560	8.72E-10	3.37E-8	11.3	5.44E-11	3.59E-8	70.8	1E10	1.14E-7	427	1E10	3.01E-7	47.3	1E-30	1E10	1E10	1E-30	1E10	1E10	1E-30	1E10	1E10	1E-30	1E10	1E10	1E-30	1E10	1E10	1E-30	1E10	1E10	1E-30	1E10	1E10	1E-30	1E10	1E10	1E-30	1E10	1E10
4	1.09E-14	1E-30	1E-10	1E10	9.54E-10	6.74E-3	1E10	1E-30	4790	1E10	1.73E-8	6.22	1E10	3.59E-8	25.7	1E10	5.52E-8	147	1E10	9.65E-7	688	1E-30	1E10	1E10	1E-30	1E10	1E10	1E-30	1E10	1E10	1E-30	1E10	1E10	1E-30	1E10	1E10	1E-30	1E10	1E10	1E-30	1E10	1E10	1E-30	1E10	1E10	1E-30	1E10	1E10
5	1.09E-14	1E-30	1E-10	1E10	9.54E-10	6.74E-3	1E10	1E-30	4790	1E10	1.73E-8	6.22	1E10	3.59E-8	25.7	1E10	5.52E-8	147	1E10	9.65E-7	688	1E-30	1E10	1E10	1E-30	1E10	1E10	1E-30	1E10	1E10	1E-30	1E10	1E10	1E-30	1E10	1E10	1E-30	1E10	1E10	1E-30	1E10	1E10	1E-30	1E10	1E10	1E-30	1E10	1E10
6	1.09E-14	1E-30	1E-10	1E10	9.54E-10	6.74E-3	1E10	1E-30	4790	1E10	1.73E-8	6.22	1E10	3.59E-8	25.7	1E10	5.52E-8	147	1E10	9.65E-7	688	1E-30	1E10	1E10	1E-30	1E10	1E10	1E-30	1E10	1E10	1E-30	1E10	1E10	1E-30	1E10	1E10	1E-30	1E10	1E10	1E-30	1E10	1E10	1E-30	1E10	1E10	1E-30	1E10	1E10
7	1.63E-14	1E-30	1E-10	1E10	1.02E-9	0.0103	1E10	1E-30	6090	1E10	2.07E-8	8.85	1E10	8.71E-8	297	1E10	4.21E-8	34	1E-30	1E10	1E10	1E-30	1E10	1E10	1E-30	1E10	1E10	1E-30	1E10	1E10	1E-30	1E10	1E10	1E-30	1E10	1E10	1E-30	1E10	1E10	1E-30	1E10	1E10	1E-30	1E10	1E10	1E-30	1E10	1E10
8	1.63E-14	1E-30	1E-10	1E10	1.02E-9	0.0103	1E10	1E-30	6090	1E10	2.07E-8	8.85	1E10	8.71E-8	297	1E10	4.21E-8	34	1E-30	1E10	1E10	1E-30	1E10	1E10	1E-30	1E10	1E10	1E-30	1E10	1E10	1E-30	1E10	1E10	1E-30	1E10	1E10	1E-30	1E10	1E10	1E-30	1E10	1E10	1E-30	1E10	1E10	1E-30	1E10	1E10
9	1.63E-14	1E-30	1E-10	1E10	1.02E-9	0.0103	1E10	1E-30	6090	1E10	2.07E-8	8.85	1E10	8.71E-8	297	1E10	4.21E-8	34	1E-30	1E10	1E10	1E-30	1E10	1E10	1E-30	1E10	1E10	1E-30	1E10	1E10	1E-30	1E10	1E10	1E-30	1E10	1E10	1E-30	1E10	1E10	1E-30	1E10	1E10	1E-30	1E10	1E10	1E-30	1E10	1E10
10	1.65E-14	1E-30	1E-10	1E10	1.18E-9	0.0143	1E10	1E-30	6E3	1E10	1.62E-8	7.61	1E10	2.41E-7	435	1E10	7.57E-8	226	1E-30	1E10	1E10	1E-30	1E10	1E10	1E-30	1E10	1E10	1E-30	1E10	1E10	1E-30	1E10	1E10	1E-30	1E10	1E10	1E-30	1E10	1E10	1E-30	1E10	1E10	1E-30	1E10	1E10	1E-30	1E10	1E10
11	1.65E-14	1E-30	1E-10	1E10	1.18E-9	0.0143	1E10	1E-30	6E3	1E10	1.62E-8	7.61	1E10	2.41E-7	435	1E10	7.57E-8	226	1E-30	1E10	1E10	1E-30	1E10	1E10	1E-30	1E10	1E10	1E-30	1E10	1E10	1E-30	1E10	1E10	1E-30	1E10	1E10	1E-30	1E10	1E10	1E-30	1E10	1E10	1E-30	1E10	1E10	1E-30	1E10	1E10
12	1.65E-14	1E-30	1E-10	1E10	1.18E-9	0.0143	1E10	1E-30	6E3	1E10	1.62E-8	7.61	1E10	2.41E-7	435	1E10	7.57E-8	226	1E-30	1E10	1E10	1E-30	1E10	1E10	1E-30	1E10	1E10	1E-30	1E10	1E10	1E-30	1E10	1E10	1E-30	1E10	1E10	1E-30	1E10	1E10	1E-30	1E10	1E10	1E-30	1E10	1E10	1E-30	1E10	1E10
13	2.47E-14	1E-30	1E-10	1E10	1.21E-9	0.014	1E10	1E-30	5190	1E10	1.35E-8	3.56	1E10	4.16E-8	84.3	1E10	1.45E-7	405	1E-30	1E10	1E10	1E-30	1E10	1E10	1E-30	1E10	1E10	1E-30	1E10	1E10	1E-30	1E10	1E10	1E-30	1E10	1E10	1E-30	1E10	1E10	1E-30	1E10	1E10	1E-30	1E10	1E10	1E-30	1E10	1E10
14	2.47E-14	1E-30	1E-10	1E10	1.21E-9	0.014	1E10	1E-30	5190	1E10	1.35E-8	3.56	1E10	4.16E-8	84.3	1E10	1.45E-7	405	1E-30	1E10	1E10	1E-30	1E10	1E10	1E-30	1E10	1E10	1E-30	1E10	1E10	1E-30	1E10	1E10	1E-30	1E10	1E10	1E-30	1E10	1E10	1E-30	1E10	1E10	1E-30	1E10	1E10	1E-30	1E10	1E10
15	2.47E-14	1E-30	1E-10	1E10	1.21E-9	0.014	1E10	1E-30	5190	1E10	1.35E-8	3.56	1E10	4.16E-8	84.3	1E10	1.45E-7	405	1E-30	1E10	1E10	1E-30	1E10	1E10	1E-30	1E10	1E10	1E-30	1E10	1E10	1E-30	1E10	1E10	1E-30	1E10	1E10	1E-30	1E10	1E10	1E-30	1E10	1E10	1E-30	1E10	1E10	1E-30	1E10	1E10
16	4.75E-14	1E-30	1E-10	1E10	1.36E-9	0.0294	1E10	1E-30	7110	1E10	2.27E-8	6.81	1E10	9.33E-8	133	1E10	9.72E-8	250	1E10	6.67E-8	13.9	1E-30	1E10	1E10	1E-30	1E10	1E10	1E-30	1E10	1E10	1E-30	1E10	1E10	1E-30	1E10	1E10	1E-30	1E10	1E10	1E-30	1E10	1E10	1E-30	1E10	1E10	1E-30	1E10	1E10
17	4.75E-14	1E-30	1E-10	1E10	1.36E-9	0.0294	1E10	1E-30	7110	1E10	2.27E-8	6.81	1E10	9.33E-8	133	1E10	9.72E-8	250	1E10	6.67E-8	13.9	1E-30	1E10	1E10	1E-30	1E10	1E10	1E-30	1E10	1E10	1E-30	1E10	1E10	1E-30	1E10	1E10	1E-30	1E10	1E10	1E-30	1E10	1E10	1E-30	1E10	1E10	1E-30	1E10	1E10
18	4.75E-14	1E-30	1E-10	1E10	1.36E-9	0.0294	1E10	1E-30	7110	1E10	2.27E-8	6.81	1E10	9.33E-8	133	1E10	9.72E-8	250	1E10	6.67E-8	13.9	1E-30	1E10	1E10	1E-30	1E10	1E10	1E-30	1E10	1E10	1E-30	1E10	1E10	1E-30	1E10	1E10	1E-30	1E10	1E10	1E-30	1E10	1E10	1E-30	1E10	1E10	1E-30	1E10	1E10
19	5.16E-14	1E-30	1E-10	1E10	1.41E-9	0.0228	1E10	1E-30	7150	1E10	2.54E-8	15.6	1E10	7.29E-8	61.1	1E10	9.67E-8	323	1E-30	1E10	1E10	1E-30	1E10	1E10	1E-30	1E10	1E10	1E-30	1E10	1E10	1E-30	1E10	1E10	1E-30	1E10	1E10	1E-30	1E10	1E10	1E-30	1E10	1E10	1E-30	1E10	1E10	1E-30	1E10	1E10
20	5.16E-14	1E-30	1E-10	1E10	1.41E-9	0.0228	1E10	1E-30	7150	1E10	2.54E-8	15.6	1E10	7.29E-8	61.1	1E10	9.67E-8	323	1E-30	1E10	1E10	1E-30	1E10	1E10	1E-30	1E10	1E10	1E-30	1E10	1E10	1E-30	1E10	1E10	1E-30	1E10	1E10	1E-30	1E10	1E10	1E-30	1E10	1E10	1E-30	1E10	1E10	1E-30	1E10	1E10
21	5.16E-14	1E-30	1E-10	1E10	1.41E-9	0.0228	1E10	1E-30	7150	1E10	2.54E-8	15.6	1E10	7.29E-8	61.1	1E10	9.67E-8	323	1E-30	1E10	1E10	1E-30	1E10	1E10	1E-30	1E10	1E10	1E-30	1E10	1E10	1E-30	1E10	1E10	1E-30	1E10	1E10	1E-30	1E10	1E10	1E-30	1E10	1E10	1E-30	1E10	1E10	1E-30	1E10	1E10
22	5.53E-14	1E-30	1E-10	1E10	1.5E-9	0.0393	1E10	1E-30	7690	1E10	6.32E-8	22.8	1E10	6.09E-8	7.1	1E10	9.03E-8	14.6	1E10	4.18E-8	72.4	1E-30	1E10	1E10	1E-30	1E10	1E10	1E-30	1E10	1E10	1E-30	1E10	1E10	1E-30	1E10	1E10	1E-30	1E10	1E10	1E-30	1E10	1E10	1E-30	1E10	1E10	1E-30	1E10	1E10
23	5.53E-14	1E-30	1E-10	1E10	1.5E-9	0.0393	1E10	1E-30	7690	1E10	6.32E-8	22.8	1E10	6.09E-8	7.1	1E10	9.03E-8	14.6	1E10	4.18E-8	72.4	1E-30	1E10	1E10	1E-30	1E10	1E10	1E-30	1E10	1E10	1E-30	1E10	1E10	1E-30	1E10	1E10	1E-30	1E10	1E10	1E-30	1E10	1E10	1E-30	1E10	1E10	1E-30	1E10	1E10
24	5.53E-14	1E-30	1E-10	1E10	1.5E-9	0.0393	1E10	1E-30	7690	1E10	6.32E-8	22.8	1E10	6.09E-8	7.1	1E10	9.03E-8	14.6	1E10	4.18E-8	72.4	1E-30	1E10	1E10	1E-30	1E10	1E10	1E-30	1E10	1E10	1E-30	1E10	1E10	1E-30	1E10	1E10	1E-30	1E10	1E10	1E-30	1E10	1E10	1E-30	1E10	1E10	1E-30	1E10	1E10
25	4.45E-14	1E-30	1E-10	1E10	1.94E-9	0.0271	1E10	1E-30	7040	1E10	8.92E-9	0.673	1E10	4.39E-8	31.2	1E10	5.96E-8	121	1E-30	1E10	1E10	1E-30	1E10	1E10	1E-30	1E10	1E10	1E-30	1E10	1E10	1E-30	1E10	1E10	1E-30	1E10	1E10	1E-30	1E10	1E10	1E-30	1E10	1E10	1E-30	1E10	1E10	1E-30	1E10	1E10
26	4.45E-14	1E-30	1E-10	1E10	1.94E-9	0.0271	1E10	1E-30	7040	1E10	8.92E-9	0.673	1E10	4.39E-8	31.2	1E10	5.96E-8	121	1E-30	1E10	1E10	1E-30	1E10	1E10	1E-30	1E10	1E10	1E-30	1E10	1E10	1E-30	1E10	1E10	1E-30	1E10	1E10	1E-30	1E10	1E10	1E-30	1E10	1E10	1E-30	1E10	1E10	1E-30	1E10	1E10
27	4.45E-14	1E-30	1E-10	1E10	1.94E-9	0.0271	1E10	1E-30	7040	1E10	8.92E-9	0.673	1E10	4.39E-8	31.2	1E10	5.96E-8	121	1E-30	1E10	1E10	1E-30	1E10	1E10	1E-30	1E10	1E10	1E-30	1E10	1E10	1E-30	1E10	1E10	1E-30	1E10	1E10	1E-30	1E10	1E10	1E-30	1E10	1E10	1E-30	1E10	1E10	1E-30	1E10	1E10
28	5.23E-14	1E-30	1E-10	1E10	2.13E-9	0.0215	1E10	1E-30	8080	1E10	8.92E-9	0.929	1E10	2.77E-8	10.6	1E10	7.68E-8	210	1E-30	1E10	1E10	1E-30	1E10	1E10	1E-30	1E10	1E10	1E-30	1E10	1E10	1E-30	1E10	1E10	1E-30	1E10	1E10	1E-30	1E10	1E10	1E-30	1E10	1E10	1E-30	1E10	1E10	1E-30	1E10	1E10
29	5.23E-14	1E-30	1E-10	1E10	2.13E-9	0.0215	1E10	1E-30	8080	1E10	8.92E-9	0.929	1E10	2.77E-8	10.6	1E10	7.68E-8	210	1E-30	1E10	1E10	1E-30	1E10	1E10	1E-30	1E10	1E10	1E-30	1E10	1E10	1E-30	1E10	1E10	1E-30	1E10	1E10	1E-30	1E10	1E10	1E-30	1E10	1E10	1E-30	1E10	1E10	1E-30	1E10	1E10
30	5.23E-14	1E-30	1E-10	1E10	2.13E-9	0.0215	1E10	1E-30	8080	1E10	8.92E-9	0.929	1E10	2.77E-8	10.6	1E10	7.68E-8	210	1E-30	1E10	1E10	1E-30	1E10	1E10	1E-30	1E10	1E10	1E-30	1E10	1E10	1E-30	1E10	1E10	1E-30	1E10	1E10	1E-30	1E10	1E10	1E-30	1E10	1E10	1E-30	1E10	1E10	1E-30	1E10	1E10
31	4.88E-14	1E-30	1E-10	1E10	1.87E-9	0.0397	1E10	1E-30	8220	1E10	3.41E-8	27.2	1E10	1.08E-7	405	1E-30	1E10	1E10	1E-30	1E10	1E10	1E-30	1E10	1E10	1E-30	1E10	1E10	1E-30	1E10	1E10	1E-30	1E10	1E10	1E-30	1E10	1E10	1E-30	1E10	1E10	1E-30	1E10	1E10	1E-30	1E10	1E10	1E-30	1E10	1E10
32	4.88E-14	1E-30	1E-10	1E10	1.87E-9	0.0397	1E10	1E-30	8220	1E10	3.41E-8	27.2	1E10	1.08E-7	405	1E-30	1E10	1E10	1E-30	1E10	1E10	1E-30	1E10	1E10	1E-30	1E10	1E10	1E-30	1E10	1E10	1E-30	1E10	1E10	1E-30	1E10	1E10	1E-30	1E10	1E10	1E-30	1E10	1E10	1E-30	1E10	1E10	1E-30	1E10	1E10
33	4.88E-14	1E-30	1E-10	1E10	1.87E-9	0.0397	1E10	1E-30	8220	1E10	3.41E-8	27.2	1E10	1.08E-7	405	1E-30	1E10	1E10	1E-30	1E10	1E10	1E-30	1E10	1E10	1E-30	1E10	1E10	1E-30	1E10	1E10	1E-30	1E10	1E10	1E-30	1E10	1E10	1E-30	1E10	1E10	1E-30	1E10	1E10	1E-30	1E10	1E10	1E-30	1E10	1E10
34	5.23E-14	1E-30	1E-10	1E10	1.87E-9	0.0456	1E10	1E-30	7200	1E10	4.07E-8	31.8	1E10	8.83E-8	259	1E-30	1E10	1E10	1E-30	1E10	1E10	1E-30	1E10	1E10	1E-30	1E10	1E10	1E-30	1E10	1E10	1E-30	1E10	1E10	1E-30	1E10	1E10	1E-30	1E10	1E10	1E-30	1E10	1E10	1E-30	1E10	1E10	1E-30	1E10	1E10
35	5.23E-14	1E-30	1E-10	1E10	1.87E-9	0.0456	1E10	1E-30	7200	1E10	4.07E-8	31.8	1E10	8.83E-8	259	1E-30	1E10	1E10	1E-30	1E10	1E10	1E-30	1E10	1E10	1E-30	1E10	1E10	1E-30	1E10	1E10	1E-30	1E10	1E10	1E-30	1E10	1E10	1E-30	1E10	1E10	1E-30	1E10	1E10	1E-30	1E10	1E10	1E-30	1E10	1E10
36	5.23E-14	1E-30	1E-10	1E10	1.87E-9	0.0456	1E10	1E-30	7200	1E10	4.07E-8	31.8	1E10	8.83E-8	259	1E-30	1E10	1E10	1E-30	1E10	1E10	1E-30	1E10	1E10	1E-30	1E10	1E10	1E-30	1E10	1E10	1E-30	1E10	1E10	1E-30	1E10	1E10	1E-30	1E10	1E10	1E-30	1E10	1E10	1E-30	1E10	1E10	1E-30	1E10	1E10
37	6.1E-14	1E-30	1E-10	1E10	2.05E-9	0.0458	1E10	1E-30	8100	1E10	4.27E-8	17	1E10	7.49E-8	104	1E10	1.25E-7	428	1E-30	1E10	1E10	1E-30	1E10	1E10	1E-30	1E10	1E10	1E-30	1E10	1E10	1E-30	1E10	1E10	1E-30	1E10	1E10	1E-30	1E10	1E10	1E-30	1E10	1E10	1E-30	1E10	1E10	1E-30	1E10	1E10
38	6.1E-14	1E-30	1E-10	1E10	2.05E-9	0.0458	1E10	1E-30	8100	1E10	4.27E-8	17	1E10	7.49E-8	104	1E10	1.25E-7	428	1E-30	1E10	1E10	1E-30	1E10	1E10	1E-30	1E10	1E10	1E-30	1E10	1E10	1E-30	1E10	1E10	1E-30	1E10	1E10	1E-30	1E10	1E10	1E-30	1E10	1E10	1E-30	1E10	1E10	1E-30	1E10	1E10
39	6.1E-14	1E-30	1E-10	1E10	2.05E-9	0.0458	1E10	1E-30	8100	1E10	4.27E-8	17	1E10	7.49E-8	104	1E10	1.25E-7	428	1E-30	1E10	1E10	1E-30	1E10	1E10	1E-30	1E10	1E10	1E-30	1E10	1E10	1E-30	1E10	1E10	1E-30	1E10	1E10	1E-30	1E10	1E10	1E-30	1E10	1E10	1E-30	1E10	1E10	1E-30	1E10	1E10
40	5.69E-14	1E-30	1E-10	1E10	2.13E-9	0.0398	1E10	1E-30	6970	1E10	3.27E-8	18	1E10	6.49E-8	165	1E-30	1E10	1E10	1E-30	1E10	1E10	1E-30	1E10	1E10	1E-30	1E10	1E10	1E-30	1E10	1E10	1E-30	1E10	1E10	1E-30	1E10	1E10	1E-30	1E10	1E10	1E-30	1E10	1E10	1E-30	1E10	1E10	1E-30	1E10	1E10
41	5.69E-14	1E-30	1E-10	1E10	2.13E-9	0.0398	1E10	1E-30	6970	1E10	3.27E-8	18	1E10	6.49E-8	165	1E-30	1E10	1E10	1E-30	1E10	1E10	1E-30	1E10	1E10	1E-30	1E10	1E10	1E-30	1E10	1E10	1E-30	1E10	1E10	1E-30	1E10	1E10	1E-30	1E10	1E10	1E-30	1E10	1E10	1E-30	1E10	1E10	1E-30	1E10	1E10
42	5.69E-14	1E-30	1E-10	1E10	2.13E-9	0.0398	1E10	1E-30	6970	1E10	3.27E-8	18	1E10	6.49E-8	165	1E-30	1E10	1E10	1E-30	1E10	1E10	1E-30	1E10	1E10	1E-30	1E10	1E10	1E-30	1E10	1E10	1E-30	1E10	1E10	1E-30	1E10	1E10	1E-30	1E10	1E10	1E-30	1E10	1E10	1E-30	1E10	1E10	1E-30	1E10	1E10
43	5.95E-14	1E-30	1E-10	1E10	2.19E-9	0.0738	1E10	1E-30	8010	1E10	6.78E-8	59	1E10	1.04E-7	342	1E-30	1E10	1E10	1E-30	1E10	1E10	1E-30	1E10	1E10	1E-30	1E10	1E10	1E-30	1E10	1E10	1E-30	1E10	1E10	1E-30	1E10	1E10	1E-30	1E10	1E10	1E-30	1E10	1E10	1E-30	1E10	1E10	1E-30	1E10	1E10
44	5.95E-14	1E-30	1E-10	1E10	2.19E-9	0.0738	1E10	1E-30	8010	1E10	6.78E-8	59	1E10	1.04E-7	342	1E-30	1E10	1E10	1E-30	1E10	1E10	1E-30	1E10	1E10	1E-30	1E10	1E10	1E-30	1E10	1E10	1E-30	1E10	1E10	1E-30	1E10	1E10	1E-30	1E10	1E10	1E-30	1E10	1E10	1E-30	1E10	1E10	1E-30	1E10	1E10
45	5.95E-14	1E-30	1E-10	1E10	2.19E-9	0.0738	1E10	1E-30	8010	1E10	6.78E-8	59	1E10	1.04E-7	342	1E-30	1E10	1E10	1E-30	1E10	1E10	1E-30	1E10	1E10	1E-30	1E10	1E10	1E-30	1E10	1E10	1E-30	1E10	1E10	1E-30	1E10	1E10	1E-30	1E10	1E10	1E-30	1E10	1E10	1E-30	1E10	1E10	1E-30	1E10	1E10
46	8.19E-14	1E-30	1E-10	1E10	2.4E-9	0.0183	1E10	1E-30	8140	1E10	2.92E-8	9.72	1E10	8.6E-8	118	1E10	1.24E-7	470	1E-30	1E10	1E10	1E-30	1E10	1E10	1E-30	1E10	1E10	1E-30	1E10	1E10	1E-30	1E10	1E10	1E-30	1E10	1E10	1E-30	1E10	1E10	1E-30	1E10	1E10	1E-30	1E10	1E10	1E-30	1E10	1E10
47	8.19E-14	1E-30	1E-10	1E10	2.4E-9	0.0183	1E10	1E-30	8140	1E10	2.92E-8	9.72	1E10	8.6E-8	118	1E10	1.24E-7	470	1E-30	1E10	1E10	1E-30	1E10	1E10	1E-30	1E10	1E10	1E-30	1E10	1E10	1E-30	1E10	1E10	1E-30	1E10	1E10	1E-30	1E10	1E10	1E-30	1E10	1E10	1E-30	1E10	1E10	1E-30	1E10	1E10
48	8.19E-14	1E-30	1E-10	1E10	2.4E-9	0.0183	1E10	1E-30	8140	1E10	2.92E-8	9.72	1E10	8.6E-8	118	1E10	1.24E-7	470	1E-30	1E10	1E10	1E-30	1E10	1E10	1E-30	1E10	1E10	1E-30	1E10	1E10	1E-30	1E10	1E10	1E-30	1E10	1E10	1E-30	1E10	1E10	1E-30	1E10	1E10	1E-30	1E10	1E10	1E-30	1E10	1E10
49	8.18E-14	1E-30	1E-10	1E10	2.53E-9	0.0235	1E10	1E-30	8380	1E10	3.18E-8	8.65	1E10	7.35E-8	80.4	1E10	1.31E-7	532	1E-30	1E10	1E10	1E-30	1E10	1E10	1E-30	1E10	1E10	1E-30	1E10	1E10	1E-30	1E10	1E10	1E-30	1E10	1E10	1E-30	1E10	1E10	1E-30	1E10	1E10	1E-30	1E10	1E10	1E-30	1E10	1E10
50	8.18E-14	1E-30	1E-10	1E10	2.53E-9	0.0235	1E10	1E-30	8380	1E10	3.18E-8	8.65	1E10	7.35E-8	80.4	1E10	1.31E-7	532	1E-30	1E10	1E10	1E-30	1E10	1E10	1E-30	1E10	1E10	1E-30	1E10	1E10	1E-30	1E10	1E10	1E-30	1E10	1E10	1E-30	1E10	1E10	1E-30	1E10	1E10	1E-30	1E10	1E10	1E-30	1E10	1E10
51	8.18E-14	1E-30	1E-10	1E10	2.53E-9	0.0235	1E10	1E-30	8380	1E10	3.18E-8	8.65	1E10	7.35E-8	80.4	1E10	1.31E-7	532	1E-30	1E10	1E10	1E-30	1E10	1E10	1E-30	1E10	1E10	1E-30	1E10	1E10	1E-30	1E10	1E10	1E-30	1E10	1E10	1E-30	1E10	1E10	1E-30	1E10	1E10	1E-30	1E10	1E10	1E-30	1E10	1E10
52	8.22E-14	1E-30	1E-10	1E10	2.75E-9	0.0238	1E10	1E-30	8810	1E10	2.41E-8	4.33	1E10	5.77E-8	42.5	1E10	1E-7	326	1E-30	1E10	1E10	1E-30	1E10	1E10	1E-30	1E10	1E10	1E-30	1E10	1E10	1E-30	1E10	1E10	1E-30	1E10	1E10	1E-30	1E10	1E10	1E-30	1E10	1E10	1E-30	1E10	1E10	1E-30	1E10	1E10
53	8.22E-14	1E-30	1E-10	1E10	2.75E-9	0.0238	1E10	1E-30	8810	1E10	2.41E-8	4.33	1E10	5.77E-8	42.5	1E10	1E-7	326	1E-30	1E10	1E10	1E-30	1E10	1E10	1E-30	1E10	1E10	1E-30	1E10	1E10	1E-30	1E10	1E10	1E-30	1E10	1E10	1E-30	1E10	1E10	1E-30	1E10	1E10	1E-30	1E10	1E10	1E-30	1E10	1E10
54	8.22E-14	1E-30	1E-10	1E10	2.75E-9	0.0238	1E10	1E-30	8810	1E10	2.41E-8	4.33	1E10	5.77E-8	42.5	1E10	1E-7	326	1E-30	1E10	1E10	1E-30	1E10	1E10	1E-30	1E10	1E10	1E-30	1E10	1E10	1E-30	1E10	1E10	1E-30	1E10	1E10	1E-30	1E10	1E10	1E-30	1E10	1E10	1E-30	1E10	1E10	1E-30	1E10	1E10
55	9.08E-14	1E-30	1E-10	1E10	2.73E-9	0.0258	1E10	1E-30	9780	1E10	3.01E-8	8.23	1E10	9.04E-8	128	1E10	1.63E-7	658	1E-30	1E10	1E10	1E-30	1E10	1E10	1E-30	1E10	1E10	1E-30	1E10	1E10	1E-30	1E10	1E10	1E-30	1E10	1E10	1E-30	1E10	1E10	1E-30	1E10	1E10	1E-30	1E10	1E10	1E-30	1E10	1E10
56	9.08E-14	1E-30	1E-10	1E10	2.73E-9	0.0258	1E10	1E-30	9780	1E10	3.01E-8	8.23	1E10	9.04E-8	128	1E10	1.63E-7	658	1E-30	1E10	1E10	1E-30	1E10	1E10	1E-30	1E10	1E10	1E-30	1E10	1E10	1E-30	1E10	1E10	1E-30	1E10	1E10	1E-30	1E10	1E10	1E-30	1E10	1E10	1E-30	1E10	1E10	1E-30	1E10	1E10
57	9.08E-14	1E-30	1E-10	1E10	2.73E-9	0.0258	1E10	1E-30	9780	1E10	3.01E-8	8.23	1E10	9.04E-8	128	1E10	1.63E-7	658	1E-30	1E10	1E10	1E-30	1E10	1E10	1E-30	1E10	1E10	1E-30	1E10	1E10	1E-30	1E10	1E10	1E-30	1E10	1E10	1E-30	1E10	1E10	1E-30	1E10	1E10	1E-30	1E10	1E10	1E-30	1E10	1E10
58	7.69E-14	1E-30	1E-10	1E10	2.86E-9	0.0515	1E10	1E-30	10100	1E10	4.86E-8	14.1	1E10	8.37E-8	71.3	1E10	1.25E-7	395	1E-30	1E10	1E10	1E-30	1E10	1E10	1E-30	1E10	1E10	1E-30	1E10	1E10	1E-30	1E10	1E10	1E-30	1E10	1E10	1E-30	1E10	1E10	1E-30	1E10	1E10	1E-30	1E10	1E10	1E-30	1E10	1E10
59	7.69E-14	1E-30	1E-10	1E10	2.86E-9	0.0515	1E10	1E-30	10100	1E10	4.86E-8	14.1	1E10	8.37E-8	71.3	1E10	1.25E-7	395	1E-30	1E10	1E10	1E-30	1E10	1E10	1E-30	1E10	1E10	1E-30	1E10	1E10	1E-30	1E10	1E10	1E-30	1E10	1E10	1E-30	1E10	1E10	1E-30	1E10	1E10	1E-30	1E10	1E10	1E-30	1E10	1E10
60	7.69E-14	1E-30	1E-10	1E10	2.86E-9	0.0515	1E10	1E-30	10100	1E10	4.86E-8	14.1	1E10	8.37E-8	71.3	1E10	1.25E-7	395	1E-30	1E10	1E10	1E-30	1E10	1E10	1E-30	1E10	1E10	1E-30	1E10	1E10	1E-30	1E10	1E10	1E-30	1E10	1E10	1E-30	1E10	1E10	1E-30	1E10	1E10	1E-30	1E10	1E10	1E-30	1E10	1E10
61	7.7E-14	1E-30	1E-10	1E10	3.11E-9	0.0344	1E10	1E-30	9540	1E10	3.38E-8	7.89	1E10	5.79E-8	34	1E10	1.3E-7	436	1E-30	1E10	1E10	1E-30	1E10	1E10	1E-30	1E10	1E10	1E-30	1E10	1E10	1E-30	1E10	1E10	1E-30	1E10	1E10	1E-30	1E10	1E10	1E-30	1E10	1E10	1E-30	1E10	1E10	1E-30	1E10	1E10
62	7.7E-14	1E-30	1E-10	1E10	3.11E-9	0.0344	1E10	1E-30	9540	1E10	3.38E-8	7.89	1E10	5.79E-8	34	1E10	1.3E-7	436	1E-30	1E10	1E10	1E-30	1E10	1E10	1E-30	1E10	1E10	1E-30	1E10	1E10	1E-30	1E10	1E10	1E-30	1E10	1E10	1E-30	1E10	1E10	1E-30	1E10	1E10	1E-30	1E10	1E10	1E-30	1E10	1E10
63	7.7E-14	1E-30	1E-10	1E10	3.11E-9	0.0344	1E10	1E-30	9540	1E10	3.38E-8	7.89	1E10	5.79E-8	34	1E10	1.3E-7	436	1E-30	1E10	1E10	1E-30	1E10	1E10	1E-30	1E10	1E10	1E-30	1E10	1E10	1E-30	1E10	1E10	1E-30	1E10	1E10	1E-30	1E10	1E10	1E-30	1E10	1E10	1E-30	1E10	1E10	1E-30	1E10	1E10
64	8.16E-14	1E-30	1E-10	1E10	3.03E-9	0.0301	1E10	1E-30	10300	1E10	4.15E-8	12.2	1E10	1.38E-7	120	1E10	1.33E-7	446	1E-30	1E10	1E10	1E-30	1E10	1E10	1E-30	1E10	1E10	1E-30	1E10	1E10	1E-30	1E10	1E10	1E-30	1E10	1E10	1E-30	1E10	1E10	1E-30	1E10	1E10	1E-30	1E10	1E10	1E-30	1E10	1E10
65	8.16E-14	1E-30	1E-10	1E10	3.03E-9	0.0301	1E10	1E-30	10300	1E10	4.15E-8	12.2	1E10	1.38E-7	120	1E10	1.33E-7	446	1E-30	1E10	1E10	1E-30	1E10	1E10	1E-30	1E10	1E10	1E-30	1E10	1E10	1E-30	1E10	1E10	1E-30	1E10	1E10	1E-30	1E10	1E10	1E-30	1E10	1E10	1E-30	1E10	1E10	1E-30	1E10	1E10
66	8.16E-14	1E-30	1E-10	1E10	3.03E-9	0.0301	1E10	1E-30	10300	1E10	4.15E-8	12.2	1E10	1.38E-7	120	1E10	1.33E-7	446	1E-30	1E10	1E10	1E-30	1E10	1E10	1E-30	1E10	1E10	1E-30	1E10	1E10	1E-30	1E10	1E10	1E-30	1E10	1E10	1E-30	1E10	1E10	1E-30	1E10	1E10	1E-30	1E10	1E10	1E-30	1E10	1E10
67	8.83E-14	1E-30	1E-10	1E10	3.14E-9	0.0356	1E10	1E-30	9470	1E10	4.31E-8	12.5	1E10	1.15E-7	134	1E10	1.55E-7	492	1E-30	1E10	1E10	1E-30	1E10	1E10	1E-30	1E10	1E10	1E-30	1E10	1E10	1E-30	1E10	1E10	1E-30	1E10	1E10	1E-30	1E10	1E10	1E-30	1E10	1E10	1E-30	1E10	1E10	1E-30	1E10	1E10
68	8.83E-14	1E-30	1E-10	1E10	3.14E-9	0.0356	1E10	1E-30	9470	1E10	4.31E-8	12.5	1E10	1.15E-7	134	1E10	1.55E-7	492	1E-30	1E10	1E10	1E-30	1E10	1E10	1E-30	1E10	1E10	1E-30	1E10	1E10	1E-30	1E10	1E10	1E-30	1E10	1E10	1E-30	1E10	1E10	1E-30	1E10	1E10	1E-30	1E10	1E10	1E-30	1E10	1E10
69	8.83E-14	1E-30	1E-10	1E10	3.14E-9	0.0356	1E10	1E-30	9470	1E10	4.31E-8	12.5	1E10	1.15E-7	134	1E10	1.55E-7	492	1E-30	1E10	1E10	1E-30	1E10	1E10	1E-30	1E10	1E10	1E-30	1E10	1E10	1E-30	1E10	1E10	1E-30	1E10	1E10	1E-30	1E10	1E10	1E-30	1E10	1E10	1E-30	1E10	1E10	1E-30	1E10	1E10
70	9.01E-14	1E-30	1E-10	1E10	3.35E-9	0.0334	1E10	1E-30	10700	1E10	4.29E-8	10.8	1E10	9.52E-8	104	1E10	2.09E-7	789	1E-30	1E10	1E10	1E-30	1E10	1E10	1E-30	1E10	1E10	1E-30	1E10	1E10	1E-30	1E10	1E10	1E-30	1E10	1E10	1E-30	1E10	1E10	1E-30	1E10	1E10	1E-30	1E10	1E10	1E-30	1E10	1E10
71	9.01E-14	1E-30	1E-10	1E10	3.35E-9	0.0334	1E10	1E-30	10700	1E10	4.29E-8	10.8	1E10	9.52E-8	104	1E10	2.09E-7	789	1E-30	1E10	1E10	1E-30	1E10	1E10	1E-30	1E10	1E10	1E-30	1E10	1E10	1E-30	1E10	1E10	1E-30	1E10	1E10	1E-30	1E10	1E10	1E-30	1E10	1E10	1E-30	1E10	1E10	1E-30	1E10	1E10
72	9.01E-14	1E-30	1E-10	1E10	3.35E-9	0.0334	1E10	1E-30	10700	1E10	4.29E-8	10.8	1E10	9.52E-8	104	1E10	2.09E-7	789	1E-30	1E10	1E10	1E-30	1E10	1E10	1E-30	1E10	1E10	1E-30	1E10	1E10	1E-30	1E10	1E10	1E-30	1E10	1E10	1E-30	1E10	1E10	1E-30	1E10	1E10	1E-30	1E10	1E10	1E-30	1E10	1E10
73	1.07E-13	1E-30	1E-10	1E10	3.4E-9	0.0546	1E10	1E-30	11600	1E10	4.35E-8	7.74	1E10	7.5E-8	63.2	1E10	1.53E-7	600	1E-30	1E10	1E10	1E-30	1E10	1E10	1E-30	1E10	1E10	1E-30	1E10	1E10	1E-30	1E10	1E10	1E-30	1E10	1E10	1E-30	1E10	1E10	1E-30	1E10	1E10	1E-30	1E10	1E10	1E-30	1E10	1E10
74	1.07E-13	1E-30	1E-10	1E10	3.4E-9	0.0546	1E10	1E-30	11600	1E10	4.35E-8	7.74	1E10	7.5E-8	63.2	1E10	1.53E-7	600	1E-30	1E10	1E10	1E-30	1E10	1E10	1E-30	1E10	1E10	1E-30	1E10	1E10	1E-30	1E10	1E10	1E-30	1E10	1E10	1E-30	1E10	1E10	1E-30	1E10	1E10	1E-30	1E10	1E10	1E-30	1E10	1E10
75	1.07E-13	1E-30	1E-10	1E10	3.4E-9	0.0546	1E10	1E-30	11600	1E10	4.35E-8	7.74	1E10	7.5E-8	63.2	1E10	1.53E-7	600	1E-30	1E10	1E10	1E-30	1E10	1E10	1E-30	1E10	1E10	1E-30	1E10	1E10	1E-30	1E10	1E10	1E-30	1E10	1E10	1E-30	1E10	1E10	1E-30	1E10	1E10	1E-30	1E10	1E10	1E-30	1E10	1E10
76	1.3E-13	1E-30	1E-10	1E10	3.61E-9	0.0419	1E10	1E-30	9820	1E10	3.75E-8	5.61	1E10	8.01E-8	49.7	1E10	1.09E-7	295	1E-30	1E10	1E10	1E-30	1E10	1E10	1E-30	1E10	1E10	1E-30	1E10	1E10	1E-30	1E10	1E10	1E-30	1E10	1E10	1E-30	1E10	1E10	1E-30	1E10	1E10	1E-30	1E10	1E10	1E-30	1E10	1E10
77	1.3E-13	1E-30	1E-10	1E10	3.61E-9	0.0419	1E10	1E-30	9820	1E10	3.75E-8	5.61	1E10	8.01E-8	49.7	1E10	1.09E-7	295	1E-30	1E10	1E10	1E-30	1E10	1E10	1E-30	1E10	1E10	1E-30	1E10	1E10	1E-30	1E10	1E10	1E-30	1E10	1E10	1E-30	1E10	1E10	1E-30	1E10	1E10	1E-30	1E10	1E10	1E-30	1E10	1E10
78	1.3E-13	1E-30	1E-10	1E10	3.61E-9	0.0419	1E10	1E-30	9820	1E10	3.75E-8	5.61	1E10	8.01E-8	49.7	1E10	1.09E-7	295	1E-30	1E10	1E10	1E-30	1E10	1E10	1E-30	1E10	1E10	1E-30	1E10	1E10	1E-30	1E10	1E10	1E-30	1E10	1E10	1E-30	1E10	1E10	1E-30	1E10	1E10	1E-30	1E10	1E10	1E-30	1E10	1E10
79	8.87E-14	1E-30	1E-10	1E10	3.67E-9	0.0558	1E10	1E-30	10400	1E10	3.46E-8	6.82	1E10	1.17E-7	142	1E10	1.85E-7	527	1E-30	1E10	1E10	1E-30	1E10	1E10	1E-30	1E10	1E10	1E-30	1E10	1E10	1E-30	1E10	1E10	1E-30	1E10	1E10	1E-30	1E10	1E10	1E-30	1E10	1E10	1E-30	1E10	1E10	1E-30	1E10	1E10
80	8.87E-14	1E-30	1E-10	1E10	3.67E-9	0.0558	1E10	1E-30	10400	1E10	3.46E-8	6.82	1E10	1.17E-7	142	1E10	1.85E-7	527	1E-30	1E10	1E10	1E-30	1E10	1E10	1E-30	1E10	1E10	1E-30	1E10	1E10	1E-30	1E10	1E10	1E-30	1E10	1E10	1E-30	1E10	1E10	1E-30	1E10	1E10	1E-30	1E10	1E10	1E-30	1E10	1E10
81	8.87E-14	1E-30	1E-10	1E10	3.67E-9	0.0558	1E10	1E-30	10400	1E10	3.46E-8	6.82	1E10	1.17E-7	142	1E10	1.85E-7	527	1E-30	1E10	1E10	1E-30	1E10	1E10	1E-30	1E10	1E10	1E-30	1E10	1E10	1E-30	1E10	1E10	1E-30	1E10	1E10	1E-30	1E10	1E10	1E-30	1E10	1E10	1E-30	1E10	1E10	1E-30	1E10	1E10
82	9.17E-14	1E-30	1E-10	1E10	3.62E-9	0.0581	1E10	1E-30	11300	1E10	7.05E-8	32.4	1E10	1.45E-7	139	1E10	1.88E-7	646	1E-30	1E10	1E10	1E-30	1E10	1E10	1E-30	1E10	1E10	1E-30	1E10	1E10	1E-30	1E10	1E10	1E-30	1E10	1E10	1E-30	1E10	1E10	1E-30	1E10	1E10	1E-30	1E10	1E10	1E-30	1E10	1E10
83	9.17E-14	1E-30	1E-10	1E10	3.62E-9	0.0581	1E10	1E-30	11300	1E10	7.05E-8	32.4	1E10	1.45E-7	139	1E10	1.88E-7	646	1E-30	1E10	1E10	1E-30	1E10	1E10	1E-30	1E10	1E10	1E-30	1E10	1E10	1E-30	1E10	1E10	1E-30	1E10	1E10	1E-30	1E10	1E10	1E-30	1E10	1E10	1E-30	1E10	1E10	1E-30	1E10	1E10
84	9.17E-14	1E-30	1E-10	1E10	3.62E-9	0.0581	1E10	1E-30	11300	1E10	7.05E-8	32.4	1E10	1.45E-7	139	1E10	1.88E-7	646	1E-30	1E10	1E10	1E-30	1E10	1E10	1E-30	1E10	1E10	1E-30	1E10	1E10	1E-30	1E10	1E10	1E-30	1E10	1E10	1E-30	1E10	1E10	1E-30	1E10	1E10	1E-30	1E10	1E10	1E-30	1E10	1E10
85	1.01E-13	1E-30	1E-10	1E10	3.82E-9	0.0313	1E10	1E-30	10300	1E10	4.72E-8	9.43	1E10	8.88E-8	94.2	1E10	1.53E-7	510	1E-30	1E10	1E10	1E-30	1E10	1E10	1E-30	1E10	1E10	1E-30	1E10	1E10	1E-30	1E10	1E10	1E-30	1E10	1E10	1E-30	1E10	1E10	1E-30	1E10	1E10	1E-30	1E10	1E10	1E-30	1E10	1E10
86	1.01E-13	1E-30	1E-10	1E10	3.82E-9	0.0313	1E10	1E-30	10300	1E10	4.72E-8	9.43	1E10	8.88E-8	94.2	1E10	1.53E-7	510	1E-30	1E10	1E10	1E-30	1E10	1E10	1E-30	1E10	1E10	1E-30	1E10	1E10	1E-30	1E10	1E10	1E-30	1E10	1E10	1E-30	1E10	1E10	1E-30	1E10	1E10	1E-30	1E10	1E10	1E-30	1E10	1E10
87	1.01E-13	1E-30	1E-10	1E10	3.82E-9	0.0313	1E10	1E-30	10300	1E10	4.72E-8	9.43	1E10	8.88E-8	94.2	1E10	1.53E-7	510	1E-30	1E10	1E10	1E-30	1E10	1E10	1E-30	1E10	1E10	1E-30	1E10	1E10	1E-30	1E10	1E10	1E-30	1E10	1E10	1E-30	1E10	1E10	1E-30	1E10	1E10	1E-30	1E10	1E10	1E-30	1E10	1E10
88	9.41E-14	1E-30	1E-10	1E10	3.83E-9	0.0482	1E10	1E-30	12300	1E10	5.02E-8	20.1	1E10	2.26E-7	237	1E10	1.92E-7	774	1E-30	1E10	1E10	1E-30	1E10	1E10	1E-30	1E10	1E10	1E-30	1E10	1E10	1E-30	1E10	1E10	1E-30	1E10	1E10	1E-30	1E10	1E10	1E-30	1E10	1E10	1E-30	1E10	1E10	1E-30	1E10	1E10
89	9.41E-14	1E-30	1E-10	1E10	3.83E-9	0.0482	1E10	1E-30	12300	1E10	5.02E-8	20.1	1E10	2.26E-7	237	1E10	1.92E-7	774	1E-30	1E10	1E10	1E-30	1E10	1E10	1E-30	1E10	1E10	1E-30	1E10	1E10	1E-30	1E10	1E10	1E-30	1E10	1E10	1E-30	1E10	1E10	1E-30	1E10	1E10	1E-30	1E10	1E10	1E-30	1E10	1E10
90	9.41E-14	1E-30	1E-10	1E10	3.83E-9	0.0482	1E10	1E-30	12300	1E10	5.02E-8	20.1	1E10	2.26E-7	237	1E10	1.92E-7	774	1E-30	1E10	1E10	1E-30	1E10	1E10	1E-30	1E10	1E10	1E-30	1E10	1E10	1E-30	1E10	1E10	1E-30	1E10	1E10	1E-30	1E10	1E10	1E-30	1E10	1E10	1E-30	1E10	1E10	1E-30	1E10	1E10
91	1.9E-14	1E-30	1E-10	1E10	4.22E-9	0.0355	1E10	1E-30	12700	1E10	4.94E-8	15.3	1E10	1.48E-7	173	1E10	2.16E-7	1010	9.47E-14	8.19E-10	1.18	1E-30	1E10	1E10	1E-30	1E10	1E10	1E-30	1E10	1E10	1E-30	1E10	1E10	1E-30	1E10	1E10	1E-30	1E10	1E10	1E-30	1E10	1E10	1E-30	1E10	1E10	1E-30	1E10	1E10
92	1.9E-14	1E-30	1E-10	1E10	4.22E-9	0.0355	1E10	1E-30	12700	1E10	4.94E-8	15.3	1E10	1.48E-7	173	1E10	2.16E-7	1010	9.47E-14	8.19E-10	1.18	1E-30	1E10	1E10	1E-30	1E10	1E10	1E-30	1E10	1E10	1E-30	1E10	1E10	1E-30	1E10	1E10	1E-30	1E10	1E10	1E-30	1E10	1E10	1E-30	1E10	1E10	1E-30	1E10	1E10
93	1.9E-14	1E-30	1E-10	1E10	4.22E-9	0.0355	1E10	1E-30	12700	1E10	4.94E-8	15.3	1E10	1.48E-7	173	1E10	2.16E-7	1010	9.47E-14	8.19E-10	1.18	1E-30	1E10	1E10	1E-30	1E10	1E10	1E-30	1E10	1E10	1E-30	1E10	1E10	1E-30	1E10	1E10	1E-30	1E10	1E10	1E-30	1E10	1E10	1E-30	1E10	1E10	1E-30	1E10	1E10
94	9.22E-14	1E-30	1E-10	1E10	4.38E-9	0.056	1E10	1E-30	12300	1E10	5.13E-8	13.5	1E10	1.7E-7	235	1E10	2.25E-7	798	1E-30	1E10	1E10	1E-30	1E10	1E10	1E-30	1E10	1E10	1E-30	1E10	1E10	1E-30	1E10	1E10	1E-30	1E10	1E10	1E-30	1E10	1E10	1E-30	1E10	1E10	1E-30	1E10	1E10	1E-30	1E10	1E10
95	9.22E-14	1E-30	1E-10	1E10	4.38E-9	0.056	1E10	1E-30	12300	1E10	5.13E-8	13.5	1E10	1.7E-7	235	1E10	2.25E-7	798	1E-30	1E10	1E10	1E-30	1E10	1E10	1E-30	1E10	1E10	1E-30	1E10	1E10	1E-30	1E10	1E10	1E-30	1E10	1E10	1E-30	1E10	1E10	1E-30	1E10	1E10	1E-30	1E10	1E10	1E-30	1E10	1E10
96	9.22E-14	1E-30	1E-10	1E10	4.38E-9	0.056	1E10	1E-30	12300	1E10	5.13E-8	13.5	1E10	1.7E-7	235	1E10	2.25E-7	798	1E-30	1E10	1E10	1E-30	1E10	1E10	1E-30	1E10	1E10	1E-30	1E10	1E10	1E-30	1E10	1E10	1E-30	1E10	1E10	1E-30	1E10	1E10	1E-30	1E10	1E10	1E-30	1E10	1E10	1E-30	1E10	1E10
97	9.59E-14	1E-30	1E-10	1E10	4.97E-9	0.0492	1E10	1E-30	12400	1E10	4.47E-8	10.1	1E10	1.4E-7	181	1E10	2.45E-7	892	1E-30	1E10	1E10	1E-30	1E10	1E10	1E-30	1E10	1E10	1E-30	1E10	1E10	1E-30	1E10	1E10	1E-30	1E10	1E10	1E-30	1E10	1E10	1E-30	1E10	1E10	1E-30	1E10	1E10	1E-30	1E10	1E10
98	9.59E-14	1E-30	1E-10	1E10	4.97E-9	0.0492	1E10	1E-30	12400	1E10	4.47E-8	10.1	1E10	1.4E-7	181	1E10	2.45E-7	892	1E-30	1E10	1E10	1E-30	1E10	1E10	1E-30	1E10	1E10	1E-30	1E10	1E10	1E-30	1E10	1E10	1E-30	1E10	1E10	1E-30	1E10	1E10	1E-30	1E10	1E10	1E-30	1E10	1E10	1E-30	1E10	1E10
99	9.59E-14	1E-30	1E-10	1E10	4.97E-9	0.0492	1E10	1E-30	12400	1E10	4.47E-8	10.1	1E10	1.4E-7	181	1E10	2.45E-7	892	1E-30	1E10	1E10	1E-30	1E10	1E10	1E-30	1E10	1E10	1E-30	1E10	1E10	1E-30	1E10	1E10	1E-30	1E10	1E10	1E-30	1E10	1E10	1E-30	1E10	1E10	1E-30	1E10	1E10	1E-30	1E10	1E10
100	9.46E-14	1E-30	1E-10	1E10	5.24E-9	0.0694	1E10	1E-30	12400	1E10	6.27E-8	16.9	1E10	1.87E-7	238	1E10	2.65E-7	757	1E-30	1E10	1E10	1E-30	1E10	1E10	1E-30	1E10	1E10	1E-30	1E10	1E10	1E-30	1E10	1E10	1E-30	1E10	1E10	1E-30	1E10	1E10	1E-30	1E10	1E10	1E-30	1E10	1E10	1E-30	1E10	1E10
101	9.46E-14	1E-30	1E-10	1E10	5.24E-9	0.0694	1E10	1E-30	12400	1E10	6.27E-8	16.9	1E10	1.87E-7	238	1E10	2.65E-7	757	1E-30	1E10	1E10	1E-30	1E10	1E10	1E-30	1E10	1E10	1E-30	1E10	1E10	1E-30	1E10	1E10	1E-30	1E10	1E10	1E-30	1E10	1E10	1E-30	1E10	1E10	1E-30	1E10	1E10	1E-30	1E10	1E10
102	9.46E-14	1E-30	1E-10	1E10	5.24E-9	0.0694	1E10	1E-30	12400	1E10	6.27E-8	16.9	1E10	1.87E-7	238	1E10	2.65E-7	757	1E-30	1E10	1E10	1E-30	1E10	1E10	1E-30	1E10	1E10	1E-30	1E10	1E10	1E-30	1E10	1E10	1E-30	1E10	1E10	1E-30	1E10	1E10	1E-30	1E10	1E10	1E-30	1E10	1E10	1E-30	1E10	1E10
103	1E-13	1E-30	1E-10	1E10	5.84E-9	0.0682	1E10	1E-30	14700	1E10	7.48E-8	25.2	1E10	1.99E-7	225	1E10	2.82E-7	917	1E-30	1E10	1E10	1E-30	1E10	1E10	1E-30	1E10	1E10	1E-30	1E10	1E10	1E-30	1E10	1E10	1E-30	1E10	1E10	1E-30	1E10	1E10	1E-30	1E10	1E10	1E-30	1E10	1E10	1E-30	1E10	1E10
104	1E-13	1E-30	1E-10	1E10	5.84E-9	0.0682	1E10	1E-30	14700	1E10	7.48E-8	25.2	1E10	1.99E-7	225	1E10	2.82E-7	917	1E-30	1E10	1E10	1E-30	1E10	1E10	1E-30	1E10	1E10	1E-30	1E10	1E10	1E-30	1E10	1E10	1E-30	1E10	1E10	1E-30	1E10	1E10	1E-30	1E10	1E10	1E-30	1E10	1E10	1E-30	1E10	1E10
105	1E-13	1E-30	1E-10	1E10	5.84E-9	0.0682	1E10	1E-30	14700	1E10	7.48E-8	25.2	1E10	1.99E-7	225	1E10	2.82E-7	917	1E-30	1E10	1E10	1E-30	1E10	1E10	1E-30	1E10	1E10	1E-30	1E10	1E10	1E-30	1E10	1E10	1E-30	1E10	1E10	1E-30	1E10	1E10	1E-30	1E10	1E10	1E-30	1E10	1E10	1E-30	1E10	1E10
106	1.13E-13	1E-30	1E-10	1E10	6.02E-9	0.0667	1E10	1E-30	13600	1E10	5.91E-8	14.7	1E10	2.02E-7	254	1E10	2.92E-7	1040	1E-30	1E10	1E10	1E-30	1E10	1E10	1E-30	1E10	1E10	1E-30	1E10	1E10	1E-30	1E10	1E10	1E-30	1E10	1E10	1E-30	1E10	1E10	1E-30	1E10	1E10	1E-30	1E10	1E10	1E-30	1E10	1E10
107	1.13E-13	1E-30	1E-10	1E10	6.02E-9	0.0667	1E10	1E-30	13600	1E10	5.91E-8	14.7	1E10	2.02E-7	254	1E10	2.92E-7	1040	1E-30	1E10	1E10	1E-30	1E10	1E10	1E-30	1E10	1E10	1E-30	1E10	1E10	1E-30	1E10	1E10	1E-30	1E10	1E10	1E-30	1E10	1E10	1E-30	1E10	1E10	1E-30	1E10	1E10	1E-30	1E10	1E10
108	1.13E-13	1E-30	1E-10	1E10	6.02E-9	0.0667	1E10	1E-30	13600	1E10	5.91E-8	14.7	1E10	2.02E-7	254	1E10	2.92E-7	1040	1E-30	1E10	1E10	1E-30	1E10	1E10	1E-30	1E10	1E10	1E-30	1E10	1E10	1E-30	1E10	1E10	1E-30	1E10	1E10	1E-30	1E10	1E10	1E-30	1E10	1E10	1E-30	1E10	1E10	1E-30	1E10	1E10
109	1.06E-13	1E-30	1E-10	1E10	6.54E-9	0.0781	1E10	1E-30	13500	1E10	6.38E-8	20.9	1E10	2.6E-7	348	1E10	3.09E-7	1090	1E-30	1E10	1E10	1E-30	1E10	1E10	1E-30	1E10	1E10	1E-30	1E10	1E10	1E-30	1E10	1E10	1E-30	1E10	1E10	1E-30	1E10	1E10	1E-30	1E10	1E10	1E-30	1E10	1E10	1E-30	1E10	1E10
110	1.06E-13	1E-30	1E-10	1E10	6.54E-9	0.0781	1E10	1E-30	13500	1E10	6.38E-8	20.9	1E10	2.6E-7	348	1E10	3.09E-7	1090	1E-30	1E10	1E10	1E-30	1E10	1E10	1E-30	1E10	1E10	1E-30	1E10	1E10	1E-30	1E10	1E10	1E-30	1E10	1E10	1E-30	1E10	1E10	1E-30	1E10	1E10	1E-30	1E10	1E10	1E-30	1E10	1E10
111	1.06E-13	1E-30	1E-10	1E10	6.54E-9	0.0781	1E10	1E-30	13500	1E10	6.38E-8	20.9	1E10	2.6E-7	348	1E10	3.09E-7	1090	1E-30	1E10	1E10	1E-30	1E10	1E10	1E-30	1E10	1E10	1E-30	1E10	1E10	1E-30	1E10	1E10	1E-30	1E10	1E10	1E-30	1E10	1E10	1E-30	1E10	1E10	1E-30	1E10	1E10	1E-30	1E10	1E10
112	1.89E-14	1E-30	1E-10	1E10	7.15E-9	0.0641	1E10	1E-30	14800	1E10	6.81E-8	18.1	1E10	1.97E-7	235	1E10	3.26E-7	1230	8.18E-14	8.06E-10	1.92	1E-30	1E10	1E10	1E-30	1E10	1E10	1E-30	1E10	1E10	1E-30	1E10	1E10	1E-30	1E10	1E10	1E-30	1E10	1E10	1E-30	1E10	1E10	1E-30	1E10	1E10	1E-30	1E10	1E10
113	1.89E-14	1E-30	1E-10	1E10	7.15E-9	0.0641	1E10	1E-30	14800	1E10	6.81E-8	18.1	1E10	1.97E-7	235	1E10	3.26E-7	1230	8.18E-14	8.06E-10	1.92	1E-30	1E10	1E10	1E-30	1E10	1E10	1E-30	1E10	1E10	1E-30	1E10	1E10	1E-30	1E10	1E10	1E-30	1E10	1E10	1E-30	1E10	1E10	1E-30	1E10	1E10	1E-30	1E10	1E10
114	1.89E-14	1E-30	1E-10	1E10	7.15E-9	0.0641	1E10	1E-30	14800	1E10	6.81E-8	18.1	1E10	1.97E-7	235	1E10	3.26E-7	1230	8.18E-14	8.06E-10	1.92	1E-30	1E10	1E10	1E-30	1E10	1E10	1E-30	1E10	1E10	1E-30	1E10	1E10	1E-30	1E10	1E10	1E-30	1E10	1E10	1E-30	1E10	1E10	1E-30	1E10	1E10	1E-30	1E10	1E10
115	7.09E-14	1E-30	1E-10	1E10	7.65E-9	0.0648	1E10	1E-30	14800	1E10	8.27E-8	17.1	1E10	1.67E-7	126	1E10	2.84E-7	1020	5.22E-14	1.47E-9	2.12	1E-30	1E10	1E10	1E-30	1E10	1E10	1E-30	1E10	1E10	1E-30	1E10	1E10	1E-30	1E10	1E10	1E-30	1E10	1E10	1E-30	1E10	1E10	1E-30	1E10	1E10	1E-30	1E10	1E10
116	7.09E-14	1E-30	1E-10	1E10	7.65E-9	0.0648	1E10	1E-30	14800	1E10	8.27E-8	17.1	1E10	1.67E-7	126	1E10	2.84E-7	1020	5.22E-14	1.47E-9	2.12	1E-30	1E10	1E10	1E-30	1E10	1E10	1E-30	1E10	1E10	1E-30	1E10	1E10	1E-30	1E10	1E10	1E-30	1E10	1E10	1E-30	1E10	1E10	1E-30	1E10	1E10	1E-30	1E10	1E10
117	7.09E-14	1E-30	1E-10	1E10	7.65E-9	0.0648	1E10	1E-30	14800	1E10	8.27E-8	17.1	1E10	1.67E-7	126	1E10	2.84E-7	1020	5.22E-14	1.47E-9	2.12	1E-30	1E10	1E10	1E-30	1E10	1E10	1E-30	1E10	1E10	1E-30	1E10	1E10	1E-30	1E10	1E10	1E-30	1E10	1E10	1E-30	1E10	1E10	1E-30	1E10	1E10	1E-30	1E10	1E10
118	7.49E-15	1E-30	1E-10	1E10	7.88E-9	0.0879	1E10	1E-30	16300	1E10	8.52E-8	21	1E10	1.92E-7	258	1E10	4.52E-7	1600	9.68E-14	7.32E-10	1.68	1E-30	1E10	1E10	1E-30	1E10	1E10	1E-30	1E10	1E10	1E-30	1E10	1E10	1E-30	1E10	1E10	1E-30	1E10	1E10	1E-30	1E10	1E10	1E-30	1E10	1E10	1E-30	1E10	1E10
119	7.49E-15	1E-30	1E-10	1E10	7.88E-9	0.0879	1E10	1E-30	16300	1E10	8.52E-8	21	1E10	1.92E-7	258	1E10	4.52E-7	1600	9.68E-14	7.32E-10	1.68	1E-30	1E10	1E10	1E-30	1E10	1E10	1E-30	1E10	1E10	1E-30	1E10	1E10	1E-30	1E10	1E10	1E-30	1E10	1E10	1E-30	1E10	1E10	1E-30	1E10	1E10	1E-30	1E10	1E10
120	7.49E-15	1E-30	1E-10	1E10	7.88E-9	0.0879	1E10	1E-30	16300	1E10	8.52E-8	21	1E10	1.92E-7	258	1E10	4.52E-7	1600	9.68E-14	7.32E-10	1.68	1E-30	1E10	1E10	1E-30	1E10	1E10	1E-30	1E10	1E10	1E-30	1E10	1E10	1E-30	1E10	1E10	1E-30	1E10	1E10	1E-30	1E10	1E10	1E-30	1E10	1E10	1E-30	1E10	1E10
121	1.6E-14	1E-30	1E-10	1E10	8.93E-9	0.0845	1E10	1E-30	19700	1E10	8.15E-8	17.4	1E10	2.37E-7	269	1E10	4.23E-7	1460	8.83E-14	8.45E-10	1.65	1E-30	1E10	1E10	1E-30	1E10	1E10	1E-30	1E10	1E10	1E-30	1E10	1E10	1E-30	1E10	1E10	1E-30	1E10	1E10	1E-30	1E10	1E10	1E-30	1E10	1E10	1E-30	1E10	1E10
122	1.6E-14	1E-30	1E-10	1E10	8.93E-9	0.0845	1E10	1E-30	19700	1E10	8.15E-8	17.4	1E10	2.37E-7	269	1E10	4.23E-7	1460	8.83E-14	8.45E-10	1.65	1E-30	1E10	1E10	1E-30	1E10	1E10	1E-30	1E10	1E10	1E-30	1E10	1E10	1E-30	1E10	1E10	1E-30	1E10	1E10	1E-30	1E10	1E10	1E-30	1E10	1E10	1E-30	1E10	1E10
123	1.6E-14	1E-30	1E-10	1E10	8.93E-9	0.0845	1E10	1E-30	19700	1E10	8.15E-8	17.4	1E10	2.37E-7	269	1E10	4.23E-7	1460	8.83E-14	8.45E-10	1.65	1E-30	1E10	1E10	1E-30	1E10	1E10	1E-30	1E10	1E10	1E-30	1E10	1E10	1E-30	1E10	1E10	1E-30	1E10	1E10	1E-30	1E10	1E10	1E-30	1E10	1E10	1E-30	1E10	1E10
124	7.61E-14	1E-30	1E-10	1E10	9.25E-9	0.103	1E10	1E-30	16500	1E10	8.47E-8	29.4	1E10	2.56E-7	642	4.84E-14	1.73E-9	1.2	2.04E-15	1.73E-9	184	1E-30	1E10	1E10	1E-30	1E10	1E10	1E-30	1E10	1E10	1E-30	1E10	1E10	1E-30	1E10	1E10	1E-30	1E10	1E10	1E-30	1E10	1E10	1E-30	1E10	1E10	1E-30	1E10	1E10
125	7.61E-14	1E-30	1E-10	1E10	9.25E-9	0.103	1E10	1E-30	16500	1E10	8.47E-8	29.4	1E10	2.56E-7	642	4.84E-14	1.73E-9	1.2	2.04E-15	1.73E-9	184	1E-30	1E10	1E10	1E-30	1E10	1E10	1E-30	1E10	1E10	1E-30	1E10	1E10	1E-30	1E10	1E10	1E-30	1E10	1E10	1E-30	1E10	1E10	1E-30	1E10	1E10	1E-30	1E10	1E10
126	7.61E-14	1E-30	1E-10	1E10	9.25E-9	0.103	1E10	1E-30	16500	1E10	8.47E-8	29.4	1E10	2.56E-7	642	4.84E-14	1.73E-9	1.2	2.04E-15	1.73E-9	184	1E-30	1E10	1E10	1E-30	1E10	1E10	1E-30	1E10	1E10	1E-30	1E10	1E10	1E-30	1E10	1E10	1E-30	1E10	1E10	1E-30	1E10	1E10	1E-30	1E10	1E10	1E-30	1E10	1E10
127	7.27E-14	1E-30	1E-10	1E10	9.28E-9	0.133	1E10	1E-30	17200	1E10	1.6E-7	71.6	1E10	4E-7	521	1E10	5.19E-7	1810	3.61E-14	2.28E-9	2.81	1E-30	1E10	1E10	1E-30	1E10	1E10	1E-30	1E10	1E10	1E-30	1E10	1E10	1E-30	1E10	1E10	1E-30	1E10	1E10	1E-30	1E10	1E10	1E-30	1E10	1E10	1E-30	1E10	1E10
128	7.27E-14	1E-30	1E-10	1E10	9.28E-9	0.133	1E10	1E-30	17200	1E10	1.6E-7	71.6	1E10	4E-7	521	1E10	5.19E-7	1810	3.61E-14	2.28E-9	2.81	1E-30	1E10	1E10	1E-30	1E10	1E10	1E-30	1E10	1E10	1E-30	1E10	1E10	1E-30	1E10	1E10	1E-30	1E10	1E10	1E-30	1E10	1E10	1E-30	1E10	1E10	1E-30	1E10	1E10
129	7.27E-14	1E-30	1E-10	1E10	9.28E-9	0.133	1E10	1E-30	17200	1E10	1.6E-7	71.6	1E10	4E-7	521	1E10	5.19E-7	1810	3.61E-14	2.28E-9	2.81	1E-30	1E10	1E10	1E-30	1E10	1E10	1E-30	1E10	1E10	1E-30	1E10	1E10	1E-30	1E10	1E10	1E-30	1E10	1E10	1E-30	1E10	1E10	1E-30	1E10	1E10	1E-30	1E10	1E10
130	4.07E-14	1E-30	1E-10	1E10	9.89E-9	0.114	1E10	1E-30	15200	1E10	1.27E-7	46.4	1E10	2.27E-7	471	7.8E-14	1.07E-9	1.76	1E-30	1E10	1E10	1E-30	1E10	1E10	1E-30	1E10	1E10	1E-30	1E10	1E10	1E-30	1E10	1E10	1E-30	1E10	1E10	1E-30	1E10	1E10	1E-30	1E10	1E10	1E-30	1E10	1E10	1E-30	1E10	1E10
131	4.07E-14	1E-30	1E-10	1E10	9.89E-9	0.114	1E10	1E-30	15200	1E10	1.27E-7	46.4	1E10	2.27E-7	471	7.8E-14	1.07E-9	1.76	1E-30	1E10	1E10	1E-30	1E10	1E10	1E-30	1E10	1E10	1E-30	1E10	1E10	1E-30	1E10	1E10	1E-30	1E10	1E10	1E-30	1E10	1E10	1E-30	1E10	1E10	1E-30	1E10	1E10	1E-30	1E10	1E10
132	4.07E-14	1E-30	1E-10	1E10	9.89E-9	0.114	1E10	1E-30	15200	1E10	1.27E-7	46.4	1E10	2.27E-7	471	7.8E-14	1.07E-9	1.76	1E-30	1E10	1E10	1E-30	1E10	1E10	1E-30	1E10	1E10	1E-30	1E10	1E10	1E-30	1E10	1E10	1E-30	1E10	1E10	1E-30	1E10	1E10	1E-30	1E10	1E10	1E-30	1E10	1E10	1E-30	1E10	1E10
133	4E-14	1E-30	1E-10	1E10	1.06E-8	0.138	1E10	1E-30	18200	1E10	1.45E-7	51.5	1E10	3.34E-7	582	1E10	9.5E-7	3210	6.71E-14	1.22E-9	1.89	6.71E-15	2.6E-8	141	1E-30	1E10	1E10	1E-30	1E10	1E10	1E-30	1E10	1E10	1E-30	1E10	1E10	1E-30	1E10	1E10	1E-30	1E10	1E10	1E-30	1E10	1E10	1E-30	1E10	1E10
134	4E-14	1E-30	1E-10	1E10	1.06E-8	0.138	1E10	1E-30	18200	1E10	1.45E-7	51.5	1E10	3.34E-7	582	1E10	9.5E-7	3210	6.71E-14	1.22E-9	1.89	6.71E-15	2.6E-8	141	1E-30	1E10	1E10	1E-30	1E10	1E10	1E-30	1E10	1E10	1E-30	1E10	1E10	1E-30	1E10	1E10	1E-30	1E10	1E10	1E-30	1E10	1E10	1E-30	1E10	1E10
135	4E-14	1E-30	1E-10	1E10	1.06E-8	0.138	1E10	1E-30	18200	1E10	1.45E-7	51.5	1E10	3.34E-7	582	1E10	9.5E-7	3210	6.71E-14	1.22E-9	1.89	6.71E-15	2.6E-8	141	1E-30	1E10	1E10	1E-30	1E10	1E10	1E-30	1E10	1E10	1E-30	1E10	1E10	1E-30	1E10	1E10	1E-30	1E10	1E10	1E-30	1E10	1E10	1E-30	1E10	1E10
136	1.02E-13	1E-30	1E-10	1E10	1.21E-8	0.104	1E10	1E-30	20100	1E10	1.02E-7	17.9	1E10	2.33E-7	249	1E10	6.73E-7	2550	2.04E-14	4.47E-9	3.33	1E-30	1E10	1E10	1E-30	1E10	1E10	1E-30	1E10	1E10	1E-30	1E10	1E10	1E-30	1E10	1E10	1E-30	1E10	1E10	1E-30	1E10	1E10	1E-30	1E10	1E10	1E-30	1E10	1E10
137	1.02E-13	1E-30	1E-10	1E10	1.21E-8	0.104	1E10	1E-30	20100	1E10	1.02E-7	17.9	1E10	2.33E-7	249	1E10	6.73E-7	2550	2.04E-14	4.47E-9	3.33	1E-30	1E10	1E10	1E-30	1E10	1E10	1E-30	1E10	1E10	1E-30	1E10	1E10	1E-30	1E10	1E10	1E-30	1E10	1E10	1E-30	1E10	1E10	1E-30	1E10	1E10	1E-30	1E10	1E10
138	1.02E-13	1E-30	1E-10	1E10	1.21E-8	0.104	1E10	1E-30	20100	1E10	1.02E-7	17.9	1E10	2.33E-7	249	1E10	6.73E-7	2550	2.04E-14	4.47E-9	3.33	1E-30	1E10	1E10	1E-30	1E10	1E10	1E-30	1E10	1E10	1E-30	1E10	1E10	1E-30	1E10	1E10	1E-30	1E10	1E10	1E-30	1E10	1E10	1E-30	1E10	1E10	1E-30	1E10	1E10
139	8.58E-14	1E-30	1E-10	1E10	1.35E-8	0.118	1E10	1E-30	19500	1E10	1.32E-7	14.5	1E10	2.39E-7	170	1E10	4.63E-7	1260	4.42E-14	2.57E-9	6.15	1E-30	1E10	1E10	1E-30	1E10	1E10	1E-30	1E10	1E10	1E-30	1E10	1E10	1E-30	1E10	1E10	1E-30	1E10	1E10	1E-30	1E10	1E10	1E-30	1E10	1E10	1E-30	1E10	1E10
140	8.58E-14	1E-30	1E-10	1E10	1.35E-8	0.118	1E10	1E-30	19500	1E10	1.32E-7	14.5	1E10	2.39E-7	170	1E10	4.63E-7	1260	4.42E-14	2.57E-9	6.15	1E-30	1E10	1E10	1E-30	1E10	1E10	1E-30	1E10	1E10	1E-30	1E10	1E10	1E-30	1E10	1E10	1E-30	1E10	1E10	1E-30	1E10	1E10	1E-30	1E10	1E10	1E-30	1E10	1E10
141	8.58E-14	1E-30	1E-10	1E10	1.35E-8	0.118	1E10	1E-30	19500	1E10	1.32E-7	14.5	1E10	2.39E-7	170	1E10	4.63E-7	1260	4.42E-14	2.57E-9	6.15	1E-30	1E10	1E10	1E-30	1E10	1E10	1E-30	1E10	1E10	1E-30	1E10	1E10	1E-30	1E10	1E10	1E-30	1E10	1E10	1E-30	1E10	1E10	1E-30	1E10	1E10	1E-30	1E10	1E10
142	9.78E-14	1E-30	1E-10	1E10	1.33E-8	0.168	1E10	1E-30	20200	1E10	1.74E-7	74.1	1E10	3.53E-7	801	2.98E-14	3.61E-9	6.48	1E-30	1E10	1E10	1E-30	1E10	1E10	1E-30	1E10	1E10	1E-30	1E10	1E10	1E-30	1E10	1E10	1E-30	1E10	1E10	1E-30	1E10	1E10	1E-30	1E10	1E10	1E-30	1E10	1E10	1E-30	1E10	1E10
143	9.78E-14	1E-30	1E-10	1E10	1.33E-8	0.168	1E10	1E-30	20200	1E10	1.74E-7	74.1	1E10	3.53E-7	801	2.98E-14	3.61E-9	6.48	1E-30	1E10	1E10	1E-30	1E10	1E10	1E-30	1E10	1E10	1E-30	1E10	1E10	1E-30	1E10	1E10	1E-30	1E10	1E10	1E-30	1E10	1E10	1E-30	1E10	1E10	1E-30	1E10	1E10	1E-30	1E10	1E10
144	9.78E-14	1E-30	1E-10	1E10	1.33E-8	0.168	1E10	1E-30	20200	1E10	1.74E-7	74.1	1E10	3.53E-7	801	2.98E-14	3.61E-9	6.48	1E-30	1E10	1E10	1E-30	1E10	1E10	1E-30	1E10	1E10	1E-30	1E10	1E10	1E-30	1E10	1E10	1E-30	1E10	1E10	1E-30	1E10	1E10	1E-30	1E10	1E10	1E-30	1E10	1E10	1E-30	1E10	1E10
145	1.11E-13	1E-30	1E-10	1E10	1.59E-8	0.133	1E10	1E-30	21100	1E10	1.85E-7	53.2	1E10	5.94E-7	745	1E10	6.55E-7	1660	2.35E-14	5.55E-9	11.7	1E-30	1E10	1E10	1E-30	1E10	1E10	1E-30	1E10	1E10	1E-30	1E10	1E10	1E-30	1E10	1E10	1E-30	1E10	1E10	1E-30	1E10	1E10	1E-30	1E10	1E10	1E-30	1E10	1E10
146	1.11E-13	1E-30	1E-10	1E10	1.59E-8	0.133	1E10	1E-30	21100	1E10	1.85E-7	53.2	1E10	5.94E-7	745	1E10	6.55E-7	1660	2.35E-14	5.55E-9	11.7	1E-30	1E10	1E10	1E-30	1E10	1E10	1E-30	1E10	1E10	1E-30	1E10	1E10	1E-30	1E10	1E10	1E-30	1E10	1E10	1E-30	1E10	1E10	1E-30	1E10	1E10	1E-30	1E10	1E10
147	1.11E-13	1E-30	1E-10	1E10	1.59E-8	0.133	1E10	1E-30	21100	1E10	1.85E-7	53.2	1E10	5.94E-7	745	1E10	6.55E-7	1660	2.35E-14	5.55E-9	11.7	1E-30	1E10	1E10	1E-30	1E10	1E10	1E-30	1E10	1E10	1E-30	1E10	1E10	1E-30	1E10	1E10	1E-30	1E10	1E10	1E-30	1E10	1E10	1E-30	1E10	1E10	1E-30	1E10	1E10
148	1.79E-14	1E-30	1E-10	1E10	1.68E-8	0.173	1E10	1E-30	22700	1E10	1.78E-7	40.1	1E10	4.37E-7	363	1E10	5.46E-7	1320	4.31E-14	3.28E-9	5.76	8.07E-14	7.77E-10	0.616	1E-30	1E10	1E10	1E-30	1E10	1E10	1E-30	1E10	1E10	1E-30	1E10	1E10	1E-30	1E10	1E10	1E-30	1E10	1E10	1E-30	1E10	1E10	1E-30	1E10	1E10
149	1.79E-14	1E-30	1E-10	1E10	1.68E-8	0.173	1E10	1E-30	22700	1E10	1.78E-7	40.1	1E10	4.37E-7	363	1E10	5.46E-7	1320	4.31E-14	3.28E-9	5.76	8.07E-14	7.77E-10	0.616	1E-30	1E10	1E10	1E-30	1E10	1E10	1E-30	1E10	1E10	1E-30	1E10	1E10	1E-30	1E10	1E10	1E-30	1E10	1E10	1E-30	1E10	1E10	1E-30	1E10	1E10
150	1.79E-14	1E-30	1E-10	1E10	1.68E-8	0.173	1E10	1E-30	22700	1E10	1.78E-7	40.1	1E10	4.37E-7	363	1E10	5.46E-7	1320	4.31E-14	3.28E-9	5.76	8.07E-14	7.77E-10	0.616	1E-30	1E10	1E10	1E-30	1E10	1E10	1E-30	1E10	1E10	1E-30	1E10	1E10	1E-30	1E10	1E10	1E-30	1E10	1E10	1E-30	1E10	1E10	1E-30	1E10	1E10
151	7.64E-14	1E-30	1E-10	1E10	1.88E-8	0.22	1E10	1E-30	26600	1E10	3.37E-7	117	1E10	5.26E-7	552	1E10	9.55E-7	2490	2.51E-14	5.07E-9	9.22	1.03E-14	5.74E-9	119	1E-30	1E10	1E10	1E-30	1E10	1E10	1E-30	1E10	1E10	1E-30	1E10	1E10	1E-30	1E10	1E10	1E-30	1E10	1E10	1E-30	1E10	1E10	1E-30	1E10	1E10
152	7.64E-14	1E-30	1E-10	1E10	1.88E-8	0.22	1E10	1E-30	26600	1E10	3.37E-7	117	1E10	5.26E-7	552	1E10	9.55E-7	2490	2.51E-14	5.07E-9	9.22	1.03E-14	5.74E-9	119	1E-30	1E10	1E10	1E-30	1E10	1E10	1E-30	1E10	1E10	1E-30	1E10	1E10	1E-30	1E10	1E10	1E-30	1E10	1E10	1E-30	1E10	1E10	1E-30	1E10	1E10
153	7.64E-14	1E-30	1E-10	1E10	1.88E-8	0.22	1E10	1E-30	26600	1E10	3.37E-7	117	1E10	5.26E-7	552	1E10	9.55E-7	2490	2.51E-14	5.07E-9	9.22	1.03E-14	5.74E-9	119	1E-30	1E10	1E10	1E-30	1E10	1E10	1E-30	1E10	1E10	1E-30	1E10	1E10	1E-30	1E10	1E10	1E-30	1E10	1E10	1E-30	1E10	1E10	1E-30	1E10	1E10
154	6.56E-14	1E-30	1E-10	1E10	2.02E-8	0.187	1E10	1E-30	23600	1E10	2.57E-7	68.6	1E10	5.37E-7	724	1E10	1.47E-6	3550	2.87E-14	4.55E-9	6.28	2.65E-14	2.29E-9	5.86	1E-30	1E10	1E10	1E-30	1E10	1E10	1E-30	1E10	1E10	1E-30	1E10	1E10	1E-30	1E10	1E10	1E-30	1E10	1E10	1E-30	1E10	1E10	1E-30	1E10	1E10
155	6.56E-14	1E-30	1E-10	1E10	2.02E-8	0.187	1E10	1E-30	23600	1E10	2.57E-7	68.6	1E10	5.37E-7	724	1E10	1.47E-6	3550	2.87E-14	4.55E-9	6.28	2.65E-14	2.29E-9	5.86	1E-30	1E10	1E10	1E-30	1E10	1E10	1E-30	1E10	1E10	1E-30	1E10	1E10	1E-30	1E10	1E10	1E-30	1E10	1E10	1E-30	1E10	1E10	1E-30	1E10	1E10
156	6.56E-14	1E-30	1E-10	1E10	2.02E-8	0.187	1E10	1E-30	23600	1E10	2.57E-7	68.6	1E10	5.37E-7	724	1E10	1.47E-6	3550	2.87E-14	4.55E-9	6.28	2.65E-14	2.29E-9	5.86	1E-30	1E10	1E10	1E-30	1E10	1E10	1E-30	1E10	1E10	1E-30	1E10	1E10	1E-30	1E10	1E10	1E-30	1E10	1E10	1E-30	1E10	1E10	1E-30	1E10	1E10
157	5.35E-14	1E-30	1E-10	1E10	2.09E-8	0.221	1E10	1E-30	121E3	1E10	2.67E-7	92.1	1E10	5.52E-7	847	1E10	1.1E-6	1E4	3.57E-14	3.66E-9	10.2	3.03E-14	2.29E-9	4.68	1E-30	1E10	1E10	1E-30	1E10	1E10	1E-30	1E10	1E10	1E-30	1E10	1E10	1E-30	1E10	1E10	1E-30	1E10	1E10	1E-30	1E10	1E10	1E-30	1E10	1E10
158	5.35E-14	1E-30	1E-10	1E10	2.09E-8	0.221	1E10	1E-30	121E3	1E10	2.67E-7	92.1	1E10	5.52E-7	847	1E10	1.1E-6	1E4	3.57E-14	3.66E-9	10.2	3.03E-14	2.29E-9	4.68	1E-30	1E10	1E10	1E-30	1E10	1E10	1E-30	1E10	1E10	1E-30	1E10	1E10	1E-30	1E10	1E10	1E-30	1E10	1E10	1E-30	1E10	1E10	1E-30	1E10	1E10
159	5.35E-14	1E-30	1E-10	1E10	2.09E-8	0.221	1E10	1E-30	121E3	1E10	2.67E-7	92.1	1E10	5.52E-7	847	1E10	1.1E-6	1E4	3.57E-14	3.66E-9	10.2	3.03E-14	2.29E-9	4.68	1E-30	1E10	1E10	1E-30	1E10	1E10	1E-30	1E10	1E10	1E-30	1E10	1E10	1E-30	1E10	1E10	1E-30	1E10	1E10	1E-30	1E10	1E10	1E-30	1E10	1E10
160	9.85E-15	1E-30	1E-10	1E10	2.43E-8	0.222	1E10	1E-30	22800	1E10	2.16E-7	23.9	1E10	4.34E-7	301	1E10	7.73E-7	1790	4.26E-14	3.35E-9	5.26	8.14E-14	8.14E-10	1.61	1E-30	1E10	1E10	1E-30	1E10	1E10	1E-30	1E10	1E10	1E-30	1E10	1E10	1E-30	1E10	1E10	1E-30	1E10	1E10	1E-30	1E10	1E10	1E-30	1E10	1E10
161	9.85E-15	1E-30	1E-10	1E10	2.43E-8	0.222	1E10	1E-30	22800	1E10	2.16E-7	23.9	1E10	4.34E-7	301	1E10	7.73E-7	1790	4.26E-14	3.35E-9	5.26	8.14E-14	8.14E-10	1.61	1E-30	1E10	1E10	1E-30	1E10	1E10	1E-30	1E10	1E10	1E-30	1E10	1E10	1E-30	1E10	1E10	1E-30	1E10	1E10	1E-30	1E10	1E10	1E-30	1E10	1E10
162	9.85E-15	1E-30	1E-10	1E10	2.43E-8	0.222	1E10	1E-30	22800	1E10	2.16E-7	23.9	1E10	4.34E-7	301	1E10	7.73E-7	1790	4.26E-14	3.35E-9	5.26	8.14E-14	8.14E-10	1.61	1E-30	1E10	1E10	1E-30	1E10	1E10	1E-30	1E10	1E10	1E-30	1E10	1E10	1E-30	1E10	1E10	1E-30	1E10	1E10	1E-30	1E10	1E10	1E-30	1E10	1E10
163	3.85E-14	1E-30	1E-10	1E10	2.47E-8	0.261	1E10	1E-30	23300	1E10	3.05E-7	86	1E10	4.91E-7	792	2.45E-14	6.69E-9	13.8	5.26E-14	1.15E-9	1.94	1E-30	1E10	1E10	1E-30	1E10	1E10	1E-30	1E10	1E10	1E-30	1E10	1E10	1E-30	1E10	1E10	1E-30	1E10	1E10	1E-30	1E10	1E10	1E-30	1E10	1E10	1E-30	1E10	1E10
164	3.85E-14	1E-30	1E-10	1E10	2.47E-8	0.261	1E10	1E-30	23300	1E10	3.05E-7	86	1E10	4.91E-7	792	2.45E-14	6.69E-9	13.8	5.26E-14	1.15E-9	1.94	1E-30	1E10	1E10	1E-30	1E10	1E10	1E-30	1E10	1E10	1E-30	1E10	1E10	1E-30	1E10	1E10	1E-30	1E10	1E10	1E-30	1E10	1E10	1E-30	1E10	1E10	1E-30	1E10	1E10
165	3.85E-14	1E-30	1E-10	1E10	2.47E-8	0.261	1E10	1E-30	23300	1E10	3.05E-7	86	1E10	4.91E-7	792	2.45E-14	6.69E-9	13.8	5.26E-14	1.15E-9	1.94	1E-30	1E10	1E10	1E-30	1E10	1E10	1E-30	1E10	1E10	1E-30	1E10	1E10	1E-30	1E10	1E10	1E-30	1E10	1E10	1E-30	1E10	1E10	1E-30	1E10	1E10	1E-30	1E10	1E10
166	8.49E-15	1E-30	1E-10	1E10	2.55E-8	0.257	1E10	1E-30	28100	1E10	3.27E-7	71.1	1E10	6.6E-7	491	1E10	8.71E-7	2070	1.96E-14	7.89E-9	11.9	9.15E-14	6.44E-10	1.05	1E-30	1E10	1E10	1E-30	1E10	1E10	1E-30	1E10	1E10	1E-30	1E10	1E10	1E-30	1E10	1E10	1E-30	1E10	1E10	1E-30	1E10	1E10	1E-30	1E10	1E10
167	8.49E-15	1E-30	1E-10	1E10	2.55E-8	0.257	1E10	1E-30	28100	1E10	3.27E-7	71.1	1E10	6.6E-7	491	1E10	8.71E-7	2070	1.96E-14	7.89E-9	11.9	9.15E-14	6.44E-10	1.05	1E-30	1E10	1E10	1E-30	1E10	1E10	1E-30	1E10	1E10	1E-30	1E10	1E10	1E-30	1E10	1E10	1E-30	1E10	1E10	1E-30	1E10	1E10	1E-30	1E10	1E10
168	8.49E-15	1E-30	1E-10	1E10	2.55E-8	0.257	1E10	1E-30	28100	1E10	3.27E-7	71.1	1E10	6.6E-7	491	1E10	8.71E-7	2070	1.96E-14	7.89E-9	11.9	9.15E-14	6.44E-10	1.05	1E-30	1E10	1E10	1E-30	1E10	1E10	1E-30	1E10	1E10	1E-30	1E10	1E10	1E-30	1E10	1E10	1E-30	1E10	1E10	1E-30	1E10	1E10	1E-30	1E10	1E10
169	3.26E-14	1E-30	1E-10	1E10	2.97E-8	0.357	1E10	1E-30	37300	1E10	4.59E-7	1.35	1E10	3.07E-7	119	1E10	7.91E-7	1810	2.04E-14	9.86E-9	16.7	6.42E-14	1.09E-9	1.65	1E-30	1E10	1E10	1E-30	1E10	1E10	1E-30	1E10	1E10	1E-30	1E10	1E10	1E-30	1E10	1E10	1E-30	1E10	1E10	1E-30	1E10	1E10	1E-30	1E10	1E10
170	3.26E-14	1E-30	1E-10	1E10	2.97E-8	0.357	1E10	1E-30	37300	1E10	4.59E-7	1.35	1E10	3.07E-7	119	1E10	7.91E-7	1810	2.04E-14	9.86E-9	16.7	6.42E-14	1.09E-9	1.65	1E-30	1E10	1E10	1E-30	1E10	1E10	1E-30	1E10	1E10	1E-30	1E10	1E10	1E-30	1E10	1E10	1E-30	1E10	1E10	1E-30	1E10	1E10	1E-30	1E10	1E10
171	3.26E-14	1E-30	1E-10	1E10	2.97E-8	0.357	1E10	1E-30	37300	1E10	4.59E-7	1.35	1E10	3.07E-7	119	1E10	7.91E-7	1810	2.04E-14	9.86E-9	16.7	6.42E-14	1.09E-9	1.65	1E-30	1E10	1E10	1E-30	1E10	1E10	1E-30	1E10	1E10	1E-30	1E10	1E10	1E-30	1E10	1E10	1E-30	1E10	1E10	1E-30	1E10	1E10	1E-30	1E10	1E10
172	2.7E-15	1E-30	1E-10	1E10	3.24E-8	0.389	1E10	1E-30	36E3	1E10	4.96E-7	73.5	1E10	6.36E-7	358	1E10	9.51E-7	2130	5.3E-15	1.18E-7	187	2.38E-14	8.98E-9	15.1	9.27E-14	8.16E-10	1.9	1E-30	1E10	1E10	1E-30	1E10	1E10	1E-30	1E10	1E10	1E-30	1E10	1E10	1E-30	1E10	1E10	1E-30	1E10	1E10	1E-30	1E10	1E10
173	2.7E-15	1E-30	1E-10	1E10	3.24E-8	0.389	1E10	1E-30	36E3	1E10	4.96E-7	73.5	1E10	6.36E-7	358	1E10	9.51E-7	2130	5.3E-15	1.18E-7	187	2.38E-14	8.98E-9	15.1	9.27E-14	8.16E-10	1.9	1E-30	1E10	1E10	1E-30	1E10	1E10	1E-30	1E10	1E10	1E-30	1E10	1E10	1E-30	1E10	1E10	1E-30	1E10	1E10	1E-30	1E10	1E10
174	2.7E-15	1E-30	1E-10	1E10	3.24E-8	0.389	1E10	1E-30	36E3	1E10	4.96E-7	73.5	1E10	6.36E-7	358	1E10	9.51E-7	2130	5.3E-15	1.18E-7	187	2.38E-14	8.98E-9	15.1	9.27E-14	8.16E-10	1.9	1E-30	1E10	1E10	1E-30	1E10	1E10	1E-30	1E10	1E10	1E-30	1E10	1E10	1E-30	1E10	1E10	1E-30	1E10	1E10	1E-30	1E10	1E10
175	4.22E-14	1E-30	1E-10	1E10	3.44E-8	0.507	1E10	1E-30	29700	1E10	5.33E-7	262	1E10	9.97E-7	1850	1E10	1.09E-5	3410	2.19E-14	1.06E-8	14.2	5.69E-14	1.42E-9	2.64	1E-30	1E10	1E10	1E-30	1E10	1E10	1E-30	1E10	1E10	1E-30	1E10	1E10	1E-30	1E10	1E10	1E-30	1E10	1E10	1E-30	1E10	1E10	1E-30	1E10	1E10
176	4.22E-14	1E-30	1E-10	1E10	3.44E-8	0.507	1E10	1E-30	29700	1E10	5.33E-7	262	1E10	9.97E-7	1850	1E10	1.09E-5	3410	2.19E-14	1.06E-8	14.2	5.69E-14	1.42E-9	2.64	1E-30	1E10	1E10	1E-30	1E10	1E10	1E-30	1E10	1E10	1E-30	1E10	1E10	1E-30	1E10	1E10	1E-30	1E10	1E10	1E-30	1E10	1E10	1E-30	1E10	1E10
177	4.22E-14	1E-30	1E-10	1E10	3.44E-8	0.507	1E10	1E-30	29700	1E10	5.33E-7	262	1E10	9.97E-7	1850	1E10	1.09E-5	3410	2.19E-14	1.06E-8	14.2	5.69E-14	1.42E-9	2.64	1E-30	1E10	1E10	1E-30	1E10	1E10	1E-30	1E10	1E10	1E-30	1E10	1E10	1E-30	1E10	1E10	1E-30	1E10	1E10	1E-30	1E10	1E10	1E-30	1E10	1E10
178	4.84E-14	1E-30	1E-10	1E10	3.86E-8	0.376	1E10	1E-30	43900	1E10	6.71E-7	125	1E10	7.92E-7	605	1E10	1.31E-6	3510	2.19E-14	1.06E-8	14.2	5.69E-14	1.42E-9	2.64	1E-30	1E10	1E10	1E-30	1E10	1E10	1E-30	1E10	1E10	1E-30	1E10	1E10	1E-30	1E10	1E10	1E-30	1E10	1E10	1E-30	1E10	1E10	1E-30	1E10	1E10
179	4.84E-14	1E-30	1E-10	1E10	3.86E-8	0.376	1E10	1E-30	43900	1E10	6.71E-7	125	1E10	7.92E-7	605	1E10	1.31E-6	3510	2.19E-14	1.06E-8	14.2	5.69E-14	1.42E-9	2.64	1E-30	1E10	1E10	1E-30	1E10	1E10	1E-30	1E10	1E10	1E-30	1E10	1E10	1E-30	1E10	1E10	1E-30	1E10	1E10	1E-30	1E10	1E10	1E-30	1E10	1E10
180	4.84E-14	1E-30	1E-10	1E10	3.86E-8	0.376	1E10	1E-30	43900	1E10	6.71E-7	125	1E10	7.92E-7	605	1E10	1.31E-6	3510	2.19E-14	1.06E-8	14.2	5.69E-14	1.42E-9	2.64	1E-30	1E10	1E10	1E-30	1E10	1E10	1E-30	1E10	1E10	1E-30	1E10	1E10	1E-30	1E10	1E10	1E-30	1E10	1E10	1E-30	1E10	1E10	1E-30	1E10	1E10
181	2.55E-14	1E-30	1E-10	1E10	4.25E-8	0.559	1E10	1E-30	38400	1E10	5.72E-7	101	1E10	9.54E-7	601	1E10	1.15E-6	2420	1.75E-14	1.62E-8	33.4	6.5E-14	1.34E-9	1.02	2.72E-14	2.24E-9	11.2	1E-30	1E10	1E10	1E-30	1E10	1E10	1E-30	1E10	1E10	1E-30	1E10	1E10	1E-30	1E10	1E10	1E-30	1E10	1E10	1E-30	1E10	1E10
182	2.55E-14	1E-30	1E-10	1E10	4.25E-8	0.559	1E10	1E-30	38400	1E10	5.72E-7	101	1E10	9.54E-7	601	1E10	1.15E-6	2420	1.75E-14	1.62E-8	33.4	6.5E-14	1.34E-9	1.02	2.72E-14	2.24E-9	11.2	1E-30	1E10	1E10	1E-30	1E10	1E10	1E-30	1E10	1E10	1E-30	1E10	1E10	1E-30	1E10	1E10	1E-30	1E10	1E10	1E-30	1E10	1E10
183	2.55E-14	1E-30	1E-10	1E10	4.25E-8	0.559	1E10	1E-30	38400	1E10	5.72E-7	101	1E10	9.54E-7	601	1E10	1.15E-6	2420	1.75E-14	1.62E-8	33.4	6.5E-14	1.34E-9	1.02	2.72E-14	2.24E-9	11.2	1E-30	1E10	1E10	1E-30	1E10	1E10	1E-30	1E10	1E10	1E-30	1E10	1E10	1E-30	1E10	1E10	1E-30	1E10	1E10	1E-30	1E10	1E10
184	2.73E-14	1E-30	1E-10	1E10	4.35E-8	0.444	1E10	1E-30	51900	1E10	5.22E-7	90	1E10	9.54E-7	587	1E10	1.15E-6	2770	1.79E-14	1.62E-8	42	6.65E-14	1.31E-9	1.09	2.85E-14	2.24E-9	8.9	1E-30	1E10	1E10	1E-30	1E10	1E10	1E-30	1E10	1E10	1E-30	1E10	1E10	1E-30	1E10	1E10	1E-30	1E10	1E10	1E-30	1E10	1E10
185	2.73E-14	1E-30	1E-10	1E10	4.35E-8	0.444	1E10	1E-30	51900	1E10	5.22E-7	90	1E10	9.54E-7	587	1E10	1.15E-6	2770	1.79E-14	1.62E-8	42	6.65E-14	1.31E-9	1.09	2.85E-14	2.24E-9	8.9	1E-30	1E10	1E10	1E-30	1E10	1E10	1E-30	1E10	1E10	1E-30	1E10	1E10	1E-30	1E10	1E10	1E-30	1E10	1E10	1E-30	1E10	1E10
186	2.73E-14	1E-30	1E-10	1E10	4.35E-8	0.444	1E10	1E-30	51900	1E10	5.22E-7	90	1E10	9.54E-7	587	1E10	1.15E-6	2770	1.79E-14	1.62E-8	42	6.65E-14	1.31E-9	1.09	2.85E-14	2.24E-9	8.9	1E-30	1E10	1E10	1E-30	1E10	1E10	1E-30	1E10	1E10	1E-30	1E10	1E10	1E-30	1E10	1E10	1E-30	1E10	1E10	1E-30	1E10	1E10
187	5.01E-14	1E-30	1E-10	1E10	4.36E-8	0.722	1E10	1E-30	52400	1E10	6.93E-7	364	1E10	5.92E-6	1130	1E10	1.55E-6	4150	2.02E-14	1.52E-8	28.3	3.4E-14	2.9E-9	7	1.93E-14	3.73E-9	5.63	1E-30	1E10	1E10	1E-30	1E10	1E10	1E-30	1E10	1E10	1E-30	1E10	1E10	1E-30	1E10	1E10	1E-30	1E10	1E10	1E-30	1E10	1E10
188	5.01E-14	1E-30	1E-10	1E10	4.36E-8	0.722	1E10	1E-30	52400	1E10	6.93E-7	364	1E10	5.92E-6	1130	1E10	1.55E-6	4150	2.02E-14	1.52E-8	28.3	3.4E-14	2.9E-9	7	1.93E-14	3.73E-9	5.63	1E-30	1E10	1E10	1E-30	1E10	1E10	1E-30	1E10	1E10	1E-30	1E10	1E10	1E-30	1E10	1E10	1E-30	1E10	1E10	1E-30	1E10	1E10
189	5.01E-14	1E-30	1E-10	1E10	4.36E-8	0.722	1E10	1E-30	52400	1E10	6.93E-7	364	1E10	5.92E-6	1130	1E10	1.55E-6	4150	2.02E-14	1.52E-8	28.3	3.4E-14	2.9E-9	7	1.93E-14	3.73E-9	5.63	1E-30	1E10	1E10	1E-30	1E10	1E10	1E-30	1E10	1E10	1E-30	1E10	1E10	1E-30	1E10	1E10	1E-30	1E10	1E10	1E-30	1E10	1E10
190	4.46E-14	1E-30	1E-10	1E10	5.11E-8	0.475	1E10	1E-30	38E3	1E10	7.39E-7	117	1E10	9.97E-7	573	1E10	1.41E-6	2750	1.08E-14	3.71E-8	57.1	1.74E-14	6.84E-9	19.6	5.79E-14	1.16E-9	2.14	1E-30	1E10	1E10	1E-30	1E10	1E10	1E-30	1E10	1E10	1E-30	1E10	1E10	1E-30	1E10	1E10	1E-30	1E10	1E10	1E-30	1E10	1E10
191	4.46E-14	1E-30	1E-10	1E10	5.11E-8	0.475	1E10	1E-30	38E3	1E10	7.39E-7	117	1E10	9.97E-7	573	1E10	1.41E-6	2750	1.08E-14	3.71E-8	57.1	1.74E-14	6.84E-9	19.6	5.79E-14	1.16E-9	2.14	1E-30	1E10	1E10	1E-30	1E10	1E10	1E-30	1E10	1E10	1E-30	1E10	1E10	1E-30	1E10	1E10	1E-30	1E10	1E10	1E-30	1E10	1E10
192	4.46E-14	1E-30	1E-10	1E10	5.11E-8	0.475	1E10	1E-30	38E3	1E10	7.39E-7	117	1E10	9.97E-7	573	1E10	1.41E-6	2750	1.08E-14	3.71E-8	57.1	1.74E-14	6.84E-9	19.6	5.79E-14	1.16E-9	2.14	1E-30	1E10	1E10	1E-30	1E10	1E10	1E-30	1E10	1E10	1E-30	1E10	1E10	1E-30	1E10	1E10	1E-30	1E10	1E10	1E-30	1E10	1E10
193	4.21E-14	1E-30	1E-10	1E10	5.62E-8	0.464	1E10	1E-30	35600	1E10	8.12E-7	141	1E10	1.24E-6	798	1E10	1.49E-6	2750	1.26E-14	3.31E-8	58.4	2.55E-14	4.86E-9	17.1	5.75E-14	1.25E-9	1.48	1E-30	1E10	1E10	1E-30	1E10	1E10	1E-30	1E10	1E10	1E-30	1E10	1E10	1E-30	1E10	1E10	1E-30	1E10	1E10	1E-30	1E10	1E10
194	4.21E-14	1E-30	1E-10	1E10	5.62E-8	0.464	1E10	1E-30	35600	1E10	8.12E-7	141	1E10	1.24E-6	798	1E10	1.49E-6	2750	1.26E-14	3.31E-8	58.4	2.55E-14	4.86E-9	17.1	5.75E-14	1.25E-9	1.48	1E-30	1E10	1E10	1E-30	1E10	1E10	1E-30	1E10	1E10	1E-30	1E10	1E10	1E-30	1E10	1E10	1E-30	1E10	1E10	1E-30	1E10	1E10
195	4.21E-14	1E-30	1E-10	1E10	5.62E-8	0.464	1E10	1E-30	35600	1E10	8.12E-7	141	1E10	1.24E-6	798	1E10	1.49E-6	2750	1.26E-14	3.31E-8	58.4	2.55E-14	4.86E-9	17.1	5.75E-14	1.25E-9	1.48	1E-30	1E10	1E10	1E-30	1E10	1E10	1E-30	1E10	1E10	1E-30	1E10	1E10	1E-30	1E10	1E10	1E-30	1E10	1E10	1E-30	1E10	1E10
196	3.78E-14	1E-30	1E-10	1E10	5.91E-8	0.867	1E10	1E-30	68900	1E10	9.74E-7	480	1E10	1.74E-6	3990	1.33E-14	3.28E-8	27.4	2.19E-14	6.06E-9	19.4	5.76E-14	1.34E-9	3.86	1E-30	1E10	1E10	1E-30	1E10	1E10	1E-30	1E10	1E10	1E-30	1E10	1E10	1E-30	1E10	1E10	1E-30	1E10	1E10	1E-30	1E10	1E10	1E-30	1E10	1E10
197	3.78E-14	1E-30	1E-10	1E10	5.91E-8	0.867	1E10	1E-30	68900	1E10	9.74E-7	480	1E10	1.74E-6	3990	1.33E-14	3.28E-8	27.4	2.19E-14	6.06E-9	19.4	5.76E-14	1.34E-9	3.86	1E-30	1E10	1E10	1E-30	1E10	1E10	1E-30	1E10	1E10	1E-30	1E10	1E10	1E-30	1E10	1E10	1E-30	1E10	1E10	1E-30	1E10	1E10	1E-30	1E10	1E10
198	3.78E-14	1E-30	1E-10	1E10	5.91E-8	0.867	1E10	1E-30	68900	1E10	9.74E-7	480	1E10	1.74E-6	3990	1.33E-14	3.28E-8	27.4	2.19E-14	6.06E-9	19.4	5.76E-14	1.34E-9	3.86	1E-30	1E10	1E10	1E-30	1E10	1E10	1E-30	1E10	1E10	1E-30	1E10	1E10	1E-30	1E10	1E10	1E-30	1E10	1E10	1E-30	1E10	1E10	1E-30	1E10	1E10
199	4.46E-14	1E-30	1E-10	1E10	6.51E-8	0.877	1E10	1E-30	4E4	1E10	1.02E-6	437	1E10	1.87E-6	3450	1.49E-14	3.03E-8	26.8	2.08E-14	6.84E-9	7.28	5.25E-14	1.44E-9	3.31	1E-30	1E10	1E10	1E-30	1E10	1E10	1E-30	1E10	1E10	1E-30	1E10	1E10	1E-30	1E10	1E10	1E-30	1E10	1E10	1E-30	1E10	1E10	1E-30	1E10	1E10
200	4.46E-14	1E-30	1E-10	1E10	6.51E-8	0.877	1E10	1E-30	4E4	1E10	1.02E-6	437	1E10	1.87E-6	3450	1.49E-14	3.03E-8	26.8	2.08E-14	6.84E-9	7.28	5.25E-14	1.44E-9	3.31	1E-30	1E10	1E10	1E-30	1E10	1E10	1E-30	1E10	1E10	1E-30	1E10	1E10	1E-30	1E10	1E10	1E-30	1E10	1E10	1E-30	1E10	1E10	1E-30	1E10	1E10
201	4.46E-14	1E-30	1E-10	1E10	6.51E-8	0.877	1E10	1E-30	4E4	1E10	1.02E-6	437	1E10	1.87E-6	3450	1.49E-14	3.03E-8	26.8	2.08E-14	6.84E-9	7.28	5.25E-14	1.44E-9	3.31	1E-30	1E10	1E10	1E-30	1E10	1E10	1E-30	1E10	1E10	1E-30	1E10	1E10	1E-30	1E10	1E10	1E-30	1E10	1E10	1E-30	1E10	1E10	1E-30	1E10	1E10
202	4.99E-14	1E-30	1E-10	1E10	6.99E-8	0.837	1E10	1E-30	53400	1E10	1.14E-6	523	1E10	1.9E-6	4210	1.2E-14	4.09E-8	53.6	2.53E-14	6.16E-9	34.4	5.16E-14	1.58E-9	3.33	1E-30	1E10	1E10	1E-30	1E10	1E10	1E-30	1E10	1E10	1E-30	1E10	1E10	1E-30	1E10	1E10	1E-30	1E10	1E10	1E-30	1E10	1E10	1E-30	1E10	1E10
203	4.99E-14	1E-30	1E-10	1E10	6.99E-8	0.837	1E10	1E-30	53400	1E10	1.14E-6	523	1E10	1.9E-6	4210	1.2E-14	4.09E-8	53.6	2.53E-14	6.16E-9	34.4	5.16E-14	1.58E-9	3.33	1E-30	1E10	1E10	1E-30	1E10	1E10	1E-30	1E10	1E10	1E-30	1E10	1E10	1E-30	1E10	1E10	1E-30	1E10	1E10	1E-30	1E10	1E10	1E-30	1E10	1E10
204	4.99E-14	1E-30	1E-10	1E10	6.99E-8	0.837	1E10	1E-30	53400	1E10	1.14E-6	523	1E10	1.9E-6	4210	1.2E-14	4.09E-8	53.6	2.53E-14	6.16E-9	34.4	5.16E-14	1.58E-9	3.33	1E-30	1E10	1E10	1E-30	1E10	1E10	1E-30	1E10	1E10	1E-30	1E10	1E10	1E-30	1E10	1E10	1E-30	1E10	1E10	1E-30	1E10	1E10	1E-30	1E10	1E10
205	3.82E-14	1E-30	1E-10	1E10	7.61E-8	0.716	1E10	1E-30	38500	1E10	1.34E-6	511	1E10	1.86E-6	3120	1.32E-14	4.09E-8	93.2	2.71E-14	6.16E-9	40.4	5.28E-14	1.58E-9	8.96	1E-30	1E10	1E10	1E-30	1E10	1E10	1E-30	1E10	1E10	1E-30	1E10	1E10	1E-30	1E10	1E10	1E-30	1E10	1E10	1E-30	1E10	1E10	1E-30	1E10	1E10
206	3.82E-14	1E-30	1E-10	1E10	7.61E-8	0.716	1E10	1E-30	38500	1E10	1.34E-6	511	1E10	1.86E-6	3120	1.32E-14	4.09E-8	93.2	2.71E-14	6.16E-9	40.4	5.28E-14	1.58E-9	8.96	1E-30	1E10	1E10	1E-30	1E10	1E10	1E-30	1E10	1E10	1E-30	1E10	1E10	1E-30	1E10	1E10	1E-30	1E10	1E10	1E-30	1E10	1E10	1E-30	1E10	1E10
207	3.82E-14	1E-30	1E-10	1E10	7.61E-8	0.716	1E10	1E-30	38500	1E10	1.34E-6	511	1E10	1.86E-6	3120	1.32E-14	4.09E-8	93.2	2.71E-14	6.16E-9	40.4	5.28E-14	1.58E-9	8.96	1E-30	1E10	1E10	1E-30	1E10	1E10	1E-30	1E10	1E10	1E-30	1E10	1E10	1E-30	1E10	1E10	1E-30	1E10	1E10	1E-30	1E10	1E10	1E-30	1E10	1E10
208	4.08E-14	1E-30	1E-10	1E10	8.43E-8	0.646	1E10	1E-30	54900	1E10	8.35E-7	49.7	1E10	1.6E-6	957	1E10	2.38E-6	4880	1.06E-14	5.93E-8	52.6	5.56E-15	3.44E-8	42.9	4.13E-14	2.36E-9	11.8	4.47E-14	1.49E-9	2.34	1E-30	1E10	1E10	1E-30	1E10	1E10	1E-30	1E10	1E10	1E-30	1E10	1E10	1E-30	1E10	1E10	1E-30	1E10	1E10
209	4.08E-14	1E-30	1E-10	1E10	8.43E-8	0.646	1E10	1E-30	54900	1E10	8.35E-7	49.7	1E10	1.6E-6	957	1E10	2.38E-6	4880	1.06E-14	5.93E-8	52.6	5.56E-15	3.44E-8	42.9	4.13E-14	2.36E-9	11.8	4.47E-14	1.49E-9	2.34	1E-30	1E10	1E10	1E-30	1E10	1E10	1E-30	1E10	1E10	1E-30	1E10	1E10	1E-30	1E10	1E10	1E-30	1E10	1E10
210	4.08E-14	1E-30	1E-10	1E10	8.43E-8	0.646	1E10	1E-30	54900	1E10	8.35E-7	49.7	1E10	1.6E-6	957	1E10	2.38E-6	4880	1.06E-14	5.93E-8	52.6	5.56E-15	3.44E-8	42.9	4.13E-14	2.36E-9	11.8	4.47E-14	1.49E-9	2.34	1E-30	1E10	1E10	1E-30	1E10	1E10	1E-30	1E10	1E10	1E-30	1E10	1E10	1E-30	1E10	1E10	1E-30	1E10	1E10
211	3.9E-14	1E-30	1E-10	1E10	9.24E-8	0.776	1E10	1E-30	54900	1E10	8.35E-7	34.4	1E10	1.6E-6	957	1E10	2.38E-6	4880	1.04E-14	5.93E-8	83.3	1.6E-14	1.22E-8	48.1	3.28E-14	2.97E-9	11.8	4.47E-14	1.49E-9	2.34	1E-30	1E10	1E10	1E-30	1E10	1E10	1E-30	1E10	1E10	1E-30	1E10	1E10	1E-30	1E10	1E10	1E-30	1E10	1E10
212	3.9E-14	1E-30	1E-10	1E10	9.24E-8	0.776	1E10	1E-30	54900	1E10	8.35E-7	34.4	1E10	1.6E-6	957	1E10	2.38E-6	4880	1.04E-14	5.93E-8	83.3	1.6E-14	1.22E-8	48.1	3.28E-14	2.97E-9	11.8	4.47E-14	1.49E-9	2.34	1E-30	1E10	1E10	1E-30	1E10	1E10	1E-30	1E10	1E10	1E-30	1E10	1E10	1E-30	1E10	1E10	1E-30	1E10	1E10
213	3.9E-14	1E-30	1E-10	1E10	9.24E-8	0.776	1E10	1E-30	54900	1E10	8.35E-7	34.4	1E10	1.6E-6	957	1E10	2.38E-6	4880	1.04E-14	5.93E-8	83.3	1.6E-14	1.22E-8	48.1	3.28E-14	2.97E-9	11.8	4.47E-14	1.49E-9	2.34	1E-30	1E10	1E10	1E-30	1E10	1E10	1E-30	1E10	1E10	1E-30	1E10	1E10	1E-30	1E10	1E10	1E-30	1E10	1E10
214	2.39E-14	1E-30	1E-10	1E10	1.02E-7	0.871	1E10	1E-30	45800	1E10	1.22E-6	76.4	1E10	2.07E-6	1220	1E10	2.94E-6	5320	7.72E-15	9.42E-8	96.5	5.65E-15	4E-8	79.9	1.58E-14	7.11E-9	19.4	5.69E-14	1.26E-9	4.22	3.03E-14	2E-9	3.16	1E-30	1E10	1E10	1E-30	1E10	1E10	1E-30	1E10	1E10	1E-30	1E10	1E10	1E-30	1E10	1E10
215	2.39E-14	1E-30	1E-10	1E10	1.02E-7	0.871	1E10	1E-30	45800	1E10	1.22E-6	76.4	1E10	2.07E-6	1220	1E10	2.94E-6	5320	7.72E-15	9.42E-8	96.5	5.65E-15	4E-8	79.9	1.58E-14	7.11E-9	19.4	5.69E-14	1.26E-9	4.22	3.03E-14	2E-9	3.16	1E-30	1E10	1E10	1E-30	1E10	1E10	1E-30	1E10	1E10	1E-30	1E10	1E10	1E-30	1E10	1E10
216	2.39E-14	1E-30	1E-10	1E10	1.02E-7	0.871	1E10	1E-30	45800	1E10	1.22E-6	76.4	1E10	2.07E-6	1220	1E10	2.94E-6	5320	7.72E-15	9.42E-8	96.5	5.65E-15	4E-8	79.9	1.58E-14	7.11E-9	19.4	5.69E-14	1.26E-9	4.22	3.03E-14	2E-9	3.16	1E-30	1E10	1E10	1E-30	1E10	1E10	1E-30	1E10	1E10	1E-30	1E10	1E10	1E-30	1E10	1E10
217	2.18E-14	1E-30	1E-10	1E10	1.12E-7	0.934	1E10	1E-30	44800	1E10	1.29E-6	69.5	1E10	2.07E-6	1020	1E10	2.94E-6	5200	8.47E-15	9.42E-8	121	6.2E-15	4E-8	33.3	1.28E-14	9.81E-9	33.7	5.96E-14	1.26E-9	4.22	3.03E-14	2.05E-9	3.31	1E-30	1E10	1E10	1E-30	1E10	1E10	1E-30	1E10	1E10	1E-30	1E10	1E10	1E-30	1E10	1E10
218	2.18E-14	1E-30	1E-10	1E10	1.12E-7	0.934	1E10	1E-30	44800	1E10	1.29E-6	69.5	1E10	2.07E-6	1020	1E10	2.94E-6	5200	8.47E-15	9.42E-8	121	6.2E-15	4E-8	33.3	1.28E-14	9.81E-9	33.7	5.96E-14	1.26E-9	4.22	3.03E-14	2.05E-9	3.31	1E-30	1E10	1E10	1E-30	1E10	1E10	1E-30	1E10	1E10	1E-30	1E10	1E10	1E-30	1E10	1E10
219	2.18E-14	1E-30	1E-10	1E10	1.12E-7	0.934	1E10	1E-30	44800	1E10	1.29E-6	69.5	1E10	2.07E-6	1020	1E10	2.94E-6	5200	8.47E-15	9.42E-8	121	6.2E-15	4E-8	33.3	1.28E-14	9.81E-9	33.7	5.96E-14	1.26E-9	4.22	3.03E-14	2.05E-9	3.31	1E-30	1E10	1E10	1E-30	1E10	1E10	1E-30	1E10	1E10	1E-30	1E10	1E10	1E-30	1E10	1E10
220	4.88E-14	1E-30	1E-10	1E10	1.29E-7	0.934	1E10	1E-30	45800	1E10	1.04E-6	34.2	1E10	1.75E-6	741	1E10	2.94E-6	4970	9.29E-15	9.42E-8	76.4	6.64E-15	4E-8	46	1.34E-14	9.81E-9	41.5	3.35E-14	2.4E-9	7.86	3.03E-14	2E-9	1.58	1E-30	1E10	1E10	1E-30	1E10	1E10	1E-30	1E10	1E10	1E-30	1E10	1E10	1E-30	1E10	1E10
221	4.88E-14	1E-30	1E-10	1E10	1.29E-7	0.934	1E10	1E-30	45800	1E10	1.04E-6	34.2	1E10	1.75E-6	741	1E10	2.94E-6	4970	9.29E-15	9.42E-8	76.4	6.64E-15	4E-8	46	1.34E-14	9.81E-9	41.5	3.35E-14	2.4E-9	7.86	3.03E-14	2E-9	1.58	1E-30	1E10	1E10	1E-30	1E10	1E10	1E-30	1E10	1E10	1E-30	1E10	1E10	1E-30	1E10	1E10
222	4.88E-14	1E-30	1E-10	1E10	1.29E-7	0.934	1E10	1E-30	45800	1E10	1.04E-6	34.2	1E10	1.75E-6	741	1E10	2.94E-6	4970	9.29E-15	9.42E-8	76.4	6.64E-15	4E-8	46	1.34E-14	9.81E-9	41.5	3.35E-14	2.4E-9	7.86	3.03E-14	2E-9	1.58	1E-30	1E10	1E10	1E-30	1E10	1E10	1E-30	1E10	1E10	1E-30	1E10	1E10	1E-30	1E10	1E10
223	3.78E-14	1E-30	1E-10	1E10	1.27E-7	1.32	1E10	1E-30	56500	1E10	2.52E-6	515	1E10	5.08E-6	4860	1E10	3.56E-6	5330	4.07E-15	6.5E-7	552	8.22E-15	1.27E-7	107	1.4E-14	2.42E-8	96.2	1.27E-14	1.24E-8	56.4	2.57E-14	3.66E-9	20.2	4.04E-14	1.74E-9	2.63	1E-30	1E10	1E10	1E-30	1E10	1E10	1E-30	1E10	1E10	1E-30	1E10	1E10
224	3.78E-14	1E-30	1E-10	1E10	1.27E-7	1.32	1E10	1E-30	56500	1E10	2.52E-6	515	1E10	5.08E-6	4860	1E10	3.56E-6	5330	4.07E-15	6.5E-7	552	8.22E-15	1.27E-7	107	1.4E-14	2.42E-8	96.2	1.27E-14	1.24E-8	56.4	2.57E-14	3.66E-9	20.2	4.04E-14	1.74E-9	2.63	1E-30	1E10	1E10	1E-30	1E10	1E10	1E-30	1E10	1E10	1E-30	1E10	1E10
225	3.78E-14	1E-30	1E-10	1E10	1.27E-7	1.32	1E10	1E-30	56500	1E10	2.52E-6	515	1E10	5.08E-6	4860	1E10	3.56E-6	5330	4.07E-15	6.5E-7	552	8.22E-15	1.27E-7	107	1.4E-14	2.42E-8	96.2	1.27E-14	1.24E-8	56.4	2.57E-14	3.66E-9	20.2	4.04E-14	1.74E-9	2.63	1E-30	1E10	1E10	1E-30	1E10	1E10	1E-30	1E10	1E10	1E-30	1E10	1E10
226	1.86E-14	1E-30	1E-10	1E10	1.35E-7	1.45	1E10	1E-30	49E3	1E10	2.26E-6	754	1E10	3.26E-6	5050	1.27E-14	8.83E-8	139	1.24E-14	2.77E-8	134	1.11E-14	1.46E-8	71.5	4.53E-14	2.07E-9	21.5	3.94E-14	1.78E-9	5.06	1E-30	1E10	1E10	1E-30	1E10	1E10	1E-30	1E10	1E10	1E-30	1E10	1E10	1E-30	1E10	1E10	1E-30	1E10	1E10
227	1.86E-14	1E-30	1E-10	1E10	1.35E-7	1.45	1E10	1E-30	49E3	1E10	2.26E-6	754	1E10	3.26E-6	5050	1.27E-14	8.83E-8	139	1.24E-14	2.77E-8	134	1.11E-14	1.46E-8	71.5	4.53E-14	2.07E-9	21.5	3.94E-14	1.78E-9	5.06	1E-30	1E10	1E10	1E-30	1E10	1E10	1E-30	1E10	1E10	1E-30	1E10	1E10	1E-30	1E10	1E10	1E-30	1E10	1E10
228	1.86E-14	1E-30	1E-10	1E10	1.35E-7	1.45	1E10	1E-30	49E3	1E10	2.26E-6	754	1E10	3.26E-6	5050	1.27E-14	8.83E-8	139	1.24E-14	2.77E-8	134	1.11E-14	1.46E-8	71.5	4.53E-14	2.07E-9	21.5	3.94E-14	1.78E-9	5.06	1E-30	1E10	1E10	1E-30	1E10	1E10	1E-30	1E10	1E10	1E-30	1E10	1E10	1E-30	1E10	1E10	1E-30	1E10	1E10
229	1.34E-14	1E-30	1E-10	1E10	1.67E-7	1.35	1E10	1E-30	48300	1E10	1.83E-6	104	1E10	3.75E-6	1610	1E10	3.58E-6	5030	9.65E-15	1.43E-7	141	1.23E-14	3.41E-8	171	1.33E-14	1.55E-8	85.4	1.78E-14	6.91E-9	44.6	4.04E-14	2.12E-9	10.3	4.72E-14	1.44E-9	5.33	1E-30	1E10	1E10	1E-30	1E10	1E10	1E-30	1E10	1E10	1E-30	1E10	1E10
230	1.34E-14	1E-30	1E-10	1E10	1.67E-7	1.35	1E10	1E-30	48300	1E10	1.83E-6	104	1E10	3.75E-6	1610	1E10	3.58E-6	5030	9.65E-15	1.43E-7	141	1.23E-14	3.41E-8	171	1.33E-14	1.55E-8	85.4	1.78E-14	6.91E-9	44.6	4.04E-14	2.12E-9	10.3	4.72E-14	1.44E-9	5.33	1E-30	1E10	1E10	1E-30	1E10	1E10	1E-30	1E10	1E10	1E-30	1E10	1E10
231	1.34E-14	1E-30	1E-10	1E10	1.67E-7	1.35	1E10	1E-30	48300	1E10	1.83E-6	104	1E10	3.75E-6	1610	1E10	3.58E-6	5030	9.65E-15	1.43E-7	141	1.23E-14	3.41E-8	171	1.33E-14	1.55E-8	85.4	1.78E-14	6.91E-9	44.6	4.04E-14	2.12E-9	10.3	4.72E-14	1.44E-9	5.33	1E-30	1E10	1E10	1E-30	1E10	1E10	1E-30	1E10	1E10	1E-30	1E10	1E10
END DSCRDATA
