BEGIN DSCRDATA
% INDEX	K01	L01	M01	K02	L02	M02	K03	L03	M03	K04	L04	M04	K05	L05	M05	K06	L06	M06	K07	L07	M07	K08	L08	M08	K09	L09	M09	K10	L10	M10	K11	L11	M11	K12	L12	M12	K13	L13	M13	K14	L14	M14	K15	L15	M15	K16	L16	M16
0	0	0	0	0	0	0	0	0	0	0	0	0	0	0	0	0	0	0	0	0	0	0	0	0	0	0	0	0	0	0	0	0	0	0	0	0	0	0	0	0	0	0	0	0	0	0	0	0
1	2.29E-14	1E-30	1E-10	1E10	1.66E-9	0.0116	1E10	1E-30	5340	1E10	1.55E-8	4.99	1E10	1.36E-7	12.8	1E10	5.21E-8	82.5	1E10	8.45E-8	239	1.05E-13	1.72E-9	0.813	2.63E-15	1.95E-8	0.512	1E-30	1E10	1E10	1E-30	1E10	1E10	1E-30	1E10	1E10	1E-30	1E10	1E10	1E-30	1E10	1E10	1E-30	1E10	1E10	1E-30	1E10	1E10
2	2.63E-14	1E-30	1E-10	1E10	1.82E-9	0.0339	1E10	1E-30	6550	1E10	2.01E-8	6.12	1E10	4.52E-8	119	5.92E-14	2.09E-9	3.45	1E-30	1E10	1E10	1E-30	1E10	1E10	1E-30	1E10	1E10	1E-30	1E10	1E10	1E-30	1E10	1E10	1E-30	1E10	1E10	1E-30	1E10	1E10	1E-30	1E10	1E10	1E-30	1E10	1E10	1E-30	1E10	1E10
3	4.04E-14	1E-30	1E-10	1E10	2.23E-9	0.076	1E10	1E-30	6450	1E10	3.21E-8	14	1E10	7.19E-8	280	7.43E-15	7.99E-9	9.62	1E-30	1E10	1E10	1E-30	1E10	1E10	1E-30	1E10	1E10	1E-30	1E10	1E10	1E-30	1E10	1E10	1E-30	1E10	1E10	1E-30	1E10	1E10	1E-30	1E10	1E10	1E-30	1E10	1E10	1E-30	1E10	1E10
4	2.1E-14	1E-30	1E-10	1E10	2.69E-9	0.0579	1E10	1E-30	6690	1E10	3.06E-8	16.2	1E10	8.41E-8	256	6.37E-14	1.56E-9	4.44	1E-30	1E10	1E10	1E-30	1E10	1E10	1E-30	1E10	1E10	1E-30	1E10	1E10	1E-30	1E10	1E10	1E-30	1E10	1E10	1E-30	1E10	1E10	1E-30	1E10	1E10	1E-30	1E10	1E10	1E-30	1E10	1E10
5	2.63E-14	1E-30	1E-10	1E10	3.14E-9	0.0627	1E10	1E-30	7640	1E10	3.65E-8	14.5	1E10	1.18E-7	462	1.54E-13	1.23E-9	0.961	1E-30	1E10	1E10	1E-30	1E10	1E10	1E-30	1E10	1E10	1E-30	1E10	1E10	1E-30	1E10	1E10	1E-30	1E10	1E10	1E-30	1E10	1E10	1E-30	1E10	1E10	1E-30	1E10	1E10	1E-30	1E10	1E10
6	1.5E-14	1E-30	1E-10	1E10	3.83E-9	0.0979	1E10	1E-30	9700	1E10	4.24E-8	24	1E10	1.37E-7	584	5.42E-14	1.44E-9	1.3	1E-30	1E10	1E10	1E-30	1E10	1E10	1E-30	1E10	1E10	1E-30	1E10	1E10	1E-30	1E10	1E10	1E-30	1E10	1E10	1E-30	1E10	1E10	1E-30	1E10	1E10	1E-30	1E10	1E10	1E-30	1E10	1E10
7	2.24E-14	1E-30	1E-10	1E10	4.54E-9	0.103	1E10	1E-30	41400	1E10	4.61E-8	17.4	1E10	1.19E-7	358	1E10	2.03E-7	9770	7.76E-14	1.31E-9	2.85	1E-30	1E10	1E10	1E-30	1E10	1E10	1E-30	1E10	1E10	1E-30	1E10	1E10	1E-30	1E10	1E10	1E-30	1E10	1E10	1E-30	1E10	1E10	1E-30	1E10	1E10	1E-30	1E10	1E10
8	3.55E-14	1E-30	1E-10	1E10	5.08E-9	0.0954	1E10	1E-30	11300	1E10	8.27E-8	50.1	1E10	1.8E-7	682	7.9E-14	1.3E-9	2.46	1E-30	1E10	1E10	1E-30	1E10	1E10	1E-30	1E10	1E10	1E-30	1E10	1E10	1E-30	1E10	1E10	1E-30	1E10	1E10	1E-30	1E10	1E10	1E-30	1E10	1E10	1E-30	1E10	1E10	1E-30	1E10	1E10
9	2.83E-14	1E-30	1E-10	1E10	6.13E-9	0.12	1E10	1E-30	10100	1E10	8.89E-8	68.9	1E10	2.74E-7	925	2.17E-13	1.06E-9	0.445	1E-30	1E10	1E10	1E-30	1E10	1E10	1E-30	1E10	1E10	1E-30	1E10	1E10	1E-30	1E10	1E10	1E-30	1E10	1E10	1E-30	1E10	1E10	1E-30	1E10	1E10	1E-30	1E10	1E10	1E-30	1E10	1E10
10	1.98E-14	1E-30	1E-10	1E10	6.74E-9	0.129	1E10	1E-30	11800	1E10	7.95E-8	49.1	1E10	2.87E-7	1080	9.32E-14	1.26E-9	4.51	1E-30	1E10	1E10	1E-30	1E10	1E10	1E-30	1E10	1E10	1E-30	1E10	1E10	1E-30	1E10	1E10	1E-30	1E10	1E10	1E-30	1E10	1E10	1E-30	1E10	1E10	1E-30	1E10	1E10	1E-30	1E10	1E10
11	1.9E-14	1E-30	1E-10	1E10	7.37E-9	0.125	1E10	1E-30	12E3	1E10	8.93E-8	56.3	1E10	3.12E-7	1050	1.23E-13	1.17E-9	1.5	1E-30	1E10	1E10	1E-30	1E10	1E10	1E-30	1E10	1E10	1E-30	1E10	1E10	1E-30	1E10	1E10	1E-30	1E10	1E10	1E-30	1E10	1E10	1E-30	1E10	1E10	1E-30	1E10	1E10	1E-30	1E10	1E10
12	9.94E-14	1E-30	1E-10	1E10	9.02E-9	0.145	1E10	1E-30	10100	1E10	9.53E-8	41.1	1E10	2.41E-7	550	6.54E-14	2.81E-9	6.29	2.03E-14	4.48E-9	24.1	7.67E-17	8.26E-7	413	1E-30	1E10	1E10	1E-30	1E10	1E10	1E-30	1E10	1E10	1E-30	1E10	1E10	1E-30	1E10	1E10	1E-30	1E10	1E10	1E-30	1E10	1E10	1E-30	1E10	1E10
13	4.76E-14	1E-30	1E-10	1E10	1.08E-8	0.163	1E10	1E-30	10800	1E10	1.32E-7	62.5	1E10	3.57E-7	882	1.83E-13	1.09E-9	1.46	1.22E-16	5.2E-7	130	1E-30	1E10	1E10	1E-30	1E10	1E10	1E-30	1E10	1E10	1E-30	1E10	1E10	1E-30	1E10	1E10	1E-30	1E10	1E10	1E-30	1E10	1E10	1E-30	1E10	1E10	1E-30	1E10	1E10
14	3.11E-14	1E-30	1E-10	1E10	1.27E-8	0.177	1E10	1E-30	23300	1E10	1.83E-7	84.9	1E10	3.36E-7	962	2.88E-13	9.25E-10	0.962	5.35E-15	1.11E-8	137	1E-30	1E10	1E10	1E-30	1E10	1E10	1E-30	1E10	1E10	1E-30	1E10	1E10	1E-30	1E10	1E10	1E-30	1E10	1E10	1E-30	1E10	1E10	1E-30	1E10	1E10	1E-30	1E10	1E10
15	3.79E-14	1E-30	1E-10	1E10	1.63E-8	0.234	1E10	1E-30	471E3	1E10	1.88E-7	59.2	1E10	4.27E-7	722	1E10	6.77E-7	15400	9.28E-14	1.95E-9	2.76	4.8E-14	1.72E-9	4.05	1E-30	1E10	1E10	1E-30	1E10	1E10	1E-30	1E10	1E10	1E-30	1E10	1E10	1E-30	1E10	1E10	1E-30	1E10	1E10	1E-30	1E10	1E10	1E-30	1E10	1E10
16	1.83E-14	1E-30	1E-10	1E10	1.94E-8	0.26	1E10	1E-30	12700	1E10	2.43E-7	95.9	1E10	7.02E-7	1510	2.67E-13	9.81E-10	1.59	2.19E-14	4.68E-9	17.7	1E-30	1E10	1E10	1E-30	1E10	1E10	1E-30	1E10	1E10	1E-30	1E10	1E10	1E-30	1E10	1E10	1E-30	1E10	1E10	1E-30	1E10	1E10	1E-30	1E10	1E10	1E-30	1E10	1E10
17	2.32E-14	1E-30	1E-10	1E10	2.28E-8	0.366	1E10	1E-30	27200	1E10	3.1E-7	240	1E10	1.79E-6	9920	6.12E-14	4.09E-9	5.4	1.09E-13	1.1E-9	3.03	1.65E-15	3.84E-8	95.7	1E-30	1E10	1E10	1E-30	1E10	1E10	1E-30	1E10	1E10	1E-30	1E10	1E10	1E-30	1E10	1E10	1E-30	1E10	1E10	1E-30	1E10	1E10	1E-30	1E10	1E10
18	5.97E-14	1E-30	1E-10	1E10	2.8E-8	0.366	1E10	1E-30	33500	1E10	3.17E-7	182	1E10	1.79E-6	9470	3.52E-14	8.94E-9	12.1	8.69E-14	1.32E-9	3.64	1.65E-15	3.84E-8	95.7	1E-30	1E10	1E10	1E-30	1E10	1E10	1E-30	1E10	1E10	1E-30	1E10	1E10	1E-30	1E10	1E10	1E-30	1E10	1E10	1E-30	1E10	1E10	1E-30	1E10	1E10
19	4.66E-14	1E-30	1E-10	1E10	3.47E-8	0.409	1E10	1E-30	14500	1E10	4.2E-7	167	1E10	1.23E-6	1730	7.45E-14	4.52E-9	10.9	1.31E-13	1.22E-9	2.97	4.11E-15	1.72E-8	79.2	1E-30	1E10	1E10	1E-30	1E10	1E10	1E-30	1E10	1E10	1E-30	1E10	1E10	1E-30	1E10	1E10	1E-30	1E10	1E10	1E-30	1E10	1E10	1E-30	1E10	1E10
20	4.82E-14	1E-30	1E-10	1E10	4.08E-8	0.45	1E10	1E-30	25500	1E10	5.81E-7	257	1E10	1.43E-6	3280	2.38E-14	1.76E-8	20.9	1.16E-13	1.3E-9	4	2.86E-14	3.2E-9	10.7	1E-30	1E10	1E10	1E-30	1E10	1E10	1E-30	1E10	1E10	1E-30	1E10	1E10	1E-30	1E10	1E10	1E-30	1E10	1E10	1E-30	1E10	1E10	1E-30	1E10	1E10
21	5.6E-14	1E-30	1E-10	1E10	6.48E-8	4.03E-4	1E10	1E-30	32100	1E10	1.72E-7	11.5	1E10	2.29E-6	5530	1E10	1.17E-6	870	1.75E-14	3.2E-8	21.6	7.67E-14	1.54E-9	3.04	6.95E-14	2.29E-9	3.89	3.72E-15	2.08E-8	240	1E-30	1E10	1E10	1E-30	1E10	1E10	1E-30	1E10	1E10	1E-30	1E10	1E10	1E-30	1E10	1E10	1E-30	1E10	1E10
22	2.05E-14	1E-30	1E-10	1E10	6.01E-8	0.549	1E10	1E-30	27900	1E10	5.77E-7	95.3	1E10	1.17E-6	1930	2.27E-14	3.17E-8	40.5	3.67E-14	5.4E-9	15.1	8.66E-14	1.56E-9	4.62	4.47E-14	2.54E-9	15	3.77E-15	1.97E-8	104	1E-30	1E10	1E10	1E-30	1E10	1E10	1E-30	1E10	1E10	1E-30	1E10	1E10	1E-30	1E10	1E10	1E-30	1E10	1E10
23	4.31E-14	1E-30	1E-10	1E10	7.51E-8	0.771	1E10	1E-30	196E3	1E10	6.3E-7	121	1E10	1.42E-6	3860	1.84E-14	4.58E-8	42	3.07E-14	8.21E-9	15.4	7.38E-14	1.93E-9	7.22	5.39E-14	1.85E-9	7.13	1E-30	1E10	1E10	1E-30	1E10	1E10	1E-30	1E10	1E10	1E-30	1E10	1E10	1E-30	1E10	1E10	1E-30	1E10	1E10	1E-30	1E10	1E10
24	1.41E-13	1E-30	1E-10	1E10	8.44E-8	0.827	1E10	1E-30	47100	1E10	1.22E-6	492	1E10	2.31E-6	4960	1.07E-15	2.48E-6	6080	1.75E-14	5.93E-8	93.9	1.75E-14	1.73E-8	59.4	4.64E-14	3.28E-9	16.2	7.37E-15	9.2E-9	119	1E-30	1E10	1E10	1E-30	1E10	1E10	1E-30	1E10	1E10	1E-30	1E10	1E10	1E-30	1E10	1E10	1E-30	1E10	1E10
25	1.52E-13	1E-30	1E-10	1E10	1.05E-7	1.01	1E10	1E-30	63800	1E10	1.63E-6	587	1E10	2.79E-6	6390	1.56E-14	9.04E-8	59.6	5.41E-15	7.63E-8	122	1.37E-14	1.42E-8	63.5	1.96E-14	6.32E-9	71.9	1.54E-15	4.16E-8	654	1E-30	1E10	1E10	1E-30	1E10	1E10	1E-30	1E10	1E10	1E-30	1E10	1E10	1E-30	1E10	1E10	1E-30	1E10	1E10
26	3.68E-15	1E-30	1E-10	1E10	1.24E-7	1.17	1E10	1E-30	148E3	1E10	1.53E-6	527	1E10	2.68E-6	8250	1.47E-14	1.1E-7	111	9.37E-15	5.16E-8	104	3.67E-14	5.91E-9	41.4	1.45E-13	9.33E-10	4.58	1.72E-14	6.36E-9	52.4	1E-30	1E10	1E10	1E-30	1E10	1E10	1E-30	1E10	1E10	1E-30	1E10	1E10	1E-30	1E10	1E10	1E-30	1E10	1E10
27	2.79E-14	1E-30	1E-10	1E10	1.63E-7	1.44	1E10	1E-30	148E3	1E10	1.93E-6	527	1E10	3.87E-6	10400	1.34E-14	1.59E-7	140	6.33E-15	9.61E-8	173	8.03E-15	3.56E-8	109	1.48E-13	8.71E-10	4.37	1.72E-14	6.36E-9	52.4	1E-30	1E10	1E10	1E-30	1E10	1E10	1E-30	1E10	1E10	1E-30	1E10	1E10	1E-30	1E10	1E10	1E-30	1E10	1E10
28	1.61E-13	1E-30	1E-10	1E10	1.87E-7	1.68	1E10	1E-30	38900	1E10	2.54E-6	633	1E10	4.67E-6	6300	1.93E-14	1.42E-7	76.8	7.16E-15	1.11E-7	148	6.16E-15	5.98E-8	127	7.31E-15	2.94E-8	42.2	3.07E-14	4.73E-9	48.8	6.36E-15	1.24E-8	204	1E-30	1E10	1E10	1E-30	1E10	1E10	1E-30	1E10	1E10	1E-30	1E10	1E10	1E-30	1E10	1E10
29	8.47E-14	1E-30	1E-10	1E10	2.26E-7	2.06	1E10	1E-30	516E3	1E10	2.65E-6	1110	1E10	3.34E-6	25300	1.2E-14	2.84E-7	210	6.78E-15	1.56E-7	163	2.95E-15	1.66E-7	222	3.33E-15	8.35E-8	250	8.13E-15	2.29E-8	101	3.04E-14	4.64E-9	36	9.02E-14	9.99E-10	5.3	1E-30	1E10	1E10	1E-30	1E10	1E10	1E-30	1E10	1E10	1E-30	1E10	1E10
30	4.81E-14	1E-30	1E-10	1E10	2.72E-7	2.38	1E10	1E-30	398E3	1E10	4.22E-6	1190	1E10	5.22E-6	10400	9.24E-17	1.21E-4	28E3	1.19E-14	3.65E-7	379	4.07E-15	3.22E-7	443	1.73E-15	3.51E-7	373	2.46E-15	1.42E-7	262	1.8E-13	6.78E-10	4.05	1E-30	1E10	1E10	1E-30	1E10	1E10	1E-30	1E10	1E10	1E-30	1E10	1E10	1E-30	1E10	1E10
END DSCRDATA
