BEGIN DSCRDATA
% INDEX	K01	L01	M01	K02	L02	M02	K03	L03	M03	K04	L04	M04	K05	L05	M05	K06	L06	M06	K07	L07	M07	K08	L08	M08	K09	L09	M09	K10	L10	M10	K11	L11	M11	K12	L12	M12	K13	L13	M13	K14	L14	M14	K15	L15	M15	K16	L16	M16
0	0	0	0	0	0	0	0	0	0	0	0	0	0	0	0	0	0	0	0	0	0	0	0	0	0	0	0	0	0	0	0	0	0	0	0	0	0	0	0	0	0	0	0	0	0	0	0	0
1	6.53E-18	1E-30	1E-10	1E10	7.03E-10	0.0182	1E10	1E-30	4670	1E10	1.81E-9	0.313	1E10	3.52E-9	0.0259	1E10	1.71E-8	11.7	1E10	1.48E-8	44.3	1E-30	1E10	1E10	1E-30	1E10	1E10	1E-30	1E10	1E10	1E-30	1E10	1E10	1E-30	1E10	1E10	1E-30	1E10	1E10	1E-30	1E10	1E10	1E-30	1E10	1E10	1E-30	1E10	1E10
2	6.53E-18	1E-30	1E-10	1E10	7.03E-10	0.0182	1E10	1E-30	4670	1E10	1.81E-9	0.313	1E10	3.52E-9	0.0259	1E10	1.71E-8	11.7	1E10	1.48E-8	44.3	1E-30	1E10	1E10	1E-30	1E10	1E10	1E-30	1E10	1E10	1E-30	1E10	1E10	1E-30	1E10	1E10	1E-30	1E10	1E10	1E-30	1E10	1E10	1E-30	1E10	1E10	1E-30	1E10	1E10
3	2.06E-14	1E-30	1E-10	1E10	5.32E-10	0.0249	1E10	1E-30	4650	1E10	6.3E-9	0.315	1E10	4.63E-9	2.31	1E10	1.84E-8	40.1	1E10	3.75E-8	226	1E-30	1E10	1E10	1E-30	1E10	1E10	1E-30	1E10	1E10	1E-30	1E10	1E10	1E-30	1E10	1E10	1E-30	1E10	1E10	1E-30	1E10	1E10	1E-30	1E10	1E10	1E-30	1E10	1E10
4	2.06E-14	1E-30	1E-10	1E10	5.32E-10	0.0249	1E10	1E-30	4650	1E10	6.3E-9	0.315	1E10	4.63E-9	2.31	1E10	1.84E-8	40.1	1E10	3.75E-8	226	1E-30	1E10	1E10	1E-30	1E10	1E10	1E-30	1E10	1E10	1E-30	1E10	1E10	1E-30	1E10	1E10	1E-30	1E10	1E10	1E-30	1E10	1E10	1E-30	1E10	1E10	1E-30	1E10	1E10
5	2.65E-14	1E-30	1E-10	1E10	7.17E-10	0.0249	1E10	1E-30	5850	1E10	6.3E-9	0.315	1E10	4.63E-9	1.16	1E10	1.84E-8	36.6	1E10	3.75E-8	226	1E-30	1E10	1E10	1E-30	1E10	1E10	1E-30	1E10	1E10	1E-30	1E10	1E10	1E-30	1E10	1E10	1E-30	1E10	1E10	1E-30	1E10	1E10	1E-30	1E10	1E10	1E-30	1E10	1E10
6	2.65E-14	1E-30	1E-10	1E10	7.17E-10	0.0249	1E10	1E-30	5850	1E10	6.3E-9	0.315	1E10	4.63E-9	1.16	1E10	1.84E-8	36.6	1E10	3.75E-8	226	1E-30	1E10	1E10	1E-30	1E10	1E10	1E-30	1E10	1E10	1E-30	1E10	1E10	1E-30	1E10	1E10	1E-30	1E10	1E10	1E-30	1E10	1E10	1E-30	1E10	1E10	1E-30	1E10	1E10
7	3.57E-14	1E-30	1E-10	1E10	8.04E-10	0.0249	1E10	1E-30	10400	1E10	4.52E-9	0.729	1E10	1.84E-8	23.1	1E10	3.75E-8	188	1E-30	1E10	1E10	1E-30	1E10	1E10	1E-30	1E10	1E10	1E-30	1E10	1E10	1E-30	1E10	1E10	1E-30	1E10	1E10	1E-30	1E10	1E10	1E-30	1E10	1E10	1E-30	1E10	1E10	1E-30	1E10	1E10
8	3.57E-14	1E-30	1E-10	1E10	8.04E-10	0.0249	1E10	1E-30	10400	1E10	4.52E-9	0.729	1E10	1.84E-8	23.1	1E10	3.75E-8	188	1E-30	1E10	1E10	1E-30	1E10	1E10	1E-30	1E10	1E10	1E-30	1E10	1E10	1E-30	1E10	1E10	1E-30	1E10	1E10	1E-30	1E10	1E10	1E-30	1E10	1E10	1E-30	1E10	1E10	1E-30	1E10	1E10
9	4.5E-14	1E-30	1E-10	1E10	9.45E-10	0.0249	1E10	1E-30	10400	1E10	4.52E-9	0.729	1E10	1.84E-8	22.1	1E10	3.75E-8	168	1E-30	1E10	1E10	1E-30	1E10	1E10	1E-30	1E10	1E10	1E-30	1E10	1E10	1E-30	1E10	1E10	1E-30	1E10	1E10	1E-30	1E10	1E10	1E-30	1E10	1E10	1E-30	1E10	1E10	1E-30	1E10	1E10
10	4.5E-14	1E-30	1E-10	1E10	9.45E-10	0.0249	1E10	1E-30	10400	1E10	4.52E-9	0.729	1E10	1.84E-8	22.1	1E10	3.75E-8	168	1E-30	1E10	1E10	1E-30	1E10	1E10	1E-30	1E10	1E10	1E-30	1E10	1E10	1E-30	1E10	1E10	1E-30	1E10	1E10	1E-30	1E10	1E10	1E-30	1E10	1E10	1E-30	1E10	1E10	1E-30	1E10	1E10
11	4.4E-14	1E-30	1E-10	1E10	1.11E-9	0.0249	1E10	1E-30	10400	1E10	4.52E-9	0.566	1E10	1.84E-8	18	1E10	3.75E-8	168	1E-30	1E10	1E10	1E-30	1E10	1E10	1E-30	1E10	1E10	1E-30	1E10	1E10	1E-30	1E10	1E10	1E-30	1E10	1E10	1E-30	1E10	1E10	1E-30	1E10	1E10	1E-30	1E10	1E10	1E-30	1E10	1E10
12	4.4E-14	1E-30	1E-10	1E10	1.11E-9	0.0249	1E10	1E-30	10400	1E10	4.52E-9	0.566	1E10	1.84E-8	18	1E10	3.75E-8	168	1E-30	1E10	1E10	1E-30	1E10	1E10	1E-30	1E10	1E10	1E-30	1E10	1E10	1E-30	1E10	1E10	1E-30	1E10	1E10	1E-30	1E10	1E10	1E-30	1E10	1E10	1E-30	1E10	1E10	1E-30	1E10	1E10
13	3.92E-14	1E-30	1E-10	1E10	1.24E-9	0.0249	1E10	1E-30	10900	1E10	4.52E-9	0.566	1E10	1.84E-8	15.3	1E10	3.75E-8	160	1E-30	1E10	1E10	1E-30	1E10	1E10	1E-30	1E10	1E10	1E-30	1E10	1E10	1E-30	1E10	1E10	1E-30	1E10	1E10	1E-30	1E10	1E10	1E-30	1E10	1E10	1E-30	1E10	1E10	1E-30	1E10	1E10
14	3.92E-14	1E-30	1E-10	1E10	1.24E-9	0.0249	1E10	1E-30	10900	1E10	4.52E-9	0.566	1E10	1.84E-8	15.3	1E10	3.75E-8	160	1E-30	1E10	1E10	1E-30	1E10	1E10	1E-30	1E10	1E10	1E-30	1E10	1E10	1E-30	1E10	1E10	1E-30	1E10	1E10	1E-30	1E10	1E10	1E-30	1E10	1E10	1E-30	1E10	1E10	1E-30	1E10	1E10
15	3.89E-14	1E-30	1E-10	1E10	1.23E-9	0.0592	1E10	1E-30	6420	1E10	1.36E-8	3.07	1E10	2.29E-8	16.6	1E10	3.59E-8	143	1E-30	1E10	1E10	1E-30	1E10	1E10	1E-30	1E10	1E10	1E-30	1E10	1E10	1E-30	1E10	1E10	1E-30	1E10	1E10	1E-30	1E10	1E10	1E-30	1E10	1E10	1E-30	1E10	1E10	1E-30	1E10	1E10
16	3.89E-14	1E-30	1E-10	1E10	1.23E-9	0.0592	1E10	1E-30	6420	1E10	1.36E-8	3.07	1E10	2.29E-8	16.6	1E10	3.59E-8	143	1E-30	1E10	1E10	1E-30	1E10	1E10	1E-30	1E10	1E10	1E-30	1E10	1E10	1E-30	1E10	1E10	1E-30	1E10	1E10	1E-30	1E10	1E10	1E-30	1E10	1E10	1E-30	1E10	1E10	1E-30	1E10	1E10
17	4.97E-14	1E-30	1E-10	1E10	1.3E-9	0.0679	1E10	1E-30	7620	1E10	1.32E-8	2.09	1E10	2.69E-8	27.9	1E10	4.35E-8	210	1E-30	1E10	1E10	1E-30	1E10	1E10	1E-30	1E10	1E10	1E-30	1E10	1E10	1E-30	1E10	1E10	1E-30	1E10	1E10	1E-30	1E10	1E10	1E-30	1E10	1E10	1E-30	1E10	1E10	1E-30	1E10	1E10
18	4.97E-14	1E-30	1E-10	1E10	1.3E-9	0.0679	1E10	1E-30	7620	1E10	1.32E-8	2.09	1E10	2.69E-8	27.9	1E10	4.35E-8	210	1E-30	1E10	1E10	1E-30	1E10	1E10	1E-30	1E10	1E10	1E-30	1E10	1E10	1E-30	1E10	1E10	1E-30	1E10	1E10	1E-30	1E10	1E10	1E-30	1E10	1E10	1E-30	1E10	1E10	1E-30	1E10	1E10
19	5.3E-14	1E-30	1E-10	1E10	1.65E-9	0.0481	1E10	1E-30	11200	1E10	9.28E-9	1.85	1E10	3.06E-8	30	1E10	5.74E-8	330	1E-30	1E10	1E10	1E-30	1E10	1E10	1E-30	1E10	1E10	1E-30	1E10	1E10	1E-30	1E10	1E10	1E-30	1E10	1E10	1E-30	1E10	1E10	1E-30	1E10	1E10	1E-30	1E10	1E10	1E-30	1E10	1E10
20	5.3E-14	1E-30	1E-10	1E10	1.65E-9	0.0481	1E10	1E-30	11200	1E10	9.28E-9	1.85	1E10	3.06E-8	30	1E10	5.74E-8	330	1E-30	1E10	1E10	1E-30	1E10	1E10	1E-30	1E10	1E10	1E-30	1E10	1E10	1E-30	1E10	1E10	1E-30	1E10	1E10	1E-30	1E10	1E10	1E-30	1E10	1E10	1E-30	1E10	1E10	1E-30	1E10	1E10
21	5.3E-14	1E-30	1E-10	1E10	1.81E-9	0.0481	1E10	1E-30	8900	1E10	9.28E-9	1.85	1E10	3.06E-8	30	1E10	5.74E-8	262	1E-30	1E10	1E10	1E-30	1E10	1E10	1E-30	1E10	1E10	1E-30	1E10	1E10	1E-30	1E10	1E10	1E-30	1E10	1E10	1E-30	1E10	1E10	1E-30	1E10	1E10	1E-30	1E10	1E10	1E-30	1E10	1E10
22	5.3E-14	1E-30	1E-10	1E10	1.81E-9	0.0481	1E10	1E-30	8900	1E10	9.28E-9	1.85	1E10	3.06E-8	30	1E10	5.74E-8	262	1E-30	1E10	1E10	1E-30	1E10	1E10	1E-30	1E10	1E10	1E-30	1E10	1E10	1E-30	1E10	1E10	1E-30	1E10	1E10	1E-30	1E10	1E10	1E-30	1E10	1E10	1E-30	1E10	1E10	1E-30	1E10	1E10
23	5.15E-14	1E-30	1E-10	1E10	1.77E-9	0.0537	1E10	1E-30	9390	1E10	1.46E-8	4.61	1E10	4.12E-8	49.5	1E10	6.39E-8	284	1E-30	1E10	1E10	1E-30	1E10	1E10	1E-30	1E10	1E10	1E-30	1E10	1E10	1E-30	1E10	1E10	1E-30	1E10	1E10	1E-30	1E10	1E10	1E-30	1E10	1E10	1E-30	1E10	1E10	1E-30	1E10	1E10
24	5.15E-14	1E-30	1E-10	1E10	1.77E-9	0.0537	1E10	1E-30	9390	1E10	1.46E-8	4.61	1E10	4.12E-8	49.5	1E10	6.39E-8	284	1E-30	1E10	1E10	1E-30	1E10	1E10	1E-30	1E10	1E10	1E-30	1E10	1E10	1E-30	1E10	1E10	1E-30	1E10	1E10	1E-30	1E10	1E10	1E-30	1E10	1E10	1E-30	1E10	1E10	1E-30	1E10	1E10
25	4.99E-14	1E-30	1E-10	1E10	1.94E-9	0.0731	1E10	1E-30	12400	1E10	1.74E-8	4.22	1E10	4.5E-8	45.5	1E10	6.53E-8	297	1E-30	1E10	1E10	1E-30	1E10	1E10	1E-30	1E10	1E10	1E-30	1E10	1E10	1E-30	1E10	1E10	1E-30	1E10	1E10	1E-30	1E10	1E10	1E-30	1E10	1E10	1E-30	1E10	1E10	1E-30	1E10	1E10
26	4.99E-14	1E-30	1E-10	1E10	1.94E-9	0.0731	1E10	1E-30	12400	1E10	1.74E-8	4.22	1E10	4.5E-8	45.5	1E10	6.53E-8	297	1E-30	1E10	1E10	1E-30	1E10	1E10	1E-30	1E10	1E10	1E-30	1E10	1E10	1E-30	1E10	1E10	1E-30	1E10	1E10	1E-30	1E10	1E10	1E-30	1E10	1E10	1E-30	1E10	1E10	1E-30	1E10	1E10
27	4.86E-14	1E-30	1E-10	1E10	2E-9	0.0778	1E10	1E-30	12800	1E10	1.81E-8	5.78	1E10	4.83E-8	58.7	1E10	7.65E-8	378	1E-30	1E10	1E10	1E-30	1E10	1E10	1E-30	1E10	1E10	1E-30	1E10	1E10	1E-30	1E10	1E10	1E-30	1E10	1E10	1E-30	1E10	1E10	1E-30	1E10	1E10	1E-30	1E10	1E10	1E-30	1E10	1E10
28	4.86E-14	1E-30	1E-10	1E10	2E-9	0.0778	1E10	1E-30	12800	1E10	1.81E-8	5.78	1E10	4.83E-8	58.7	1E10	7.65E-8	378	1E-30	1E10	1E10	1E-30	1E10	1E10	1E-30	1E10	1E10	1E-30	1E10	1E10	1E-30	1E10	1E10	1E-30	1E10	1E10	1E-30	1E10	1E10	1E-30	1E10	1E10	1E-30	1E10	1E10	1E-30	1E10	1E10
29	5.13E-14	1E-30	1E-10	1E10	2.14E-9	0.0602	1E10	1E-30	12400	1E10	1.69E-8	3.76	1E10	4.53E-8	55.8	1E10	7.1E-8	295	2.6E-17	2.31E-6	1520	1E-30	1E10	1E10	1E-30	1E10	1E10	1E-30	1E10	1E10	1E-30	1E10	1E10	1E-30	1E10	1E10	1E-30	1E10	1E10	1E-30	1E10	1E10	1E-30	1E10	1E10	1E-30	1E10	1E10
30	5.13E-14	1E-30	1E-10	1E10	2.14E-9	0.0602	1E10	1E-30	12400	1E10	1.69E-8	3.76	1E10	4.53E-8	55.8	1E10	7.1E-8	295	2.6E-17	2.31E-6	1520	1E-30	1E10	1E10	1E-30	1E10	1E10	1E-30	1E10	1E10	1E-30	1E10	1E10	1E-30	1E10	1E10	1E-30	1E10	1E10	1E-30	1E10	1E10	1E-30	1E10	1E10	1E-30	1E10	1E10
31	4.84E-14	1E-30	1E-10	1E10	2.22E-9	0.0745	1E10	1E-30	16500	1E10	1.95E-8	5.52	1E10	4.95E-8	62.6	1E10	8.4E-8	427	7.51E-17	8.26E-7	509	1E-30	1E10	1E10	1E-30	1E10	1E10	1E-30	1E10	1E10	1E-30	1E10	1E10	1E-30	1E10	1E10	1E-30	1E10	1E10	1E-30	1E10	1E10	1E-30	1E10	1E10	1E-30	1E10	1E10
32	4.84E-14	1E-30	1E-10	1E10	2.22E-9	0.0745	1E10	1E-30	16500	1E10	1.95E-8	5.52	1E10	4.95E-8	62.6	1E10	8.4E-8	427	7.51E-17	8.26E-7	509	1E-30	1E10	1E10	1E-30	1E10	1E10	1E-30	1E10	1E10	1E-30	1E10	1E10	1E-30	1E10	1E10	1E-30	1E10	1E10	1E-30	1E10	1E10	1E-30	1E10	1E10	1E-30	1E10	1E10
33	4.65E-14	1E-30	1E-10	1E10	2.37E-9	0.0896	1E10	1E-30	13500	1E10	2.24E-8	5.65	1E10	4.96E-8	64.9	1E10	8.6E-8	382	8.63E-17	6.86E-7	947	1E-30	1E10	1E10	1E-30	1E10	1E10	1E-30	1E10	1E10	1E-30	1E10	1E10	1E-30	1E10	1E10	1E-30	1E10	1E10	1E-30	1E10	1E10	1E-30	1E10	1E10	1E-30	1E10	1E10
34	4.65E-14	1E-30	1E-10	1E10	2.37E-9	0.0896	1E10	1E-30	13500	1E10	2.24E-8	5.65	1E10	4.96E-8	64.9	1E10	8.6E-8	382	8.63E-17	6.86E-7	947	1E-30	1E10	1E10	1E-30	1E10	1E10	1E-30	1E10	1E10	1E-30	1E10	1E10	1E-30	1E10	1E10	1E-30	1E10	1E10	1E-30	1E10	1E10	1E-30	1E10	1E10	1E-30	1E10	1E10
35	5.57E-14	1E-30	1E-10	1E10	2.38E-9	0.0985	1E10	1E-30	15500	1E10	2.81E-8	14.2	1E10	6.7E-8	285	1E10	1.08E-7	71.3	1.57E-16	3.91E-7	285	1E-30	1E10	1E10	1E-30	1E10	1E10	1E-30	1E10	1E10	1E-30	1E10	1E10	1E-30	1E10	1E10	1E-30	1E10	1E10	1E-30	1E10	1E10	1E-30	1E10	1E10	1E-30	1E10	1E10
36	5.57E-14	1E-30	1E-10	1E10	2.38E-9	0.0985	1E10	1E-30	15500	1E10	2.81E-8	14.2	1E10	6.7E-8	285	1E10	1.08E-7	71.3	1.57E-16	3.91E-7	285	1E-30	1E10	1E10	1E-30	1E10	1E10	1E-30	1E10	1E10	1E-30	1E10	1E10	1E-30	1E10	1E10	1E-30	1E10	1E10	1E-30	1E10	1E10	1E-30	1E10	1E10	1E-30	1E10	1E10
37	5.39E-14	1E-30	1E-10	1E10	2.58E-9	0.0883	1E10	1E-30	15800	1E10	2.33E-8	7.74	1E10	5.43E-8	70.5	1E10	9.01E-8	448	1.77E-16	3.43E-7	170	1E-30	1E10	1E10	1E-30	1E10	1E10	1E-30	1E10	1E10	1E-30	1E10	1E10	1E-30	1E10	1E10	1E-30	1E10	1E10	1E-30	1E10	1E10	1E-30	1E10	1E10	1E-30	1E10	1E10
38	5.39E-14	1E-30	1E-10	1E10	2.58E-9	0.0883	1E10	1E-30	15800	1E10	2.33E-8	7.74	1E10	5.43E-8	70.5	1E10	9.01E-8	448	1.77E-16	3.43E-7	170	1E-30	1E10	1E10	1E-30	1E10	1E10	1E-30	1E10	1E10	1E-30	1E10	1E10	1E-30	1E10	1E10	1E-30	1E10	1E10	1E-30	1E10	1E10	1E-30	1E10	1E10	1E-30	1E10	1E10
39	5.76E-14	1E-30	1E-10	1E10	2.78E-9	0.0727	1E10	1E-30	17400	1E10	1.91E-8	5.71	1E10	5.44E-8	66.6	1E10	1.02E-7	572	1E-30	1E10	1E10	1E-30	1E10	1E10	1E-30	1E10	1E10	1E-30	1E10	1E10	1E-30	1E10	1E10	1E-30	1E10	1E10	1E-30	1E10	1E10	1E-30	1E10	1E10	1E-30	1E10	1E10	1E-30	1E10	1E10
40	5.76E-14	1E-30	1E-10	1E10	2.78E-9	0.0727	1E10	1E-30	17400	1E10	1.91E-8	5.71	1E10	5.44E-8	66.6	1E10	1.02E-7	572	1E-30	1E10	1E10	1E-30	1E10	1E10	1E-30	1E10	1E10	1E-30	1E10	1E10	1E-30	1E10	1E10	1E-30	1E10	1E10	1E-30	1E10	1E10	1E-30	1E10	1E10	1E-30	1E10	1E10	1E-30	1E10	1E10
41	6.3E-14	1E-30	1E-10	1E10	2.76E-9	0.105	1E10	1E-30	14900	1E10	2.78E-8	9.06	1E10	8.16E-8	378	1E10	9.86E-8	132	2E-16	3.02E-7	433	1E-30	1E10	1E10	1E-30	1E10	1E10	1E-30	1E10	1E10	1E-30	1E10	1E10	1E-30	1E10	1E10	1E-30	1E10	1E10	1E-30	1E10	1E10	1E-30	1E10	1E10	1E-30	1E10	1E10
42	6.3E-14	1E-30	1E-10	1E10	2.76E-9	0.105	1E10	1E-30	14900	1E10	2.78E-8	9.06	1E10	8.16E-8	378	1E10	9.86E-8	132	2E-16	3.02E-7	433	1E-30	1E10	1E10	1E-30	1E10	1E10	1E-30	1E10	1E10	1E-30	1E10	1E10	1E-30	1E10	1E10	1E-30	1E10	1E10	1E-30	1E10	1E10	1E-30	1E10	1E10	1E-30	1E10	1E10
43	6.04E-14	1E-30	1E-10	1E10	2.88E-9	0.0869	1E10	1E-30	19700	1E10	2.61E-8	8.25	1E10	7.22E-8	103	1E10	1.05E-7	551	2.1E-16	2.73E-7	326	1E-30	1E10	1E10	1E-30	1E10	1E10	1E-30	1E10	1E10	1E-30	1E10	1E10	1E-30	1E10	1E10	1E-30	1E10	1E10	1E-30	1E10	1E10	1E-30	1E10	1E10	1E-30	1E10	1E10
44	6.04E-14	1E-30	1E-10	1E10	2.88E-9	0.0869	1E10	1E-30	19700	1E10	2.61E-8	8.25	1E10	7.22E-8	103	1E10	1.05E-7	551	2.1E-16	2.73E-7	326	1E-30	1E10	1E10	1E-30	1E10	1E10	1E-30	1E10	1E10	1E-30	1E10	1E10	1E-30	1E10	1E10	1E-30	1E10	1E10	1E-30	1E10	1E10	1E-30	1E10	1E10	1E-30	1E10	1E10
45	5.97E-14	1E-30	1E-10	1E10	3.1E-9	0.0844	1E10	1E-30	19400	1E10	2.16E-8	5.03	1E10	5.39E-8	72.1	1E10	1.14E-7	611	2.95E-16	2.05E-7	525	1E-30	1E10	1E10	1E-30	1E10	1E10	1E-30	1E10	1E10	1E-30	1E10	1E10	1E-30	1E10	1E10	1E-30	1E10	1E10	1E-30	1E10	1E10	1E-30	1E10	1E10	1E-30	1E10	1E10
46	5.97E-14	1E-30	1E-10	1E10	3.1E-9	0.0844	1E10	1E-30	19400	1E10	2.16E-8	5.03	1E10	5.39E-8	72.1	1E10	1.14E-7	611	2.95E-16	2.05E-7	525	1E-30	1E10	1E10	1E-30	1E10	1E10	1E-30	1E10	1E10	1E-30	1E10	1E10	1E-30	1E10	1E10	1E-30	1E10	1E10	1E-30	1E10	1E10	1E-30	1E10	1E10	1E-30	1E10	1E10
47	5.9E-14	1E-30	1E-10	1E10	3.17E-9	0.0884	1E10	1E-30	23300	1E10	2.49E-8	6.96	1E10	6.06E-8	78.3	1E10	1.15E-7	644	2.75E-16	2.15E-7	358	1E-30	1E10	1E10	1E-30	1E10	1E10	1E-30	1E10	1E10	1E-30	1E10	1E10	1E-30	1E10	1E10	1E-30	1E10	1E10	1E-30	1E10	1E10	1E-30	1E10	1E10	1E-30	1E10	1E10
48	5.9E-14	1E-30	1E-10	1E10	3.17E-9	0.0884	1E10	1E-30	23300	1E10	2.49E-8	6.96	1E10	6.06E-8	78.3	1E10	1.15E-7	644	2.75E-16	2.15E-7	358	1E-30	1E10	1E10	1E-30	1E10	1E10	1E-30	1E10	1E10	1E-30	1E10	1E10	1E-30	1E10	1E10	1E-30	1E10	1E10	1E-30	1E10	1E10	1E-30	1E10	1E10	1E-30	1E10	1E10
49	6.25E-14	1E-30	1E-10	1E10	3.48E-9	0.0827	1E10	1E-30	21200	1E10	2.21E-8	4.42	1E10	5.16E-8	61.9	1E10	1.29E-7	721	2.69E-16	2.29E-7	718	1E-30	1E10	1E10	1E-30	1E10	1E10	1E-30	1E10	1E10	1E-30	1E10	1E10	1E-30	1E10	1E10	1E-30	1E10	1E10	1E-30	1E10	1E10	1E-30	1E10	1E10	1E-30	1E10	1E10
50	6.25E-14	1E-30	1E-10	1E10	3.48E-9	0.0827	1E10	1E-30	21200	1E10	2.21E-8	4.42	1E10	5.16E-8	61.9	1E10	1.29E-7	721	2.69E-16	2.29E-7	718	1E-30	1E10	1E10	1E-30	1E10	1E10	1E-30	1E10	1E10	1E-30	1E10	1E10	1E-30	1E10	1E10	1E-30	1E10	1E10	1E-30	1E10	1E10	1E-30	1E10	1E10	1E-30	1E10	1E10
51	5.95E-14	1E-30	1E-10	1E10	3.47E-9	0.0996	1E10	1E-30	23800	1E10	2.43E-8	5.34	1E10	6.93E-8	104	1E10	1.28E-7	733	1E-30	1E10	1E10	1E-30	1E10	1E10	1E-30	1E10	1E10	1E-30	1E10	1E10	1E-30	1E10	1E10	1E-30	1E10	1E10	1E-30	1E10	1E10	1E-30	1E10	1E10	1E-30	1E10	1E10	1E-30	1E10	1E10
52	5.95E-14	1E-30	1E-10	1E10	3.47E-9	0.0996	1E10	1E-30	23800	1E10	2.43E-8	5.34	1E10	6.93E-8	104	1E10	1.28E-7	733	1E-30	1E10	1E10	1E-30	1E10	1E10	1E-30	1E10	1E10	1E-30	1E10	1E10	1E-30	1E10	1E10	1E-30	1E10	1E10	1E-30	1E10	1E10	1E-30	1E10	1E10	1E-30	1E10	1E10	1E-30	1E10	1E10
53	5.76E-14	1E-30	1E-10	1E10	3.78E-9	0.117	1E10	1E-30	22600	1E10	2.81E-8	7.87	1E10	7.12E-8	89.8	1E10	1.37E-7	731	2.19E-16	2.79E-7	759	1E-30	1E10	1E10	1E-30	1E10	1E10	1E-30	1E10	1E10	1E-30	1E10	1E10	1E-30	1E10	1E10	1E-30	1E10	1E10	1E-30	1E10	1E10	1E-30	1E10	1E10	1E-30	1E10	1E10
54	5.76E-14	1E-30	1E-10	1E10	3.78E-9	0.117	1E10	1E-30	22600	1E10	2.81E-8	7.87	1E10	7.12E-8	89.8	1E10	1.37E-7	731	2.19E-16	2.79E-7	759	1E-30	1E10	1E10	1E-30	1E10	1E10	1E-30	1E10	1E10	1E-30	1E10	1E10	1E-30	1E10	1E10	1E-30	1E10	1E10	1E-30	1E10	1E10	1E-30	1E10	1E10	1E-30	1E10	1E10
55	5.83E-14	1E-30	1E-10	1E10	3.64E-9	0.104	1E10	1E-30	23400	1E10	2.62E-8	6.99	1E10	6.91E-8	81	1E10	1.33E-7	718	2.8E-16	2.12E-7	716	1E-30	1E10	1E10	1E-30	1E10	1E10	1E-30	1E10	1E10	1E-30	1E10	1E10	1E-30	1E10	1E10	1E-30	1E10	1E10	1E-30	1E10	1E10	1E-30	1E10	1E10	1E-30	1E10	1E10
56	5.83E-14	1E-30	1E-10	1E10	3.64E-9	0.104	1E10	1E-30	23400	1E10	2.62E-8	6.99	1E10	6.91E-8	81	1E10	1.33E-7	718	2.8E-16	2.12E-7	716	1E-30	1E10	1E10	1E-30	1E10	1E10	1E-30	1E10	1E10	1E-30	1E10	1E10	1E-30	1E10	1E10	1E-30	1E10	1E10	1E-30	1E10	1E10	1E-30	1E10	1E10	1E-30	1E10	1E10
57	5.79E-14	1E-30	1E-10	1E10	3.68E-9	0.12	1E10	1E-30	23500	1E10	3.57E-8	11.3	1E10	8.19E-8	128	1E10	1.39E-7	727	2.96E-16	2.04E-7	730	1E-30	1E10	1E10	1E-30	1E10	1E10	1E-30	1E10	1E10	1E-30	1E10	1E10	1E-30	1E10	1E10	1E-30	1E10	1E10	1E-30	1E10	1E10	1E-30	1E10	1E10	1E-30	1E10	1E10
58	5.79E-14	1E-30	1E-10	1E10	3.68E-9	0.12	1E10	1E-30	23500	1E10	3.57E-8	11.3	1E10	8.19E-8	128	1E10	1.39E-7	727	2.96E-16	2.04E-7	730	1E-30	1E10	1E10	1E-30	1E10	1E10	1E-30	1E10	1E10	1E-30	1E10	1E10	1E-30	1E10	1E10	1E-30	1E10	1E10	1E-30	1E10	1E10	1E-30	1E10	1E10	1E-30	1E10	1E10
59	5.9E-14	1E-30	1E-10	1E10	4.02E-9	0.111	1E10	1E-30	20200	1E10	2.3E-8	4.59	1E10	6.03E-8	70	1E10	1.4E-7	791	2.1E-16	2.83E-7	612	1E-30	1E10	1E10	1E-30	1E10	1E10	1E-30	1E10	1E10	1E-30	1E10	1E10	1E-30	1E10	1E10	1E-30	1E10	1E10	1E-30	1E10	1E10	1E-30	1E10	1E10	1E-30	1E10	1E10
60	5.9E-14	1E-30	1E-10	1E10	4.02E-9	0.111	1E10	1E-30	20200	1E10	2.3E-8	4.59	1E10	6.03E-8	70	1E10	1.4E-7	791	2.1E-16	2.83E-7	612	1E-30	1E10	1E10	1E-30	1E10	1E10	1E-30	1E10	1E10	1E-30	1E10	1E10	1E-30	1E10	1E10	1E-30	1E10	1E10	1E-30	1E10	1E10	1E-30	1E10	1E10	1E-30	1E10	1E10
61	5.8E-14	1E-30	1E-10	1E10	3.93E-9	0.132	1E10	1E-30	24200	1E10	3E-8	7.47	1E10	9.61E-8	130	1E10	1.44E-7	812	3.33E-16	1.78E-7	879	1E-30	1E10	1E10	1E-30	1E10	1E10	1E-30	1E10	1E10	1E-30	1E10	1E10	1E-30	1E10	1E10	1E-30	1E10	1E10	1E-30	1E10	1E10	1E-30	1E10	1E10	1E-30	1E10	1E10
62	5.8E-14	1E-30	1E-10	1E10	3.93E-9	0.132	1E10	1E-30	24200	1E10	3E-8	7.47	1E10	9.61E-8	130	1E10	1.44E-7	812	3.33E-16	1.78E-7	879	1E-30	1E10	1E10	1E-30	1E10	1E10	1E-30	1E10	1E10	1E-30	1E10	1E10	1E-30	1E10	1E10	1E-30	1E10	1E10	1E-30	1E10	1E10	1E-30	1E10	1E10	1E-30	1E10	1E10
63	5.93E-14	1E-30	1E-10	1E10	4.12E-9	0.132	1E10	1E-30	24200	1E10	3E-8	9.4	1E10	9.61E-8	133	1E10	1.44E-7	812	3.33E-16	1.78E-7	879	1E-30	1E10	1E10	1E-30	1E10	1E10	1E-30	1E10	1E10	1E-30	1E10	1E10	1E-30	1E10	1E10	1E-30	1E10	1E10	1E-30	1E10	1E10	1E-30	1E10	1E10	1E-30	1E10	1E10
64	5.93E-14	1E-30	1E-10	1E10	4.12E-9	0.132	1E10	1E-30	24200	1E10	3E-8	9.4	1E10	9.61E-8	133	1E10	1.44E-7	812	3.33E-16	1.78E-7	879	1E-30	1E10	1E10	1E-30	1E10	1E10	1E-30	1E10	1E10	1E-30	1E10	1E10	1E-30	1E10	1E10	1E-30	1E10	1E10	1E-30	1E10	1E10	1E-30	1E10	1E10	1E-30	1E10	1E10
65	6.21E-14	1E-30	1E-10	1E10	4.38E-9	0.113	1E10	1E-30	24600	1E10	2.55E-8	5.1	1E10	5.95E-8	62.4	1E10	1.33E-7	752	3.63E-16	1.62E-7	1350	1E-30	1E10	1E10	1E-30	1E10	1E10	1E-30	1E10	1E10	1E-30	1E10	1E10	1E-30	1E10	1E10	1E-30	1E10	1E10	1E-30	1E10	1E10	1E-30	1E10	1E10	1E-30	1E10	1E10
66	6.21E-14	1E-30	1E-10	1E10	4.38E-9	0.113	1E10	1E-30	24600	1E10	2.55E-8	5.1	1E10	5.95E-8	62.4	1E10	1.33E-7	752	3.63E-16	1.62E-7	1350	1E-30	1E10	1E10	1E-30	1E10	1E10	1E-30	1E10	1E10	1E-30	1E10	1E10	1E-30	1E10	1E10	1E-30	1E10	1E10	1E-30	1E10	1E10	1E-30	1E10	1E10	1E-30	1E10	1E10
67	6.51E-14	1E-30	1E-10	1E10	4.3E-9	0.129	1E10	1E-30	20600	1E10	3.14E-8	7.48	1E10	7.59E-8	112	1E10	1.5E-7	840	4.22E-16	1.42E-7	496	1E-30	1E10	1E10	1E-30	1E10	1E10	1E-30	1E10	1E10	1E-30	1E10	1E10	1E-30	1E10	1E10	1E-30	1E10	1E10	1E-30	1E10	1E10	1E-30	1E10	1E10	1E-30	1E10	1E10
68	6.51E-14	1E-30	1E-10	1E10	4.3E-9	0.129	1E10	1E-30	20600	1E10	3.14E-8	7.48	1E10	7.59E-8	112	1E10	1.5E-7	840	4.22E-16	1.42E-7	496	1E-30	1E10	1E10	1E-30	1E10	1E10	1E-30	1E10	1E10	1E-30	1E10	1E10	1E-30	1E10	1E10	1E-30	1E10	1E10	1E-30	1E10	1E10	1E-30	1E10	1E10	1E-30	1E10	1E10
69	5.9E-14	1E-30	1E-10	1E10	4.31E-9	0.144	1E10	1E-30	18600	1E10	4.3E-8	17.1	1E10	9.33E-8	124	1E10	1.48E-7	762	4.36E-16	1.39E-7	591	1E-30	1E10	1E10	1E-30	1E10	1E10	1E-30	1E10	1E10	1E-30	1E10	1E10	1E-30	1E10	1E10	1E-30	1E10	1E10	1E-30	1E10	1E10	1E-30	1E10	1E10	1E-30	1E10	1E10
70	5.9E-14	1E-30	1E-10	1E10	4.31E-9	0.144	1E10	1E-30	18600	1E10	4.3E-8	17.1	1E10	9.33E-8	124	1E10	1.48E-7	762	4.36E-16	1.39E-7	591	1E-30	1E10	1E10	1E-30	1E10	1E10	1E-30	1E10	1E10	1E-30	1E10	1E10	1E-30	1E10	1E10	1E-30	1E10	1E10	1E-30	1E10	1E10	1E-30	1E10	1E10	1E-30	1E10	1E10
71	6.25E-14	1E-30	1E-10	1E10	4.64E-9	0.148	1E10	1E-30	36200	1E10	2.82E-8	7.04	1E10	8.53E-8	113	1E10	1.58E-7	1050	4.73E-16	1.1E-7	611	1E-30	1E10	1E10	1E-30	1E10	1E10	1E-30	1E10	1E10	1E-30	1E10	1E10	1E-30	1E10	1E10	1E-30	1E10	1E10	1E-30	1E10	1E10	1E-30	1E10	1E10	1E-30	1E10	1E10
72	6.25E-14	1E-30	1E-10	1E10	4.64E-9	0.148	1E10	1E-30	36200	1E10	2.82E-8	7.04	1E10	8.53E-8	113	1E10	1.58E-7	1050	4.73E-16	1.1E-7	611	1E-30	1E10	1E10	1E-30	1E10	1E10	1E-30	1E10	1E10	1E-30	1E10	1E10	1E-30	1E10	1E10	1E-30	1E10	1E10	1E-30	1E10	1E10	1E-30	1E10	1E10	1E-30	1E10	1E10
73	5.68E-14	1E-30	1E-10	1E10	4.8E-9	0.0962	1E10	1E-30	30500	1E10	3.26E-8	10.3	1E10	6.79E-8	78.2	1E10	1.61E-7	1E3	4.95E-16	1.17E-7	1420	1E-30	1E10	1E10	1E-30	1E10	1E10	1E-30	1E10	1E10	1E-30	1E10	1E10	1E-30	1E10	1E10	1E-30	1E10	1E10	1E-30	1E10	1E10	1E-30	1E10	1E10	1E-30	1E10	1E10
74	5.68E-14	1E-30	1E-10	1E10	4.8E-9	0.0962	1E10	1E-30	30500	1E10	3.26E-8	10.3	1E10	6.79E-8	78.2	1E10	1.61E-7	1E3	4.95E-16	1.17E-7	1420	1E-30	1E10	1E10	1E-30	1E10	1E10	1E-30	1E10	1E10	1E-30	1E10	1E10	1E-30	1E10	1E10	1E-30	1E10	1E10	1E-30	1E10	1E10	1E-30	1E10	1E10	1E-30	1E10	1E10
75	5.55E-14	1E-30	1E-10	1E10	4.74E-9	0.119	1E10	1E-30	33800	1E10	3.11E-8	7.81	1E10	8.41E-8	120	1E10	1.62E-7	1030	4.87E-16	1.33E-7	2350	1E-30	1E10	1E10	1E-30	1E10	1E10	1E-30	1E10	1E10	1E-30	1E10	1E10	1E-30	1E10	1E10	1E-30	1E10	1E10	1E-30	1E10	1E10	1E-30	1E10	1E10	1E-30	1E10	1E10
76	5.55E-14	1E-30	1E-10	1E10	4.74E-9	0.119	1E10	1E-30	33800	1E10	3.11E-8	7.81	1E10	8.41E-8	120	1E10	1.62E-7	1030	4.87E-16	1.33E-7	2350	1E-30	1E10	1E10	1E-30	1E10	1E10	1E-30	1E10	1E10	1E-30	1E10	1E10	1E-30	1E10	1E10	1E-30	1E10	1E10	1E-30	1E10	1E10	1E-30	1E10	1E10	1E-30	1E10	1E10
77	5.77E-14	1E-30	1E-10	1E10	5.77E-9	0.12	1E10	1E-30	27200	1E10	1.96E-8	2.45	1E10	6.9E-8	57.7	1E10	1.16E-7	551	3.58E-16	1.58E-7	850	1E-30	1E10	1E10	1E-30	1E10	1E10	1E-30	1E10	1E10	1E-30	1E10	1E10	1E-30	1E10	1E10	1E-30	1E10	1E10	1E-30	1E10	1E10	1E-30	1E10	1E10	1E-30	1E10	1E10
78	5.77E-14	1E-30	1E-10	1E10	5.77E-9	0.12	1E10	1E-30	27200	1E10	1.96E-8	2.45	1E10	6.9E-8	57.7	1E10	1.16E-7	551	3.58E-16	1.58E-7	850	1E-30	1E10	1E10	1E-30	1E10	1E10	1E-30	1E10	1E10	1E-30	1E10	1E10	1E-30	1E10	1E10	1E-30	1E10	1E10	1E-30	1E10	1E10	1E-30	1E10	1E10	1E-30	1E10	1E10
79	5.43E-14	1E-30	1E-10	1E10	5.52E-9	0.115	1E10	1E-30	32400	1E10	3.45E-8	3.45	1E10	7.09E-8	33.9	1E10	1.27E-7	145	1E10	1.4E-7	704	1.83E-16	3.46E-7	2010	1E-30	1E10	1E10	1E-30	1E10	1E10	1E-30	1E10	1E10	1E-30	1E10	1E10	1E-30	1E10	1E10	1E-30	1E10	1E10	1E-30	1E10	1E10	1E-30	1E10	1E10
80	5.43E-14	1E-30	1E-10	1E10	5.52E-9	0.115	1E10	1E-30	32400	1E10	3.45E-8	3.45	1E10	7.09E-8	33.9	1E10	1.27E-7	145	1E10	1.4E-7	704	1.83E-16	3.46E-7	2010	1E-30	1E10	1E10	1E-30	1E10	1E10	1E-30	1E10	1E10	1E-30	1E10	1E10	1E-30	1E10	1E10	1E-30	1E10	1E10	1E-30	1E10	1E10	1E-30	1E10	1E10
81	4.65E-14	1E-30	1E-10	1E10	5.86E-9	0.146	1E10	1E-30	13200	1E10	3.2E-8	4.16	1E10	1.08E-7	113	1E10	1.51E-7	545	3.35E-15	1.36E-8	10.4	1E-30	1E10	1E10	1E-30	1E10	1E10	1E-30	1E10	1E10	1E-30	1E10	1E10	1E-30	1E10	1E10	1E-30	1E10	1E10	1E-30	1E10	1E10	1E-30	1E10	1E10	1E-30	1E10	1E10
82	4.65E-14	1E-30	1E-10	1E10	5.86E-9	0.146	1E10	1E-30	13200	1E10	3.2E-8	4.16	1E10	1.08E-7	113	1E10	1.51E-7	545	3.35E-15	1.36E-8	10.4	1E-30	1E10	1E10	1E-30	1E10	1E10	1E-30	1E10	1E10	1E-30	1E10	1E10	1E-30	1E10	1E10	1E-30	1E10	1E10	1E-30	1E10	1E10	1E-30	1E10	1E10	1E-30	1E10	1E10
83	4.87E-14	1E-30	1E-10	1E10	6.73E-9	0.146	1E10	1E-30	14500	1E10	3.2E-8	4.16	1E10	1.08E-7	89.9	1E10	1.51E-7	509	3.59E-15	1.36E-8	10.4	1E-30	1E10	1E10	1E-30	1E10	1E10	1E-30	1E10	1E10	1E-30	1E10	1E10	1E-30	1E10	1E10	1E-30	1E10	1E10	1E-30	1E10	1E10	1E-30	1E10	1E10	1E-30	1E10	1E10
84	4.87E-14	1E-30	1E-10	1E10	6.73E-9	0.146	1E10	1E-30	14500	1E10	3.2E-8	4.16	1E10	1.08E-7	89.9	1E10	1.51E-7	509	3.59E-15	1.36E-8	10.4	1E-30	1E10	1E10	1E-30	1E10	1E10	1E-30	1E10	1E10	1E-30	1E10	1E10	1E-30	1E10	1E10	1E-30	1E10	1E10	1E-30	1E10	1E10	1E-30	1E10	1E10	1E-30	1E10	1E10
85	6.27E-14	1E-30	1E-10	1E10	7.05E-9	0.146	1E10	1E-30	14500	1E10	3.2E-8	4.78	1E10	1.03E-7	78.3	1E10	1.51E-7	521	3.93E-15	1.36E-8	10.4	1E-30	1E10	1E10	1E-30	1E10	1E10	1E-30	1E10	1E10	1E-30	1E10	1E10	1E-30	1E10	1E10	1E-30	1E10	1E10	1E-30	1E10	1E10	1E-30	1E10	1E10	1E-30	1E10	1E10
86	6.27E-14	1E-30	1E-10	1E10	7.05E-9	0.146	1E10	1E-30	14500	1E10	3.2E-8	4.78	1E10	1.03E-7	78.3	1E10	1.51E-7	521	3.93E-15	1.36E-8	10.4	1E-30	1E10	1E10	1E-30	1E10	1E10	1E-30	1E10	1E10	1E-30	1E10	1E10	1E-30	1E10	1E10	1E-30	1E10	1E10	1E-30	1E10	1E10	1E-30	1E10	1E10	1E-30	1E10	1E10
87	4.77E-14	1E-30	1E-10	1E10	7.74E-9	0.166	1E10	1E-30	19500	1E10	4.23E-8	5.38	1E10	1.61E-7	117	1E10	1.69E-7	176	1E10	2.23E-7	997	1.4E-15	2.5E-8	80.4	1E-30	1E10	1E10	1E-30	1E10	1E10	1E-30	1E10	1E10	1E-30	1E10	1E10	1E-30	1E10	1E10	1E-30	1E10	1E10	1E-30	1E10	1E10	1E-30	1E10	1E10
88	4.77E-14	1E-30	1E-10	1E10	7.74E-9	0.166	1E10	1E-30	19500	1E10	4.23E-8	5.38	1E10	1.61E-7	117	1E10	1.69E-7	176	1E10	2.23E-7	997	1.4E-15	2.5E-8	80.4	1E-30	1E10	1E10	1E-30	1E10	1E10	1E-30	1E10	1E10	1E-30	1E10	1E10	1E-30	1E10	1E10	1E-30	1E10	1E10	1E-30	1E10	1E10	1E-30	1E10	1E10
89	5.19E-14	1E-30	1E-10	1E10	7.73E-9	0.191	1E10	1E-30	27100	1E10	7.69E-8	20.4	1E10	1.29E-7	139	1E10	2.43E-7	1160	4.41E-16	6.65E-8	120	1E-30	1E10	1E10	1E-30	1E10	1E10	1E-30	1E10	1E10	1E-30	1E10	1E10	1E-30	1E10	1E10	1E-30	1E10	1E10	1E-30	1E10	1E10	1E-30	1E10	1E10	1E-30	1E10	1E10
90	5.19E-14	1E-30	1E-10	1E10	7.73E-9	0.191	1E10	1E-30	27100	1E10	7.69E-8	20.4	1E10	1.29E-7	139	1E10	2.43E-7	1160	4.41E-16	6.65E-8	120	1E-30	1E10	1E10	1E-30	1E10	1E10	1E-30	1E10	1E10	1E-30	1E10	1E10	1E-30	1E10	1E10	1E-30	1E10	1E10	1E-30	1E10	1E10	1E-30	1E10	1E10	1E-30	1E10	1E10
91	4.79E-14	1E-30	1E-10	1E10	8.58E-9	0.239	1E10	1E-30	24300	1E10	9.1E-8	21.7	1E10	2.05E-7	193	1E10	3.14E-7	718	1E10	4.38E-7	2310	5.21E-15	8.13E-9	4.04	1E-30	1E10	1E10	1E-30	1E10	1E10	1E-30	1E10	1E10	1E-30	1E10	1E10	1E-30	1E10	1E10	1E-30	1E10	1E10	1E-30	1E10	1E10	1E-30	1E10	1E10
92	4.79E-14	1E-30	1E-10	1E10	8.58E-9	0.239	1E10	1E-30	24300	1E10	9.1E-8	21.7	1E10	2.05E-7	193	1E10	3.14E-7	718	1E10	4.38E-7	2310	5.21E-15	8.13E-9	4.04	1E-30	1E10	1E10	1E-30	1E10	1E10	1E-30	1E10	1E10	1E-30	1E10	1E10	1E-30	1E10	1E10	1E-30	1E10	1E10	1E-30	1E10	1E10	1E-30	1E10	1E10
93	4.7E-14	1E-30	1E-10	1E10	1.03E-8	0.383	1E10	1E-30	27800	1E10	5.14E-8	6.43	1E10	1.66E-7	178	1E10	2.93E-7	1420	2.82E-15	1.85E-8	15	1E-30	1E10	1E10	1E-30	1E10	1E10	1E-30	1E10	1E10	1E-30	1E10	1E10	1E-30	1E10	1E10	1E-30	1E10	1E10	1E-30	1E10	1E10	1E-30	1E10	1E10	1E-30	1E10	1E10
94	4.7E-14	1E-30	1E-10	1E10	1.03E-8	0.383	1E10	1E-30	27800	1E10	5.14E-8	6.43	1E10	1.66E-7	178	1E10	2.93E-7	1420	2.82E-15	1.85E-8	15	1E-30	1E10	1E10	1E-30	1E10	1E10	1E-30	1E10	1E10	1E-30	1E10	1E10	1E-30	1E10	1E10	1E-30	1E10	1E10	1E-30	1E10	1E10	1E-30	1E10	1E10	1E-30	1E10	1E10
95	4.95E-14	1E-30	1E-10	1E10	1.05E-8	0.278	1E10	1E-30	29300	1E10	1.03E-7	16.3	1E10	2.07E-7	103	1E10	2.28E-7	375	1E10	3.94E-7	2090	3.76E-15	1.35E-8	7.11	1E-30	1E10	1E10	1E-30	1E10	1E10	1E-30	1E10	1E10	1E-30	1E10	1E10	1E-30	1E10	1E10	1E-30	1E10	1E10	1E-30	1E10	1E10	1E-30	1E10	1E10
96	4.95E-14	1E-30	1E-10	1E10	1.05E-8	0.278	1E10	1E-30	29300	1E10	1.03E-7	16.3	1E10	2.07E-7	103	1E10	2.28E-7	375	1E10	3.94E-7	2090	3.76E-15	1.35E-8	7.11	1E-30	1E10	1E10	1E-30	1E10	1E10	1E-30	1E10	1E10	1E-30	1E10	1E10	1E-30	1E10	1E10	1E-30	1E10	1E10	1E-30	1E10	1E10	1E-30	1E10	1E10
97	4.61E-14	1E-30	1E-10	1E10	1.12E-8	0.354	1E10	1E-30	25E3	1E10	1.18E-7	26.6	1E10	2.43E-7	320	1E10	3.38E-7	1420	4.53E-15	1.13E-8	1.28	1E-30	1E10	1E10	1E-30	1E10	1E10	1E-30	1E10	1E10	1E-30	1E10	1E10	1E-30	1E10	1E10	1E-30	1E10	1E10	1E-30	1E10	1E10	1E-30	1E10	1E10	1E-30	1E10	1E10
98	4.61E-14	1E-30	1E-10	1E10	1.12E-8	0.354	1E10	1E-30	25E3	1E10	1.18E-7	26.6	1E10	2.43E-7	320	1E10	3.38E-7	1420	4.53E-15	1.13E-8	1.28	1E-30	1E10	1E10	1E-30	1E10	1E10	1E-30	1E10	1E10	1E-30	1E10	1E10	1E-30	1E10	1E10	1E-30	1E10	1E10	1E-30	1E10	1E10	1E-30	1E10	1E10	1E-30	1E10	1E10
99	4.66E-14	1E-30	1E-10	1E10	1.5E-8	0.47	1E10	1E-30	28300	1E10	6.46E-8	10.5	1E10	2.6E-7	425	1E10	4.69E-7	2160	3.03E-15	1.68E-8	17.7	1E-30	1E10	1E10	1E-30	1E10	1E10	1E-30	1E10	1E10	1E-30	1E10	1E10	1E-30	1E10	1E10	1E-30	1E10	1E10	1E-30	1E10	1E10	1E-30	1E10	1E10	1E-30	1E10	1E10
100	4.66E-14	1E-30	1E-10	1E10	1.5E-8	0.47	1E10	1E-30	28300	1E10	6.46E-8	10.5	1E10	2.6E-7	425	1E10	4.69E-7	2160	3.03E-15	1.68E-8	17.7	1E-30	1E10	1E10	1E-30	1E10	1E10	1E-30	1E10	1E10	1E-30	1E10	1E10	1E-30	1E10	1E10	1E-30	1E10	1E10	1E-30	1E10	1E10	1E-30	1E10	1E10	1E-30	1E10	1E10
101	4.9E-14	1E-30	1E-10	1E10	1.51E-8	0.572	1E10	1E-30	67500	1E10	9.04E-8	6.81	1E10	2.41E-7	153	1E10	4.31E-7	931	1E10	5.02E-7	2900	1E-30	1E10	1E10	1E-30	1E10	1E10	1E-30	1E10	1E10	1E-30	1E10	1E10	1E-30	1E10	1E10	1E-30	1E10	1E10	1E-30	1E10	1E10	1E-30	1E10	1E10	1E-30	1E10	1E10
102	4.9E-14	1E-30	1E-10	1E10	1.51E-8	0.572	1E10	1E-30	67500	1E10	9.04E-8	6.81	1E10	2.41E-7	153	1E10	4.31E-7	931	1E10	5.02E-7	2900	1E-30	1E10	1E10	1E-30	1E10	1E10	1E-30	1E10	1E10	1E-30	1E10	1E10	1E-30	1E10	1E10	1E-30	1E10	1E10	1E-30	1E10	1E10	1E-30	1E10	1E10	1E-30	1E10	1E10
103	4.56E-14	1E-30	1E-10	1E10	1.92E-8	0.569	1E10	1E-30	63100	1E10	4.43E-8	3.51	1E10	2.12E-7	292	1E10	5.22E-7	2770	5.51E-15	9.03E-9	6.62E-3	1E-30	1E10	1E10	1E-30	1E10	1E10	1E-30	1E10	1E10	1E-30	1E10	1E10	1E-30	1E10	1E10	1E-30	1E10	1E10	1E-30	1E10	1E10	1E-30	1E10	1E10	1E-30	1E10	1E10
104	4.56E-14	1E-30	1E-10	1E10	1.92E-8	0.569	1E10	1E-30	63100	1E10	4.43E-8	3.51	1E10	2.12E-7	292	1E10	5.22E-7	2770	5.51E-15	9.03E-9	6.62E-3	1E-30	1E10	1E10	1E-30	1E10	1E10	1E-30	1E10	1E10	1E-30	1E10	1E10	1E-30	1E10	1E10	1E-30	1E10	1E10	1E-30	1E10	1E10	1E-30	1E10	1E10	1E-30	1E10	1E10
105	4.43E-14	1E-30	1E-10	1E10	2.4E-8	0.715	1E10	1E-30	56400	1E10	4.82E-8	3.81	1E10	2.36E-7	82.1	1E10	4.69E-7	1040	1E10	5.8E-7	2880	4.81E-15	1.04E-8	13.5	1E-30	1E10	1E10	1E-30	1E10	1E10	1E-30	1E10	1E10	1E-30	1E10	1E10	1E-30	1E10	1E10	1E-30	1E10	1E10	1E-30	1E10	1E10	1E-30	1E10	1E10
106	4.43E-14	1E-30	1E-10	1E10	2.4E-8	0.715	1E10	1E-30	56400	1E10	4.82E-8	3.81	1E10	2.36E-7	82.1	1E10	4.69E-7	1040	1E10	5.8E-7	2880	4.81E-15	1.04E-8	13.5	1E-30	1E10	1E10	1E-30	1E10	1E10	1E-30	1E10	1E10	1E-30	1E10	1E10	1E-30	1E10	1E10	1E-30	1E10	1E10	1E-30	1E10	1E10	1E-30	1E10	1E10
107	4.95E-14	1E-30	1E-10	1E10	1.8E-8	0.781	1E10	1E-30	42100	1E10	3.06E-7	118	1E10	4.6E-7	640	1E10	5.34E-7	2410	2.92E-17	2.17E-6	8140	1E-30	1E10	1E10	1E-30	1E10	1E10	1E-30	1E10	1E10	1E-30	1E10	1E10	1E-30	1E10	1E10	1E-30	1E10	1E10	1E-30	1E10	1E10	1E-30	1E10	1E10	1E-30	1E10	1E10
108	4.95E-14	1E-30	1E-10	1E10	1.8E-8	0.781	1E10	1E-30	42100	1E10	3.06E-7	118	1E10	4.6E-7	640	1E10	5.34E-7	2410	2.92E-17	2.17E-6	8140	1E-30	1E10	1E10	1E-30	1E10	1E10	1E-30	1E10	1E10	1E-30	1E10	1E10	1E-30	1E10	1E10	1E-30	1E10	1E10	1E-30	1E10	1E10	1E-30	1E10	1E10	1E-30	1E10	1E10
109	4.76E-14	1E-30	1E-10	1E10	2.01E-8	0.753	1E10	1E-30	44600	1E10	2.34E-7	117	1E10	4.26E-7	1460	1E10	2.86E-6	15100	1.4E-15	4.41E-8	13.9	1E-30	1E10	1E10	1E-30	1E10	1E10	1E-30	1E10	1E10	1E-30	1E10	1E10	1E-30	1E10	1E10	1E-30	1E10	1E10	1E-30	1E10	1E10	1E-30	1E10	1E10	1E-30	1E10	1E10
110	4.76E-14	1E-30	1E-10	1E10	2.01E-8	0.753	1E10	1E-30	44600	1E10	2.34E-7	117	1E10	4.26E-7	1460	1E10	2.86E-6	15100	1.4E-15	4.41E-8	13.9	1E-30	1E10	1E10	1E-30	1E10	1E10	1E-30	1E10	1E10	1E-30	1E10	1E10	1E-30	1E10	1E10	1E-30	1E10	1E10	1E-30	1E10	1E10	1E-30	1E10	1E10	1E-30	1E10	1E10
111	4.47E-14	1E-30	1E-10	1E10	2.26E-8	1.08	1E10	1E-30	91800	1E10	3.07E-7	199	1E10	4.93E-7	1860	1E10	6.56E-7	108E3	3.12E-15	2.03E-8	52.6	1E-30	1E10	1E10	1E-30	1E10	1E10	1E-30	1E10	1E10	1E-30	1E10	1E10	1E-30	1E10	1E10	1E-30	1E10	1E10	1E-30	1E10	1E10	1E-30	1E10	1E10	1E-30	1E10	1E10
112	4.47E-14	1E-30	1E-10	1E10	2.26E-8	1.08	1E10	1E-30	91800	1E10	3.07E-7	199	1E10	4.93E-7	1860	1E10	6.56E-7	108E3	3.12E-15	2.03E-8	52.6	1E-30	1E10	1E10	1E-30	1E10	1E10	1E-30	1E10	1E10	1E-30	1E10	1E10	1E-30	1E10	1E10	1E-30	1E10	1E10	1E-30	1E10	1E10	1E-30	1E10	1E10	1E-30	1E10	1E10
113	4.28E-14	1E-30	1E-10	1E10	2.52E-8	1.12	1E10	1E-30	63900	1E10	3.82E-7	105	1E10	6.15E-7	2810	1E10	6.94E-7	941	4.72E-15	1.5E-8	73.1	1E-30	1E10	1E10	1E-30	1E10	1E10	1E-30	1E10	1E10	1E-30	1E10	1E10	1E-30	1E10	1E10	1E-30	1E10	1E10	1E-30	1E10	1E10	1E-30	1E10	1E10	1E-30	1E10	1E10
114	4.28E-14	1E-30	1E-10	1E10	2.52E-8	1.12	1E10	1E-30	63900	1E10	3.82E-7	105	1E10	6.15E-7	2810	1E10	6.94E-7	941	4.72E-15	1.5E-8	73.1	1E-30	1E10	1E10	1E-30	1E10	1E10	1E-30	1E10	1E10	1E-30	1E10	1E10	1E-30	1E10	1E10	1E-30	1E10	1E10	1E-30	1E10	1E10	1E-30	1E10	1E10	1E-30	1E10	1E10
115	4.55E-14	1E-30	1E-10	1E10	2.85E-8	1.41	1E10	1E-30	54200	1E10	2.63E-7	31.4	1E10	5.35E-7	549	1E10	6.53E-7	2910	4.54E-15	1.73E-8	98.2	1E-30	1E10	1E10	1E-30	1E10	1E10	1E-30	1E10	1E10	1E-30	1E10	1E10	1E-30	1E10	1E10	1E-30	1E10	1E10	1E-30	1E10	1E10	1E-30	1E10	1E10	1E-30	1E10	1E10
116	4.55E-14	1E-30	1E-10	1E10	2.85E-8	1.41	1E10	1E-30	54200	1E10	2.63E-7	31.4	1E10	5.35E-7	549	1E10	6.53E-7	2910	4.54E-15	1.73E-8	98.2	1E-30	1E10	1E10	1E-30	1E10	1E10	1E-30	1E10	1E10	1E-30	1E10	1E10	1E-30	1E10	1E10	1E-30	1E10	1E10	1E-30	1E10	1E10	1E-30	1E10	1E10	1E-30	1E10	1E10
117	5.91E-14	1E-30	1E-10	1E10	2.97E-8	1.34	1E10	1E-30	50600	1E10	3.69E-7	78.5	1E10	6.22E-7	661	1E10	7.04E-7	2990	4.31E-15	2.19E-8	116	1E-30	1E10	1E10	1E-30	1E10	1E10	1E-30	1E10	1E10	1E-30	1E10	1E10	1E-30	1E10	1E10	1E-30	1E10	1E10	1E-30	1E10	1E10	1E-30	1E10	1E10	1E-30	1E10	1E10
118	5.91E-14	1E-30	1E-10	1E10	2.97E-8	1.34	1E10	1E-30	50600	1E10	3.69E-7	78.5	1E10	6.22E-7	661	1E10	7.04E-7	2990	4.31E-15	2.19E-8	116	1E-30	1E10	1E10	1E-30	1E10	1E10	1E-30	1E10	1E10	1E-30	1E10	1E10	1E-30	1E10	1E10	1E-30	1E10	1E10	1E-30	1E10	1E10	1E-30	1E10	1E10	1E-30	1E10	1E10
END DSCRDATA
