BEGIN DSCRDATA
% INDEX	K01	L01	M01	K02	L02	M02	K03	L03	M03	K04	L04	M04	K05	L05	M05	K06	L06	M06	K07	L07	M07	K08	L08	M08	K09	L09	M09	K10	L10	M10	K11	L11	M11	K12	L12	M12	K13	L13	M13	K14	L14	M14	K15	L15	M15	K16	L16	M16
0	0	0	0	0	0	0	0	0	0	0	0	0	0	0	0	0	0	0	0	0	0	0	0	0	0	0	0	0	0	0	0	0	0	0	0	0	0	0	0	0	0	0	0	0	0	0	0	0
1	1.85E-14	1E-30	1E-10	1E10	1.39E-9	0.01	1E10	1E-30	14200	1E10	3.04E-9	0.135	1E10	8.62E-8	557	1E-30	1E10	1E10	1E-30	1E10	1E10	1E-30	1E10	1E10	1E-30	1E10	1E10	1E-30	1E10	1E10	1E-30	1E10	1E10	1E-30	1E10	1E10	1E-30	1E10	1E10	1E-30	1E10	1E10	1E-30	1E10	1E10	1E-30	1E10	1E10
2	1.85E-14	1E-30	1E-10	1E10	1.39E-9	0.01	1E10	1E-30	14200	1E10	3.04E-9	0.135	1E10	8.62E-8	557	1E-30	1E10	1E10	1E-30	1E10	1E10	1E-30	1E10	1E10	1E-30	1E10	1E10	1E-30	1E10	1E10	1E-30	1E10	1E10	1E-30	1E10	1E10	1E-30	1E10	1E10	1E-30	1E10	1E10	1E-30	1E10	1E10	1E-30	1E10	1E10
3	5.72E-15	1E-30	1E-10	1E10	1.24E-9	0.023	1E10	1E-30	14200	1E10	1.03E-7	0.546	1E10	3.65E-8	113	1E-30	1E10	1E10	1E-30	1E10	1E10	1E-30	1E10	1E10	1E-30	1E10	1E10	1E-30	1E10	1E10	1E-30	1E10	1E10	1E-30	1E10	1E10	1E-30	1E10	1E10	1E-30	1E10	1E10	1E-30	1E10	1E10	1E-30	1E10	1E10
4	5.72E-15	1E-30	1E-10	1E10	1.24E-9	0.023	1E10	1E-30	14200	1E10	1.03E-7	0.546	1E10	3.65E-8	113	1E-30	1E10	1E10	1E-30	1E10	1E10	1E-30	1E10	1E10	1E-30	1E10	1E10	1E-30	1E10	1E10	1E-30	1E10	1E10	1E-30	1E10	1E10	1E-30	1E10	1E10	1E-30	1E10	1E10	1E-30	1E10	1E10	1E-30	1E10	1E10
5	3.37E-15	1E-30	1E-10	1E10	1.3E-9	0.037	1E10	1E-30	14200	1E10	0.0257	11.2	1E10	3.74E-8	108	1E-30	1E10	1E10	1E-30	1E10	1E10	1E-30	1E10	1E10	1E-30	1E10	1E10	1E-30	1E10	1E10	1E-30	1E10	1E10	1E-30	1E10	1E10	1E-30	1E10	1E10	1E-30	1E10	1E10	1E-30	1E10	1E10	1E-30	1E10	1E10
6	3.37E-15	1E-30	1E-10	1E10	1.3E-9	0.037	1E10	1E-30	14200	1E10	0.0257	11.2	1E10	3.74E-8	108	1E-30	1E10	1E10	1E-30	1E10	1E10	1E-30	1E10	1E10	1E-30	1E10	1E10	1E-30	1E10	1E10	1E-30	1E10	1E10	1E-30	1E10	1E10	1E-30	1E10	1E10	1E-30	1E10	1E10	1E-30	1E10	1E10	1E-30	1E10	1E10
7	9.08E-15	1E-30	1E-10	1E10	1.24E-9	0.054	1E10	1E-30	14200	1E10	5.96E-7	8.8	1E10	3.49E-8	108	1E-30	1E10	1E10	1E-30	1E10	1E10	1E-30	1E10	1E10	1E-30	1E10	1E10	1E-30	1E10	1E10	1E-30	1E10	1E10	1E-30	1E10	1E10	1E-30	1E10	1E10	1E-30	1E10	1E10	1E-30	1E10	1E10	1E-30	1E10	1E10
8	9.08E-15	1E-30	1E-10	1E10	1.24E-9	0.054	1E10	1E-30	14200	1E10	5.96E-7	8.8	1E10	3.49E-8	108	1E-30	1E10	1E10	1E-30	1E10	1E10	1E-30	1E10	1E10	1E-30	1E10	1E10	1E-30	1E10	1E10	1E-30	1E10	1E10	1E-30	1E10	1E10	1E-30	1E10	1E10	1E-30	1E10	1E10	1E-30	1E10	1E10	1E-30	1E10	1E10
9	9.08E-15	1E-30	1E-10	1E10	1.97E-9	0.018	1E10	1E-30	14200	1E10	2.46E-5	39.5	1E10	7.13E-8	175	1E-30	1E10	1E10	1E-30	1E10	1E10	1E-30	1E10	1E10	1E-30	1E10	1E10	1E-30	1E10	1E10	1E-30	1E10	1E10	1E-30	1E10	1E10	1E-30	1E10	1E10	1E-30	1E10	1E10	1E-30	1E10	1E10	1E-30	1E10	1E10
10	9.08E-15	1E-30	1E-10	1E10	1.97E-9	0.018	1E10	1E-30	14200	1E10	2.46E-5	39.5	1E10	7.13E-8	175	1E-30	1E10	1E10	1E-30	1E10	1E10	1E-30	1E10	1E10	1E-30	1E10	1E10	1E-30	1E10	1E10	1E-30	1E10	1E10	1E-30	1E10	1E10	1E-30	1E10	1E10	1E-30	1E10	1E10	1E-30	1E10	1E10	1E-30	1E10	1E10
11	9.08E-15	1E-30	1E-10	1E10	1.97E-9	0.018	1E10	1E-30	14200	1E10	2.46E-5	39.5	1E10	7.13E-8	175	1E-30	1E10	1E10	1E-30	1E10	1E10	1E-30	1E10	1E10	1E-30	1E10	1E10	1E-30	1E10	1E10	1E-30	1E10	1E10	1E-30	1E10	1E10	1E-30	1E10	1E10	1E-30	1E10	1E10	1E-30	1E10	1E10	1E-30	1E10	1E10
12	9.08E-15	1E-30	1E-10	1E10	1.97E-9	0.018	1E10	1E-30	14200	1E10	2.46E-5	39.5	1E10	7.13E-8	175	1E-30	1E10	1E10	1E-30	1E10	1E10	1E-30	1E10	1E10	1E-30	1E10	1E10	1E-30	1E10	1E10	1E-30	1E10	1E10	1E-30	1E10	1E10	1E-30	1E10	1E10	1E-30	1E10	1E10	1E-30	1E10	1E10	1E-30	1E10	1E10
13	2.28E-14	1E-30	1E-10	1E10	2.11E-9	0.018	1E10	1E-30	14200	1E10	0.0397	45.7	1E10	8.98E-8	265	1E-30	1E10	1E10	1E-30	1E10	1E10	1E-30	1E10	1E10	1E-30	1E10	1E10	1E-30	1E10	1E10	1E-30	1E10	1E10	1E-30	1E10	1E10	1E-30	1E10	1E10	1E-30	1E10	1E10	1E-30	1E10	1E10	1E-30	1E10	1E10
14	2.28E-14	1E-30	1E-10	1E10	2.11E-9	0.018	1E10	1E-30	14200	1E10	0.0397	45.7	1E10	8.98E-8	265	1E-30	1E10	1E10	1E-30	1E10	1E10	1E-30	1E10	1E10	1E-30	1E10	1E10	1E-30	1E10	1E10	1E-30	1E10	1E10	1E-30	1E10	1E10	1E-30	1E10	1E10	1E-30	1E10	1E10	1E-30	1E10	1E10	1E-30	1E10	1E10
15	2.28E-14	1E-30	1E-10	1E10	2.11E-9	0.018	1E10	1E-30	14200	1E10	0.0397	45.7	1E10	8.98E-8	265	1E-30	1E10	1E10	1E-30	1E10	1E10	1E-30	1E10	1E10	1E-30	1E10	1E10	1E-30	1E10	1E10	1E-30	1E10	1E10	1E-30	1E10	1E10	1E-30	1E10	1E10	1E-30	1E10	1E10	1E-30	1E10	1E10	1E-30	1E10	1E10
16	2.28E-14	1E-30	1E-10	1E10	2.11E-9	0.018	1E10	1E-30	14200	1E10	0.0397	45.7	1E10	8.98E-8	265	1E-30	1E10	1E10	1E-30	1E10	1E10	1E-30	1E10	1E10	1E-30	1E10	1E10	1E-30	1E10	1E10	1E-30	1E10	1E10	1E-30	1E10	1E10	1E-30	1E10	1E10	1E-30	1E10	1E10	1E-30	1E10	1E10	1E-30	1E10	1E10
17	3.88E-14	1E-30	1E-10	1E10	2.26E-9	0.018	1E10	1E-30	14200	1E10	1.02E-7	18.6	1E10	8.19E-8	236	1E-30	1E10	1E10	1E-30	1E10	1E10	1E-30	1E10	1E10	1E-30	1E10	1E10	1E-30	1E10	1E10	1E-30	1E10	1E10	1E-30	1E10	1E10	1E-30	1E10	1E10	1E-30	1E10	1E10	1E-30	1E10	1E10	1E-30	1E10	1E10
18	3.88E-14	1E-30	1E-10	1E10	2.26E-9	0.018	1E10	1E-30	14200	1E10	1.02E-7	18.6	1E10	8.19E-8	236	1E-30	1E10	1E10	1E-30	1E10	1E10	1E-30	1E10	1E10	1E-30	1E10	1E10	1E-30	1E10	1E10	1E-30	1E10	1E10	1E-30	1E10	1E10	1E-30	1E10	1E10	1E-30	1E10	1E10	1E-30	1E10	1E10	1E-30	1E10	1E10
19	3.88E-14	1E-30	1E-10	1E10	2.26E-9	0.018	1E10	1E-30	14200	1E10	1.02E-7	18.6	1E10	8.19E-8	236	1E-30	1E10	1E10	1E-30	1E10	1E10	1E-30	1E10	1E10	1E-30	1E10	1E10	1E-30	1E10	1E10	1E-30	1E10	1E10	1E-30	1E10	1E10	1E-30	1E10	1E10	1E-30	1E10	1E10	1E-30	1E10	1E10	1E-30	1E10	1E10
20	3.88E-14	1E-30	1E-10	1E10	2.26E-9	0.018	1E10	1E-30	14200	1E10	1.02E-7	18.6	1E10	8.19E-8	236	1E-30	1E10	1E10	1E-30	1E10	1E10	1E-30	1E10	1E10	1E-30	1E10	1E10	1E-30	1E10	1E10	1E-30	1E10	1E10	1E-30	1E10	1E10	1E-30	1E10	1E10	1E-30	1E10	1E10	1E-30	1E10	1E10	1E-30	1E10	1E10
21	2.39E-14	1E-30	1E-10	1E10	2.37E-9	0.025	1E10	1E-30	14200	1E10	1.07E-7	18.6	1E10	8.38E-8	236	1E-30	1E10	1E10	1E-30	1E10	1E10	1E-30	1E10	1E10	1E-30	1E10	1E10	1E-30	1E10	1E10	1E-30	1E10	1E10	1E-30	1E10	1E10	1E-30	1E10	1E10	1E-30	1E10	1E10	1E-30	1E10	1E10	1E-30	1E10	1E10
22	2.39E-14	1E-30	1E-10	1E10	2.37E-9	0.025	1E10	1E-30	14200	1E10	1.07E-7	18.6	1E10	8.38E-8	236	1E-30	1E10	1E10	1E-30	1E10	1E10	1E-30	1E10	1E10	1E-30	1E10	1E10	1E-30	1E10	1E10	1E-30	1E10	1E10	1E-30	1E10	1E10	1E-30	1E10	1E10	1E-30	1E10	1E10	1E-30	1E10	1E10	1E-30	1E10	1E10
23	2.39E-14	1E-30	1E-10	1E10	2.37E-9	0.025	1E10	1E-30	14200	1E10	1.07E-7	18.6	1E10	8.38E-8	236	1E-30	1E10	1E10	1E-30	1E10	1E10	1E-30	1E10	1E10	1E-30	1E10	1E10	1E-30	1E10	1E10	1E-30	1E10	1E10	1E-30	1E10	1E10	1E-30	1E10	1E10	1E-30	1E10	1E10	1E-30	1E10	1E10	1E-30	1E10	1E10
24	2.39E-14	1E-30	1E-10	1E10	2.37E-9	0.025	1E10	1E-30	14200	1E10	1.07E-7	18.6	1E10	8.38E-8	236	1E-30	1E10	1E10	1E-30	1E10	1E10	1E-30	1E10	1E10	1E-30	1E10	1E10	1E-30	1E10	1E10	1E-30	1E10	1E10	1E-30	1E10	1E10	1E-30	1E10	1E10	1E-30	1E10	1E10	1E-30	1E10	1E10	1E-30	1E10	1E10
25	2.28E-14	1E-30	1E-10	1E10	2.37E-9	0.029	1E10	1E-30	14200	1E10	5.5E-7	18.6	1E10	8.19E-8	247	1E-30	1E10	1E10	1E-30	1E10	1E10	1E-30	1E10	1E10	1E-30	1E10	1E10	1E-30	1E10	1E10	1E-30	1E10	1E10	1E-30	1E10	1E10	1E-30	1E10	1E10	1E-30	1E10	1E10	1E-30	1E10	1E10	1E-30	1E10	1E10
26	2.28E-14	1E-30	1E-10	1E10	2.37E-9	0.029	1E10	1E-30	14200	1E10	5.5E-7	18.6	1E10	8.19E-8	247	1E-30	1E10	1E10	1E-30	1E10	1E10	1E-30	1E10	1E10	1E-30	1E10	1E10	1E-30	1E10	1E10	1E-30	1E10	1E10	1E-30	1E10	1E10	1E-30	1E10	1E10	1E-30	1E10	1E10	1E-30	1E10	1E10	1E-30	1E10	1E10
27	2.28E-14	1E-30	1E-10	1E10	2.37E-9	0.029	1E10	1E-30	14200	1E10	5.5E-7	18.6	1E10	8.19E-8	247	1E-30	1E10	1E10	1E-30	1E10	1E10	1E-30	1E10	1E10	1E-30	1E10	1E10	1E-30	1E10	1E10	1E-30	1E10	1E10	1E-30	1E10	1E10	1E-30	1E10	1E10	1E-30	1E10	1E10	1E-30	1E10	1E10	1E-30	1E10	1E10
28	2.28E-14	1E-30	1E-10	1E10	2.37E-9	0.029	1E10	1E-30	14200	1E10	5.5E-7	18.6	1E10	8.19E-8	247	1E-30	1E10	1E10	1E-30	1E10	1E10	1E-30	1E10	1E10	1E-30	1E10	1E10	1E-30	1E10	1E10	1E-30	1E10	1E10	1E-30	1E10	1E10	1E-30	1E10	1E10	1E-30	1E10	1E10	1E-30	1E10	1E10	1E-30	1E10	1E10
29	2.18E-14	1E-30	1E-10	1E10	2.48E-9	0.039	1E10	1E-30	14200	1E10	8.93E-7	36.8	1E10	8.98E-8	253	1E-30	1E10	1E10	1E-30	1E10	1E10	1E-30	1E10	1E10	1E-30	1E10	1E10	1E-30	1E10	1E10	1E-30	1E10	1E10	1E-30	1E10	1E10	1E-30	1E10	1E10	1E-30	1E10	1E10	1E-30	1E10	1E10	1E-30	1E10	1E10
30	2.18E-14	1E-30	1E-10	1E10	2.48E-9	0.039	1E10	1E-30	14200	1E10	8.93E-7	36.8	1E10	8.98E-8	253	1E-30	1E10	1E10	1E-30	1E10	1E10	1E-30	1E10	1E10	1E-30	1E10	1E10	1E-30	1E10	1E10	1E-30	1E10	1E10	1E-30	1E10	1E10	1E-30	1E10	1E10	1E-30	1E10	1E10	1E-30	1E10	1E10	1E-30	1E10	1E10
31	2.18E-14	1E-30	1E-10	1E10	2.48E-9	0.039	1E10	1E-30	14200	1E10	8.93E-7	36.8	1E10	8.98E-8	253	1E-30	1E10	1E10	1E-30	1E10	1E10	1E-30	1E10	1E10	1E-30	1E10	1E10	1E-30	1E10	1E10	1E-30	1E10	1E10	1E-30	1E10	1E10	1E-30	1E10	1E10	1E-30	1E10	1E10	1E-30	1E10	1E10	1E-30	1E10	1E10
32	2.18E-14	1E-30	1E-10	1E10	2.48E-9	0.039	1E10	1E-30	14200	1E10	8.93E-7	36.8	1E10	8.98E-8	253	1E-30	1E10	1E10	1E-30	1E10	1E10	1E-30	1E10	1E10	1E-30	1E10	1E10	1E-30	1E10	1E10	1E-30	1E10	1E10	1E-30	1E10	1E10	1E-30	1E10	1E10	1E-30	1E10	1E10	1E-30	1E10	1E10	1E-30	1E10	1E10
33	3.15E-14	1E-30	1E-10	1E10	2.6E-9	0.039	1E10	1E-30	14200	1E10	1.15E-7	58.4	1E10	8.38E-8	271	1E-30	1E10	1E10	1E-30	1E10	1E10	1E-30	1E10	1E10	1E-30	1E10	1E10	1E-30	1E10	1E10	1E-30	1E10	1E10	1E-30	1E10	1E10	1E-30	1E10	1E10	1E-30	1E10	1E10	1E-30	1E10	1E10	1E-30	1E10	1E10
34	3.15E-14	1E-30	1E-10	1E10	2.6E-9	0.039	1E10	1E-30	14200	1E10	1.15E-7	58.4	1E10	8.38E-8	271	1E-30	1E10	1E10	1E-30	1E10	1E10	1E-30	1E10	1E10	1E-30	1E10	1E10	1E-30	1E10	1E10	1E-30	1E10	1E10	1E-30	1E10	1E10	1E-30	1E10	1E10	1E-30	1E10	1E10	1E-30	1E10	1E10	1E-30	1E10	1E10
35	3.15E-14	1E-30	1E-10	1E10	2.6E-9	0.039	1E10	1E-30	14200	1E10	1.15E-7	58.4	1E10	8.38E-8	271	1E-30	1E10	1E10	1E-30	1E10	1E10	1E-30	1E10	1E10	1E-30	1E10	1E10	1E-30	1E10	1E10	1E-30	1E10	1E10	1E-30	1E10	1E10	1E-30	1E10	1E10	1E-30	1E10	1E10	1E-30	1E10	1E10	1E-30	1E10	1E10
36	3.15E-14	1E-30	1E-10	1E10	2.6E-9	0.039	1E10	1E-30	14200	1E10	1.15E-7	58.4	1E10	8.38E-8	271	1E-30	1E10	1E10	1E-30	1E10	1E10	1E-30	1E10	1E10	1E-30	1E10	1E10	1E-30	1E10	1E10	1E-30	1E10	1E10	1E-30	1E10	1E10	1E-30	1E10	1E10	1E-30	1E10	1E10	1E-30	1E10	1E10	1E-30	1E10	1E10
37	3.79E-14	1E-30	1E-10	1E10	2.72E-9	0.039	1E10	1E-30	14200	1E10	1.35E-7	58.4	1E10	8.58E-8	284	1E-30	1E10	1E10	1E-30	1E10	1E10	1E-30	1E10	1E10	1E-30	1E10	1E10	1E-30	1E10	1E10	1E-30	1E10	1E10	1E-30	1E10	1E10	1E-30	1E10	1E10	1E-30	1E10	1E10	1E-30	1E10	1E10	1E-30	1E10	1E10
38	3.79E-14	1E-30	1E-10	1E10	2.72E-9	0.039	1E10	1E-30	14200	1E10	1.35E-7	58.4	1E10	8.58E-8	284	1E-30	1E10	1E10	1E-30	1E10	1E10	1E-30	1E10	1E10	1E-30	1E10	1E10	1E-30	1E10	1E10	1E-30	1E10	1E10	1E-30	1E10	1E10	1E-30	1E10	1E10	1E-30	1E10	1E10	1E-30	1E10	1E10	1E-30	1E10	1E10
39	3.79E-14	1E-30	1E-10	1E10	2.72E-9	0.039	1E10	1E-30	14200	1E10	1.35E-7	58.4	1E10	8.58E-8	284	1E-30	1E10	1E10	1E-30	1E10	1E10	1E-30	1E10	1E10	1E-30	1E10	1E10	1E-30	1E10	1E10	1E-30	1E10	1E10	1E-30	1E10	1E10	1E-30	1E10	1E10	1E-30	1E10	1E10	1E-30	1E10	1E10	1E-30	1E10	1E10
40	3.79E-14	1E-30	1E-10	1E10	2.72E-9	0.039	1E10	1E-30	14200	1E10	1.35E-7	58.4	1E10	8.58E-8	284	1E-30	1E10	1E10	1E-30	1E10	1E10	1E-30	1E10	1E10	1E-30	1E10	1E10	1E-30	1E10	1E10	1E-30	1E10	1E10	1E-30	1E10	1E10	1E-30	1E10	1E10	1E-30	1E10	1E10	1E-30	1E10	1E10	1E-30	1E10	1E10
41	3.01E-14	1E-30	1E-10	1E10	2.91E-9	0.052	1E10	1E-30	14200	1E10	1.82E-7	75.2	1E10	8.98E-8	284	1E-30	1E10	1E10	1E-30	1E10	1E10	1E-30	1E10	1E10	1E-30	1E10	1E10	1E-30	1E10	1E10	1E-30	1E10	1E10	1E-30	1E10	1E10	1E-30	1E10	1E10	1E-30	1E10	1E10	1E-30	1E10	1E10	1E-30	1E10	1E10
42	3.01E-14	1E-30	1E-10	1E10	2.91E-9	0.052	1E10	1E-30	14200	1E10	1.82E-7	75.2	1E10	8.98E-8	284	1E-30	1E10	1E10	1E-30	1E10	1E10	1E-30	1E10	1E10	1E-30	1E10	1E10	1E-30	1E10	1E10	1E-30	1E10	1E10	1E-30	1E10	1E10	1E-30	1E10	1E10	1E-30	1E10	1E10	1E-30	1E10	1E10	1E-30	1E10	1E10
43	3.01E-14	1E-30	1E-10	1E10	2.91E-9	0.052	1E10	1E-30	14200	1E10	1.82E-7	75.2	1E10	8.98E-8	284	1E-30	1E10	1E10	1E-30	1E10	1E10	1E-30	1E10	1E10	1E-30	1E10	1E10	1E-30	1E10	1E10	1E-30	1E10	1E10	1E-30	1E10	1E10	1E-30	1E10	1E10	1E-30	1E10	1E10	1E-30	1E10	1E10	1E-30	1E10	1E10
44	3.01E-14	1E-30	1E-10	1E10	2.91E-9	0.052	1E10	1E-30	14200	1E10	1.82E-7	75.2	1E10	8.98E-8	284	1E-30	1E10	1E10	1E-30	1E10	1E10	1E-30	1E10	1E10	1E-30	1E10	1E10	1E-30	1E10	1E10	1E-30	1E10	1E10	1E-30	1E10	1E10	1E-30	1E10	1E10	1E-30	1E10	1E10	1E-30	1E10	1E10	1E-30	1E10	1E10
45	1.51E-14	1E-30	1E-10	1E10	3.19E-9	0.025	1E10	1E-30	14200	1E10	8.5E-8	4.04	1E10	1.13E-7	297	1E-30	1E10	1E10	1E-30	1E10	1E10	1E-30	1E10	1E10	1E-30	1E10	1E10	1E-30	1E10	1E10	1E-30	1E10	1E10	1E-30	1E10	1E10	1E-30	1E10	1E10	1E-30	1E10	1E10	1E-30	1E10	1E10	1E-30	1E10	1E10
46	1.51E-14	1E-30	1E-10	1E10	3.19E-9	0.025	1E10	1E-30	14200	1E10	8.5E-8	4.04	1E10	1.13E-7	297	1E-30	1E10	1E10	1E-30	1E10	1E10	1E-30	1E10	1E10	1E-30	1E10	1E10	1E-30	1E10	1E10	1E-30	1E10	1E10	1E-30	1E10	1E10	1E-30	1E10	1E10	1E-30	1E10	1E10	1E-30	1E10	1E10	1E-30	1E10	1E10
47	1.51E-14	1E-30	1E-10	1E10	3.19E-9	0.025	1E10	1E-30	14200	1E10	8.5E-8	4.04	1E10	1.13E-7	297	1E-30	1E10	1E10	1E-30	1E10	1E10	1E-30	1E10	1E10	1E-30	1E10	1E10	1E-30	1E10	1E10	1E-30	1E10	1E10	1E-30	1E10	1E10	1E-30	1E10	1E10	1E-30	1E10	1E10	1E-30	1E10	1E10	1E-30	1E10	1E10
48	1.51E-14	1E-30	1E-10	1E10	3.19E-9	0.025	1E10	1E-30	14200	1E10	8.5E-8	4.04	1E10	1.13E-7	297	1E-30	1E10	1E10	1E-30	1E10	1E10	1E-30	1E10	1E10	1E-30	1E10	1E10	1E-30	1E10	1E10	1E-30	1E10	1E10	1E-30	1E10	1E10	1E-30	1E10	1E10	1E-30	1E10	1E10	1E-30	1E10	1E10	1E-30	1E10	1E10
49	1.66E-14	1E-30	1E-10	1E10	3.26E-9	0.025	1E10	1E-30	14200	1E10	6.3E-8	4.04	1E10	1.18E-7	311	1E-30	1E10	1E10	1E-30	1E10	1E10	1E-30	1E10	1E10	1E-30	1E10	1E10	1E-30	1E10	1E10	1E-30	1E10	1E10	1E-30	1E10	1E10	1E-30	1E10	1E10	1E-30	1E10	1E10	1E-30	1E10	1E10	1E-30	1E10	1E10
50	1.66E-14	1E-30	1E-10	1E10	3.26E-9	0.025	1E10	1E-30	14200	1E10	6.3E-8	4.04	1E10	1.18E-7	311	1E-30	1E10	1E10	1E-30	1E10	1E10	1E-30	1E10	1E10	1E-30	1E10	1E10	1E-30	1E10	1E10	1E-30	1E10	1E10	1E-30	1E10	1E10	1E-30	1E10	1E10	1E-30	1E10	1E10	1E-30	1E10	1E10	1E-30	1E10	1E10
51	1.66E-14	1E-30	1E-10	1E10	3.26E-9	0.025	1E10	1E-30	14200	1E10	6.3E-8	4.04	1E10	1.18E-7	311	1E-30	1E10	1E10	1E-30	1E10	1E10	1E-30	1E10	1E10	1E-30	1E10	1E10	1E-30	1E10	1E10	1E-30	1E10	1E10	1E-30	1E10	1E10	1E-30	1E10	1E10	1E-30	1E10	1E10	1E-30	1E10	1E10	1E-30	1E10	1E10
52	1.66E-14	1E-30	1E-10	1E10	3.26E-9	0.025	1E10	1E-30	14200	1E10	6.3E-8	4.04	1E10	1.18E-7	311	1E-30	1E10	1E10	1E-30	1E10	1E10	1E-30	1E10	1E10	1E-30	1E10	1E10	1E-30	1E10	1E10	1E-30	1E10	1E10	1E-30	1E10	1E10	1E-30	1E10	1E10	1E-30	1E10	1E10	1E-30	1E10	1E10	1E-30	1E10	1E10
53	1.86E-14	1E-30	1E-10	1E10	3.34E-9	0.025	1E10	1E-30	14200	1E10	6.3E-8	4.04	1E10	1.21E-7	326	1E-30	1E10	1E10	1E-30	1E10	1E10	1E-30	1E10	1E10	1E-30	1E10	1E10	1E-30	1E10	1E10	1E-30	1E10	1E10	1E-30	1E10	1E10	1E-30	1E10	1E10	1E-30	1E10	1E10	1E-30	1E10	1E10	1E-30	1E10	1E10
54	1.86E-14	1E-30	1E-10	1E10	3.34E-9	0.025	1E10	1E-30	14200	1E10	6.3E-8	4.04	1E10	1.21E-7	326	1E-30	1E10	1E10	1E-30	1E10	1E10	1E-30	1E10	1E10	1E-30	1E10	1E10	1E-30	1E10	1E10	1E-30	1E10	1E10	1E-30	1E10	1E10	1E-30	1E10	1E10	1E-30	1E10	1E10	1E-30	1E10	1E10	1E-30	1E10	1E10
55	1.86E-14	1E-30	1E-10	1E10	3.34E-9	0.025	1E10	1E-30	14200	1E10	6.3E-8	4.04	1E10	1.21E-7	326	1E-30	1E10	1E10	1E-30	1E10	1E10	1E-30	1E10	1E10	1E-30	1E10	1E10	1E-30	1E10	1E10	1E-30	1E10	1E10	1E-30	1E10	1E10	1E-30	1E10	1E10	1E-30	1E10	1E10	1E-30	1E10	1E10	1E-30	1E10	1E10
56	1.86E-14	1E-30	1E-10	1E10	3.34E-9	0.025	1E10	1E-30	14200	1E10	6.3E-8	4.04	1E10	1.21E-7	326	1E-30	1E10	1E10	1E-30	1E10	1E10	1E-30	1E10	1E10	1E-30	1E10	1E10	1E-30	1E10	1E10	1E-30	1E10	1E10	1E-30	1E10	1E10	1E-30	1E10	1E10	1E-30	1E10	1E10	1E-30	1E10	1E10	1E-30	1E10	1E10
57	2.57E-14	1E-30	1E-10	1E10	3.5E-9	0.025	1E10	1E-30	14200	1E10	2.88E-6	11.4	1E10	1.36E-7	357	1E-30	1E10	1E10	1E-30	1E10	1E10	1E-30	1E10	1E10	1E-30	1E10	1E10	1E-30	1E10	1E10	1E-30	1E10	1E10	1E-30	1E10	1E10	1E-30	1E10	1E10	1E-30	1E10	1E10	1E-30	1E10	1E10	1E-30	1E10	1E10
58	2.57E-14	1E-30	1E-10	1E10	3.5E-9	0.025	1E10	1E-30	14200	1E10	2.88E-6	11.4	1E10	1.36E-7	357	1E-30	1E10	1E10	1E-30	1E10	1E10	1E-30	1E10	1E10	1E-30	1E10	1E10	1E-30	1E10	1E10	1E-30	1E10	1E10	1E-30	1E10	1E10	1E-30	1E10	1E10	1E-30	1E10	1E10	1E-30	1E10	1E10	1E-30	1E10	1E10
59	2.57E-14	1E-30	1E-10	1E10	3.5E-9	0.025	1E10	1E-30	14200	1E10	2.88E-6	11.4	1E10	1.36E-7	357	1E-30	1E10	1E10	1E-30	1E10	1E10	1E-30	1E10	1E10	1E-30	1E10	1E10	1E-30	1E10	1E10	1E-30	1E10	1E10	1E-30	1E10	1E10	1E-30	1E10	1E10	1E-30	1E10	1E10	1E-30	1E10	1E10	1E-30	1E10	1E10
60	2.57E-14	1E-30	1E-10	1E10	3.5E-9	0.025	1E10	1E-30	14200	1E10	2.88E-6	11.4	1E10	1.36E-7	357	1E-30	1E10	1E10	1E-30	1E10	1E10	1E-30	1E10	1E10	1E-30	1E10	1E10	1E-30	1E10	1E10	1E-30	1E10	1E10	1E-30	1E10	1E10	1E-30	1E10	1E10	1E-30	1E10	1E10	1E-30	1E10	1E10	1E-30	1E10	1E10
61	2.29E-14	1E-30	1E-10	1E10	3.66E-9	0.025	1E10	1E-30	14200	1E10	1.23E-7	17.7	1E10	1.33E-7	333	1E-30	1E10	1E10	1E-30	1E10	1E10	1E-30	1E10	1E10	1E-30	1E10	1E10	1E-30	1E10	1E10	1E-30	1E10	1E10	1E-30	1E10	1E10	1E-30	1E10	1E10	1E-30	1E10	1E10	1E-30	1E10	1E10	1E-30	1E10	1E10
62	2.29E-14	1E-30	1E-10	1E10	3.66E-9	0.025	1E10	1E-30	14200	1E10	1.23E-7	17.7	1E10	1.33E-7	333	1E-30	1E10	1E10	1E-30	1E10	1E10	1E-30	1E10	1E10	1E-30	1E10	1E10	1E-30	1E10	1E10	1E-30	1E10	1E10	1E-30	1E10	1E10	1E-30	1E10	1E10	1E-30	1E10	1E10	1E-30	1E10	1E10	1E-30	1E10	1E10
63	2.29E-14	1E-30	1E-10	1E10	3.66E-9	0.025	1E10	1E-30	14200	1E10	1.23E-7	17.7	1E10	1.33E-7	333	1E-30	1E10	1E10	1E-30	1E10	1E10	1E-30	1E10	1E10	1E-30	1E10	1E10	1E-30	1E10	1E10	1E-30	1E10	1E10	1E-30	1E10	1E10	1E-30	1E10	1E10	1E-30	1E10	1E10	1E-30	1E10	1E10	1E-30	1E10	1E10
64	2.29E-14	1E-30	1E-10	1E10	3.66E-9	0.025	1E10	1E-30	14200	1E10	1.23E-7	17.7	1E10	1.33E-7	333	1E-30	1E10	1E10	1E-30	1E10	1E10	1E-30	1E10	1E10	1E-30	1E10	1E10	1E-30	1E10	1E10	1E-30	1E10	1E10	1E-30	1E10	1E10	1E-30	1E10	1E10	1E-30	1E10	1E10	1E-30	1E10	1E10	1E-30	1E10	1E10
65	3.23E-14	1E-30	1E-10	1E10	3.75E-9	0.025	1E10	1E-30	14200	1E10	9.34E-8	24.5	1E10	1.36E-7	382	1E-30	1E10	1E10	1E-30	1E10	1E10	1E-30	1E10	1E10	1E-30	1E10	1E10	1E-30	1E10	1E10	1E-30	1E10	1E10	1E-30	1E10	1E10	1E-30	1E10	1E10	1E-30	1E10	1E10	1E-30	1E10	1E10	1E-30	1E10	1E10
66	3.23E-14	1E-30	1E-10	1E10	3.75E-9	0.025	1E10	1E-30	14200	1E10	9.34E-8	24.5	1E10	1.36E-7	382	1E-30	1E10	1E10	1E-30	1E10	1E10	1E-30	1E10	1E10	1E-30	1E10	1E10	1E-30	1E10	1E10	1E-30	1E10	1E10	1E-30	1E10	1E10	1E-30	1E10	1E10	1E-30	1E10	1E10	1E-30	1E10	1E10	1E-30	1E10	1E10
67	3.23E-14	1E-30	1E-10	1E10	3.75E-9	0.025	1E10	1E-30	14200	1E10	9.34E-8	24.5	1E10	1.36E-7	382	1E-30	1E10	1E10	1E-30	1E10	1E10	1E-30	1E10	1E10	1E-30	1E10	1E10	1E-30	1E10	1E10	1E-30	1E10	1E10	1E-30	1E10	1E10	1E-30	1E10	1E10	1E-30	1E10	1E10	1E-30	1E10	1E10	1E-30	1E10	1E10
68	3.23E-14	1E-30	1E-10	1E10	3.75E-9	0.025	1E10	1E-30	14200	1E10	9.34E-8	24.5	1E10	1.36E-7	382	1E-30	1E10	1E10	1E-30	1E10	1E10	1E-30	1E10	1E10	1E-30	1E10	1E10	1E-30	1E10	1E10	1E-30	1E10	1E10	1E-30	1E10	1E10	1E-30	1E10	1E10	1E-30	1E10	1E10	1E-30	1E10	1E10	1E-30	1E10	1E10
69	4.07E-14	1E-30	1E-10	1E10	3.84E-9	0.025	1E10	1E-30	14200	1E10	1.48E-7	33	1E10	1.46E-7	400	1E-30	1E10	1E10	1E-30	1E10	1E10	1E-30	1E10	1E10	1E-30	1E10	1E10	1E-30	1E10	1E10	1E-30	1E10	1E10	1E-30	1E10	1E10	1E-30	1E10	1E10	1E-30	1E10	1E10	1E-30	1E10	1E10	1E-30	1E10	1E10
70	4.07E-14	1E-30	1E-10	1E10	3.84E-9	0.025	1E10	1E-30	14200	1E10	1.48E-7	33	1E10	1.46E-7	400	1E-30	1E10	1E10	1E-30	1E10	1E10	1E-30	1E10	1E10	1E-30	1E10	1E10	1E-30	1E10	1E10	1E-30	1E10	1E10	1E-30	1E10	1E10	1E-30	1E10	1E10	1E-30	1E10	1E10	1E-30	1E10	1E10	1E-30	1E10	1E10
71	4.07E-14	1E-30	1E-10	1E10	3.84E-9	0.025	1E10	1E-30	14200	1E10	1.48E-7	33	1E10	1.46E-7	400	1E-30	1E10	1E10	1E-30	1E10	1E10	1E-30	1E10	1E10	1E-30	1E10	1E10	1E-30	1E10	1E10	1E-30	1E10	1E10	1E-30	1E10	1E10	1E-30	1E10	1E10	1E-30	1E10	1E10	1E-30	1E10	1E10	1E-30	1E10	1E10
72	4.07E-14	1E-30	1E-10	1E10	3.84E-9	0.025	1E10	1E-30	14200	1E10	1.48E-7	33	1E10	1.46E-7	400	1E-30	1E10	1E10	1E-30	1E10	1E10	1E-30	1E10	1E10	1E-30	1E10	1E10	1E-30	1E10	1E10	1E-30	1E10	1E10	1E-30	1E10	1E10	1E-30	1E10	1E10	1E-30	1E10	1E10	1E-30	1E10	1E10	1E-30	1E10	1E10
73	5.13E-14	1E-30	1E-10	1E10	3.93E-9	0.025	1E10	1E-30	14200	1E10	1.2E-7	29.4	1E10	1.49E-7	449	1E-30	1E10	1E10	1E-30	1E10	1E10	1E-30	1E10	1E10	1E-30	1E10	1E10	1E-30	1E10	1E10	1E-30	1E10	1E10	1E-30	1E10	1E10	1E-30	1E10	1E10	1E-30	1E10	1E10	1E-30	1E10	1E10	1E-30	1E10	1E10
74	5.13E-14	1E-30	1E-10	1E10	3.93E-9	0.025	1E10	1E-30	14200	1E10	1.2E-7	29.4	1E10	1.49E-7	449	1E-30	1E10	1E10	1E-30	1E10	1E10	1E-30	1E10	1E10	1E-30	1E10	1E10	1E-30	1E10	1E10	1E-30	1E10	1E10	1E-30	1E10	1E10	1E-30	1E10	1E10	1E-30	1E10	1E10	1E-30	1E10	1E10	1E-30	1E10	1E10
75	5.13E-14	1E-30	1E-10	1E10	3.93E-9	0.025	1E10	1E-30	14200	1E10	1.2E-7	29.4	1E10	1.49E-7	449	1E-30	1E10	1E10	1E-30	1E10	1E10	1E-30	1E10	1E10	1E-30	1E10	1E10	1E-30	1E10	1E10	1E-30	1E10	1E10	1E-30	1E10	1E10	1E-30	1E10	1E10	1E-30	1E10	1E10	1E-30	1E10	1E10	1E-30	1E10	1E10
76	5.13E-14	1E-30	1E-10	1E10	3.93E-9	0.025	1E10	1E-30	14200	1E10	1.2E-7	29.4	1E10	1.49E-7	449	1E-30	1E10	1E10	1E-30	1E10	1E10	1E-30	1E10	1E10	1E-30	1E10	1E10	1E-30	1E10	1E10	1E-30	1E10	1E10	1E-30	1E10	1E10	1E-30	1E10	1E10	1E-30	1E10	1E10	1E-30	1E10	1E10	1E-30	1E10	1E10
77	3.31E-14	1E-30	1E-10	1E10	4.02E-9	0.036	1E10	1E-30	14200	1E10	1.09E-7	30.8	1E10	1.46E-7	382	1E-30	1E10	1E10	1E-30	1E10	1E10	1E-30	1E10	1E10	1E-30	1E10	1E10	1E-30	1E10	1E10	1E-30	1E10	1E10	1E-30	1E10	1E10	1E-30	1E10	1E10	1E-30	1E10	1E10	1E-30	1E10	1E10	1E-30	1E10	1E10
78	3.31E-14	1E-30	1E-10	1E10	4.02E-9	0.036	1E10	1E-30	14200	1E10	1.09E-7	30.8	1E10	1.46E-7	382	1E-30	1E10	1E10	1E-30	1E10	1E10	1E-30	1E10	1E10	1E-30	1E10	1E10	1E-30	1E10	1E10	1E-30	1E10	1E10	1E-30	1E10	1E10	1E-30	1E10	1E10	1E-30	1E10	1E10	1E-30	1E10	1E10	1E-30	1E10	1E10
79	3.31E-14	1E-30	1E-10	1E10	4.02E-9	0.036	1E10	1E-30	14200	1E10	1.09E-7	30.8	1E10	1.46E-7	382	1E-30	1E10	1E10	1E-30	1E10	1E10	1E-30	1E10	1E10	1E-30	1E10	1E10	1E-30	1E10	1E10	1E-30	1E10	1E10	1E-30	1E10	1E10	1E-30	1E10	1E10	1E-30	1E10	1E10	1E-30	1E10	1E10	1E-30	1E10	1E10
80	3.31E-14	1E-30	1E-10	1E10	4.02E-9	0.036	1E10	1E-30	14200	1E10	1.09E-7	30.8	1E10	1.46E-7	382	1E-30	1E10	1E10	1E-30	1E10	1E10	1E-30	1E10	1E10	1E-30	1E10	1E10	1E-30	1E10	1E10	1E-30	1E10	1E10	1E-30	1E10	1E10	1E-30	1E10	1E10	1E-30	1E10	1E10	1E-30	1E10	1E10	1E-30	1E10	1E10
81	3.55E-14	1E-30	1E-10	1E10	4.11E-9	0.036	1E10	1E-30	14200	1E10	1.17E-7	30.8	1E10	1.49E-7	382	1E-30	1E10	1E10	1E-30	1E10	1E10	1E-30	1E10	1E10	1E-30	1E10	1E10	1E-30	1E10	1E10	1E-30	1E10	1E10	1E-30	1E10	1E10	1E-30	1E10	1E10	1E-30	1E10	1E10	1E-30	1E10	1E10	1E-30	1E10	1E10
82	3.55E-14	1E-30	1E-10	1E10	4.11E-9	0.036	1E10	1E-30	14200	1E10	1.17E-7	30.8	1E10	1.49E-7	382	1E-30	1E10	1E10	1E-30	1E10	1E10	1E-30	1E10	1E10	1E-30	1E10	1E10	1E-30	1E10	1E10	1E-30	1E10	1E10	1E-30	1E10	1E10	1E-30	1E10	1E10	1E-30	1E10	1E10	1E-30	1E10	1E10	1E-30	1E10	1E10
83	3.55E-14	1E-30	1E-10	1E10	4.11E-9	0.036	1E10	1E-30	14200	1E10	1.17E-7	30.8	1E10	1.49E-7	382	1E-30	1E10	1E10	1E-30	1E10	1E10	1E-30	1E10	1E10	1E-30	1E10	1E10	1E-30	1E10	1E10	1E-30	1E10	1E10	1E-30	1E10	1E10	1E-30	1E10	1E10	1E-30	1E10	1E10	1E-30	1E10	1E10	1E-30	1E10	1E10
84	3.55E-14	1E-30	1E-10	1E10	4.11E-9	0.036	1E10	1E-30	14200	1E10	1.17E-7	30.8	1E10	1.49E-7	382	1E-30	1E10	1E10	1E-30	1E10	1E10	1E-30	1E10	1E10	1E-30	1E10	1E10	1E-30	1E10	1E10	1E-30	1E10	1E10	1E-30	1E10	1E10	1E-30	1E10	1E10	1E-30	1E10	1E10	1E-30	1E10	1E10	1E-30	1E10	1E10
85	3.39E-14	1E-30	1E-10	1E10	4.21E-9	0.036	1E10	1E-30	14200	1E10	1.17E-7	20.8	1E10	1.49E-7	391	1E-30	1E10	1E10	1E-30	1E10	1E10	1E-30	1E10	1E10	1E-30	1E10	1E10	1E-30	1E10	1E10	1E-30	1E10	1E10	1E-30	1E10	1E10	1E-30	1E10	1E10	1E-30	1E10	1E10	1E-30	1E10	1E10	1E-30	1E10	1E10
86	3.39E-14	1E-30	1E-10	1E10	4.21E-9	0.036	1E10	1E-30	14200	1E10	1.17E-7	20.8	1E10	1.49E-7	391	1E-30	1E10	1E10	1E-30	1E10	1E10	1E-30	1E10	1E10	1E-30	1E10	1E10	1E-30	1E10	1E10	1E-30	1E10	1E10	1E-30	1E10	1E10	1E-30	1E10	1E10	1E-30	1E10	1E10	1E-30	1E10	1E10	1E-30	1E10	1E10
87	3.39E-14	1E-30	1E-10	1E10	4.21E-9	0.036	1E10	1E-30	14200	1E10	1.17E-7	20.8	1E10	1.49E-7	391	1E-30	1E10	1E10	1E-30	1E10	1E10	1E-30	1E10	1E10	1E-30	1E10	1E10	1E-30	1E10	1E10	1E-30	1E10	1E10	1E-30	1E10	1E10	1E-30	1E10	1E10	1E-30	1E10	1E10	1E-30	1E10	1E10	1E-30	1E10	1E10
88	3.39E-14	1E-30	1E-10	1E10	4.21E-9	0.036	1E10	1E-30	14200	1E10	1.17E-7	20.8	1E10	1.49E-7	391	1E-30	1E10	1E10	1E-30	1E10	1E10	1E-30	1E10	1E10	1E-30	1E10	1E10	1E-30	1E10	1E10	1E-30	1E10	1E10	1E-30	1E10	1E10	1E-30	1E10	1E10	1E-30	1E10	1E10	1E-30	1E10	1E10	1E-30	1E10	1E10
89	3.72E-14	1E-30	1E-10	1E10	4.31E-9	0.043	1E10	1E-30	14200	1E10	1E-7	25	1E10	1.42E-7	400	1E-30	1E10	1E10	1E-30	1E10	1E10	1E-30	1E10	1E10	1E-30	1E10	1E10	1E-30	1E10	1E10	1E-30	1E10	1E10	1E-30	1E10	1E10	1E-30	1E10	1E10	1E-30	1E10	1E10	1E-30	1E10	1E10	1E-30	1E10	1E10
90	3.72E-14	1E-30	1E-10	1E10	4.31E-9	0.043	1E10	1E-30	14200	1E10	1E-7	25	1E10	1.42E-7	400	1E-30	1E10	1E10	1E-30	1E10	1E10	1E-30	1E10	1E10	1E-30	1E10	1E10	1E-30	1E10	1E10	1E-30	1E10	1E10	1E-30	1E10	1E10	1E-30	1E10	1E10	1E-30	1E10	1E10	1E-30	1E10	1E10	1E-30	1E10	1E10
91	3.72E-14	1E-30	1E-10	1E10	4.31E-9	0.043	1E10	1E-30	14200	1E10	1E-7	25	1E10	1.42E-7	400	1E-30	1E10	1E10	1E-30	1E10	1E10	1E-30	1E10	1E10	1E-30	1E10	1E10	1E-30	1E10	1E10	1E-30	1E10	1E10	1E-30	1E10	1E10	1E-30	1E10	1E10	1E-30	1E10	1E10	1E-30	1E10	1E10	1E-30	1E10	1E10
92	3.72E-14	1E-30	1E-10	1E10	4.31E-9	0.043	1E10	1E-30	14200	1E10	1E-7	25	1E10	1.42E-7	400	1E-30	1E10	1E10	1E-30	1E10	1E10	1E-30	1E10	1E10	1E-30	1E10	1E10	1E-30	1E10	1E10	1E-30	1E10	1E10	1E-30	1E10	1E10	1E-30	1E10	1E10	1E-30	1E10	1E10	1E-30	1E10	1E10	1E-30	1E10	1E10
93	3.64E-14	1E-30	1E-10	1E10	4.51E-9	0.05	1E10	1E-30	14200	1E10	9.8E-8	14.4	1E10	1.42E-7	391	1E-30	1E10	1E10	1E-30	1E10	1E10	1E-30	1E10	1E10	1E-30	1E10	1E10	1E-30	1E10	1E10	1E-30	1E10	1E10	1E-30	1E10	1E10	1E-30	1E10	1E10	1E-30	1E10	1E10	1E-30	1E10	1E10	1E-30	1E10	1E10
94	3.64E-14	1E-30	1E-10	1E10	4.51E-9	0.05	1E10	1E-30	14200	1E10	9.8E-8	14.4	1E10	1.42E-7	391	1E-30	1E10	1E10	1E-30	1E10	1E10	1E-30	1E10	1E10	1E-30	1E10	1E10	1E-30	1E10	1E10	1E-30	1E10	1E10	1E-30	1E10	1E10	1E-30	1E10	1E10	1E-30	1E10	1E10	1E-30	1E10	1E10	1E-30	1E10	1E10
95	3.64E-14	1E-30	1E-10	1E10	4.51E-9	0.05	1E10	1E-30	14200	1E10	9.8E-8	14.4	1E10	1.42E-7	391	1E-30	1E10	1E10	1E-30	1E10	1E10	1E-30	1E10	1E10	1E-30	1E10	1E10	1E-30	1E10	1E10	1E-30	1E10	1E10	1E-30	1E10	1E10	1E-30	1E10	1E10	1E-30	1E10	1E10	1E-30	1E10	1E10	1E-30	1E10	1E10
96	3.64E-14	1E-30	1E-10	1E10	4.51E-9	0.05	1E10	1E-30	14200	1E10	9.8E-8	14.4	1E10	1.42E-7	391	1E-30	1E10	1E10	1E-30	1E10	1E10	1E-30	1E10	1E10	1E-30	1E10	1E10	1E-30	1E10	1E10	1E-30	1E10	1E10	1E-30	1E10	1E10	1E-30	1E10	1E10	1E-30	1E10	1E10	1E-30	1E10	1E10	1E-30	1E10	1E10
97	2.76E-14	1E-30	1E-10	1E10	4.62E-9	0.05	1E10	1E-30	14200	1E10	7.61E-8	9.5	1E10	1.49E-7	409	1E-30	1E10	1E10	1E-30	1E10	1E10	1E-30	1E10	1E10	1E-30	1E10	1E10	1E-30	1E10	1E10	1E-30	1E10	1E10	1E-30	1E10	1E10	1E-30	1E10	1E10	1E-30	1E10	1E10	1E-30	1E10	1E10	1E-30	1E10	1E10
98	2.76E-14	1E-30	1E-10	1E10	4.62E-9	0.05	1E10	1E-30	14200	1E10	7.61E-8	9.5	1E10	1.49E-7	409	1E-30	1E10	1E10	1E-30	1E10	1E10	1E-30	1E10	1E10	1E-30	1E10	1E10	1E-30	1E10	1E10	1E-30	1E10	1E10	1E-30	1E10	1E10	1E-30	1E10	1E10	1E-30	1E10	1E10	1E-30	1E10	1E10	1E-30	1E10	1E10
99	2.76E-14	1E-30	1E-10	1E10	4.62E-9	0.05	1E10	1E-30	14200	1E10	7.61E-8	9.5	1E10	1.49E-7	409	1E-30	1E10	1E10	1E-30	1E10	1E10	1E-30	1E10	1E10	1E-30	1E10	1E10	1E-30	1E10	1E10	1E-30	1E10	1E10	1E-30	1E10	1E10	1E-30	1E10	1E10	1E-30	1E10	1E10	1E-30	1E10	1E10	1E-30	1E10	1E10
100	2.76E-14	1E-30	1E-10	1E10	4.62E-9	0.05	1E10	1E-30	14200	1E10	7.61E-8	9.5	1E10	1.49E-7	409	1E-30	1E10	1E10	1E-30	1E10	1E10	1E-30	1E10	1E10	1E-30	1E10	1E10	1E-30	1E10	1E10	1E-30	1E10	1E10	1E-30	1E10	1E10	1E-30	1E10	1E10	1E-30	1E10	1E10	1E-30	1E10	1E10	1E-30	1E10	1E10
101	4.08E-14	1E-30	1E-10	1E10	4.73E-9	0.059	1E10	1E-30	14200	1E10	5.91E-8	8.66	1E10	1.42E-7	382	1E-30	1E10	1E10	1E-30	1E10	1E10	1E-30	1E10	1E10	1E-30	1E10	1E10	1E-30	1E10	1E10	1E-30	1E10	1E10	1E-30	1E10	1E10	1E-30	1E10	1E10	1E-30	1E10	1E10	1E-30	1E10	1E10	1E-30	1E10	1E10
102	4.08E-14	1E-30	1E-10	1E10	4.73E-9	0.059	1E10	1E-30	14200	1E10	5.91E-8	8.66	1E10	1.42E-7	382	1E-30	1E10	1E10	1E-30	1E10	1E10	1E-30	1E10	1E10	1E-30	1E10	1E10	1E-30	1E10	1E10	1E-30	1E10	1E10	1E-30	1E10	1E10	1E-30	1E10	1E10	1E-30	1E10	1E10	1E-30	1E10	1E10	1E-30	1E10	1E10
103	4.08E-14	1E-30	1E-10	1E10	4.73E-9	0.059	1E10	1E-30	14200	1E10	5.91E-8	8.66	1E10	1.42E-7	382	1E-30	1E10	1E10	1E-30	1E10	1E10	1E-30	1E10	1E10	1E-30	1E10	1E10	1E-30	1E10	1E10	1E-30	1E10	1E10	1E-30	1E10	1E10	1E-30	1E10	1E10	1E-30	1E10	1E10	1E-30	1E10	1E10	1E-30	1E10	1E10
104	4.08E-14	1E-30	1E-10	1E10	4.73E-9	0.059	1E10	1E-30	14200	1E10	5.91E-8	8.66	1E10	1.42E-7	382	1E-30	1E10	1E10	1E-30	1E10	1E10	1E-30	1E10	1E10	1E-30	1E10	1E10	1E-30	1E10	1E10	1E-30	1E10	1E10	1E-30	1E10	1E10	1E-30	1E10	1E10	1E-30	1E10	1E10	1E-30	1E10	1E10	1E-30	1E10	1E10
105	3.99E-14	1E-30	1E-10	1E10	4.73E-9	0.059	1E10	1E-30	14200	1E10	6.48E-8	9.94	1E10	1.45E-7	409	1E-30	1E10	1E10	1E-30	1E10	1E10	1E-30	1E10	1E10	1E-30	1E10	1E10	1E-30	1E10	1E10	1E-30	1E10	1E10	1E-30	1E10	1E10	1E-30	1E10	1E10	1E-30	1E10	1E10	1E-30	1E10	1E10	1E-30	1E10	1E10
106	3.99E-14	1E-30	1E-10	1E10	4.73E-9	0.059	1E10	1E-30	14200	1E10	6.48E-8	9.94	1E10	1.45E-7	409	1E-30	1E10	1E10	1E-30	1E10	1E10	1E-30	1E10	1E10	1E-30	1E10	1E10	1E-30	1E10	1E10	1E-30	1E10	1E10	1E-30	1E10	1E10	1E-30	1E10	1E10	1E-30	1E10	1E10	1E-30	1E10	1E10	1E-30	1E10	1E10
107	3.99E-14	1E-30	1E-10	1E10	4.73E-9	0.059	1E10	1E-30	14200	1E10	6.48E-8	9.94	1E10	1.45E-7	409	1E-30	1E10	1E10	1E-30	1E10	1E10	1E-30	1E10	1E10	1E-30	1E10	1E10	1E-30	1E10	1E10	1E-30	1E10	1E10	1E-30	1E10	1E10	1E-30	1E10	1E10	1E-30	1E10	1E10	1E-30	1E10	1E10	1E-30	1E10	1E10
108	3.99E-14	1E-30	1E-10	1E10	4.73E-9	0.059	1E10	1E-30	14200	1E10	6.48E-8	9.94	1E10	1.45E-7	409	1E-30	1E10	1E10	1E-30	1E10	1E10	1E-30	1E10	1E10	1E-30	1E10	1E10	1E-30	1E10	1E10	1E-30	1E10	1E10	1E-30	1E10	1E10	1E-30	1E10	1E10	1E-30	1E10	1E10	1E-30	1E10	1E10	1E-30	1E10	1E10
109	4.69E-14	1E-30	1E-10	1E10	4.84E-9	0.059	1E10	1E-30	14200	1E10	6.33E-8	12.8	1E10	1.48E-7	428	1E-30	1E10	1E10	1E-30	1E10	1E10	1E-30	1E10	1E10	1E-30	1E10	1E10	1E-30	1E10	1E10	1E-30	1E10	1E10	1E-30	1E10	1E10	1E-30	1E10	1E10	1E-30	1E10	1E10	1E-30	1E10	1E10	1E-30	1E10	1E10
110	4.69E-14	1E-30	1E-10	1E10	4.84E-9	0.059	1E10	1E-30	14200	1E10	6.33E-8	12.8	1E10	1.48E-7	428	1E-30	1E10	1E10	1E-30	1E10	1E10	1E-30	1E10	1E10	1E-30	1E10	1E10	1E-30	1E10	1E10	1E-30	1E10	1E10	1E-30	1E10	1E10	1E-30	1E10	1E10	1E-30	1E10	1E10	1E-30	1E10	1E10	1E-30	1E10	1E10
111	4.69E-14	1E-30	1E-10	1E10	4.84E-9	0.059	1E10	1E-30	14200	1E10	6.33E-8	12.8	1E10	1.48E-7	428	1E-30	1E10	1E10	1E-30	1E10	1E10	1E-30	1E10	1E10	1E-30	1E10	1E10	1E-30	1E10	1E10	1E-30	1E10	1E10	1E-30	1E10	1E10	1E-30	1E10	1E10	1E-30	1E10	1E10	1E-30	1E10	1E10	1E-30	1E10	1E10
112	4.69E-14	1E-30	1E-10	1E10	4.84E-9	0.059	1E10	1E-30	14200	1E10	6.33E-8	12.8	1E10	1.48E-7	428	1E-30	1E10	1E10	1E-30	1E10	1E10	1E-30	1E10	1E10	1E-30	1E10	1E10	1E-30	1E10	1E10	1E-30	1E10	1E10	1E-30	1E10	1E10	1E-30	1E10	1E10	1E-30	1E10	1E10	1E-30	1E10	1E10	1E-30	1E10	1E10
113	2.46E-14	1E-30	1E-10	1E10	5.07E-9	0.033	1E10	1E-30	14200	1E10	8.54E-8	19.4	1E10	1.95E-7	539	1E-30	1E10	1E10	1E-30	1E10	1E10	1E-30	1E10	1E10	1E-30	1E10	1E10	1E-30	1E10	1E10	1E-30	1E10	1E10	1E-30	1E10	1E10	1E-30	1E10	1E10	1E-30	1E10	1E10	1E-30	1E10	1E10	1E-30	1E10	1E10
114	2.46E-14	1E-30	1E-10	1E10	5.07E-9	0.033	1E10	1E-30	14200	1E10	8.54E-8	19.4	1E10	1.95E-7	539	1E-30	1E10	1E10	1E-30	1E10	1E10	1E-30	1E10	1E10	1E-30	1E10	1E10	1E-30	1E10	1E10	1E-30	1E10	1E10	1E-30	1E10	1E10	1E-30	1E10	1E10	1E-30	1E10	1E10	1E-30	1E10	1E10	1E-30	1E10	1E10
115	2.46E-14	1E-30	1E-10	1E10	5.07E-9	0.033	1E10	1E-30	14200	1E10	8.54E-8	19.4	1E10	1.95E-7	539	1E-30	1E10	1E10	1E-30	1E10	1E10	1E-30	1E10	1E10	1E-30	1E10	1E10	1E-30	1E10	1E10	1E-30	1E10	1E10	1E-30	1E10	1E10	1E-30	1E10	1E10	1E-30	1E10	1E10	1E-30	1E10	1E10	1E-30	1E10	1E10
116	2.46E-14	1E-30	1E-10	1E10	5.07E-9	0.033	1E10	1E-30	14200	1E10	8.54E-8	19.4	1E10	1.95E-7	539	1E-30	1E10	1E10	1E-30	1E10	1E10	1E-30	1E10	1E10	1E-30	1E10	1E10	1E-30	1E10	1E10	1E-30	1E10	1E10	1E-30	1E10	1E10	1E-30	1E10	1E10	1E-30	1E10	1E10	1E-30	1E10	1E10	1E-30	1E10	1E10
117	2.82E-14	1E-30	1E-10	1E10	5.19E-9	0.033	1E10	1E-30	14200	1E10	9.15E-8	20.8	1E10	2.04E-7	564	1E-30	1E10	1E10	1E-30	1E10	1E10	1E-30	1E10	1E10	1E-30	1E10	1E10	1E-30	1E10	1E10	1E-30	1E10	1E10	1E-30	1E10	1E10	1E-30	1E10	1E10	1E-30	1E10	1E10	1E-30	1E10	1E10	1E-30	1E10	1E10
118	2.82E-14	1E-30	1E-10	1E10	5.19E-9	0.033	1E10	1E-30	14200	1E10	9.15E-8	20.8	1E10	2.04E-7	564	1E-30	1E10	1E10	1E-30	1E10	1E10	1E-30	1E10	1E10	1E-30	1E10	1E10	1E-30	1E10	1E10	1E-30	1E10	1E10	1E-30	1E10	1E10	1E-30	1E10	1E10	1E-30	1E10	1E10	1E-30	1E10	1E10	1E-30	1E10	1E10
119	2.82E-14	1E-30	1E-10	1E10	5.19E-9	0.033	1E10	1E-30	14200	1E10	9.15E-8	20.8	1E10	2.04E-7	564	1E-30	1E10	1E10	1E-30	1E10	1E10	1E-30	1E10	1E10	1E-30	1E10	1E10	1E-30	1E10	1E10	1E-30	1E10	1E10	1E-30	1E10	1E10	1E-30	1E10	1E10	1E-30	1E10	1E10	1E-30	1E10	1E10	1E-30	1E10	1E10
120	2.82E-14	1E-30	1E-10	1E10	5.19E-9	0.033	1E10	1E-30	14200	1E10	9.15E-8	20.8	1E10	2.04E-7	564	1E-30	1E10	1E10	1E-30	1E10	1E10	1E-30	1E10	1E10	1E-30	1E10	1E10	1E-30	1E10	1E10	1E-30	1E10	1E10	1E-30	1E10	1E10	1E-30	1E10	1E10	1E-30	1E10	1E10	1E-30	1E10	1E10	1E-30	1E10	1E10
121	4.08E-14	1E-30	1E-10	1E10	5.31E-9	0.033	1E10	1E-30	14200	1E10	8.94E-8	22.3	1E10	2.09E-7	564	1E-30	1E10	1E10	1E-30	1E10	1E10	1E-30	1E10	1E10	1E-30	1E10	1E10	1E-30	1E10	1E10	1E-30	1E10	1E10	1E-30	1E10	1E10	1E-30	1E10	1E10	1E-30	1E10	1E10	1E-30	1E10	1E10	1E-30	1E10	1E10
122	4.08E-14	1E-30	1E-10	1E10	5.31E-9	0.033	1E10	1E-30	14200	1E10	8.94E-8	22.3	1E10	2.09E-7	564	1E-30	1E10	1E10	1E-30	1E10	1E10	1E-30	1E10	1E10	1E-30	1E10	1E10	1E-30	1E10	1E10	1E-30	1E10	1E10	1E-30	1E10	1E10	1E-30	1E10	1E10	1E-30	1E10	1E10	1E-30	1E10	1E10	1E-30	1E10	1E10
123	4.08E-14	1E-30	1E-10	1E10	5.31E-9	0.033	1E10	1E-30	14200	1E10	8.94E-8	22.3	1E10	2.09E-7	564	1E-30	1E10	1E10	1E-30	1E10	1E10	1E-30	1E10	1E10	1E-30	1E10	1E10	1E-30	1E10	1E10	1E-30	1E10	1E10	1E-30	1E10	1E10	1E-30	1E10	1E10	1E-30	1E10	1E10	1E-30	1E10	1E10	1E-30	1E10	1E10
124	4.08E-14	1E-30	1E-10	1E10	5.31E-9	0.033	1E10	1E-30	14200	1E10	8.94E-8	22.3	1E10	2.09E-7	564	1E-30	1E10	1E10	1E-30	1E10	1E10	1E-30	1E10	1E10	1E-30	1E10	1E10	1E-30	1E10	1E10	1E-30	1E10	1E10	1E-30	1E10	1E10	1E-30	1E10	1E10	1E-30	1E10	1E10	1E-30	1E10	1E10	1E-30	1E10	1E10
125	4.69E-14	1E-30	1E-10	1E10	5.31E-9	0.033	1E10	1E-30	14200	1E10	9.15E-8	25	1E10	2.14E-7	618	1E-30	1E10	1E10	1E-30	1E10	1E10	1E-30	1E10	1E10	1E-30	1E10	1E10	1E-30	1E10	1E10	1E-30	1E10	1E10	1E-30	1E10	1E10	1E-30	1E10	1E10	1E-30	1E10	1E10	1E-30	1E10	1E10	1E-30	1E10	1E10
126	4.69E-14	1E-30	1E-10	1E10	5.31E-9	0.033	1E10	1E-30	14200	1E10	9.15E-8	25	1E10	2.14E-7	618	1E-30	1E10	1E10	1E-30	1E10	1E10	1E-30	1E10	1E10	1E-30	1E10	1E10	1E-30	1E10	1E10	1E-30	1E10	1E10	1E-30	1E10	1E10	1E-30	1E10	1E10	1E-30	1E10	1E10	1E-30	1E10	1E10	1E-30	1E10	1E10
127	4.69E-14	1E-30	1E-10	1E10	5.31E-9	0.033	1E10	1E-30	14200	1E10	9.15E-8	25	1E10	2.14E-7	618	1E-30	1E10	1E10	1E-30	1E10	1E10	1E-30	1E10	1E10	1E-30	1E10	1E10	1E-30	1E10	1E10	1E-30	1E10	1E10	1E-30	1E10	1E10	1E-30	1E10	1E10	1E-30	1E10	1E10	1E-30	1E10	1E10	1E-30	1E10	1E10
128	4.69E-14	1E-30	1E-10	1E10	5.31E-9	0.033	1E10	1E-30	14200	1E10	9.15E-8	25	1E10	2.14E-7	618	1E-30	1E10	1E10	1E-30	1E10	1E10	1E-30	1E10	1E10	1E-30	1E10	1E10	1E-30	1E10	1E10	1E-30	1E10	1E10	1E-30	1E10	1E10	1E-30	1E10	1E10	1E-30	1E10	1E10	1E-30	1E10	1E10	1E-30	1E10	1E10
129	4.91E-14	1E-30	1E-10	1E10	5.31E-9	0.033	1E10	1E-30	14200	1E10	8.74E-8	25	1E10	2.19E-7	618	1E-30	1E10	1E10	1E-30	1E10	1E10	1E-30	1E10	1E10	1E-30	1E10	1E10	1E-30	1E10	1E10	1E-30	1E10	1E10	1E-30	1E10	1E10	1E-30	1E10	1E10	1E-30	1E10	1E10	1E-30	1E10	1E10	1E-30	1E10	1E10
130	4.91E-14	1E-30	1E-10	1E10	5.31E-9	0.033	1E10	1E-30	14200	1E10	8.74E-8	25	1E10	2.19E-7	618	1E-30	1E10	1E10	1E-30	1E10	1E10	1E-30	1E10	1E10	1E-30	1E10	1E10	1E-30	1E10	1E10	1E-30	1E10	1E10	1E-30	1E10	1E10	1E-30	1E10	1E10	1E-30	1E10	1E10	1E-30	1E10	1E10	1E-30	1E10	1E10
131	4.91E-14	1E-30	1E-10	1E10	5.31E-9	0.033	1E10	1E-30	14200	1E10	8.74E-8	25	1E10	2.19E-7	618	1E-30	1E10	1E10	1E-30	1E10	1E10	1E-30	1E10	1E10	1E-30	1E10	1E10	1E-30	1E10	1E10	1E-30	1E10	1E10	1E-30	1E10	1E10	1E-30	1E10	1E10	1E-30	1E10	1E10	1E-30	1E10	1E10	1E-30	1E10	1E10
132	4.91E-14	1E-30	1E-10	1E10	5.31E-9	0.033	1E10	1E-30	14200	1E10	8.74E-8	25	1E10	2.19E-7	618	1E-30	1E10	1E10	1E-30	1E10	1E10	1E-30	1E10	1E10	1E-30	1E10	1E10	1E-30	1E10	1E10	1E-30	1E10	1E10	1E-30	1E10	1E10	1E-30	1E10	1E10	1E-30	1E10	1E10	1E-30	1E10	1E10	1E-30	1E10	1E10
133	4.38E-14	1E-30	1E-10	1E10	5.56E-9	0.033	1E10	1E-30	14200	1E10	1.45E-7	36.2	1E10	2.24E-7	632	1E-30	1E10	1E10	1E-30	1E10	1E10	1E-30	1E10	1E10	1E-30	1E10	1E10	1E-30	1E10	1E10	1E-30	1E10	1E10	1E-30	1E10	1E10	1E-30	1E10	1E10	1E-30	1E10	1E10	1E-30	1E10	1E10	1E-30	1E10	1E10
134	4.38E-14	1E-30	1E-10	1E10	5.56E-9	0.033	1E10	1E-30	14200	1E10	1.45E-7	36.2	1E10	2.24E-7	632	1E-30	1E10	1E10	1E-30	1E10	1E10	1E-30	1E10	1E10	1E-30	1E10	1E10	1E-30	1E10	1E10	1E-30	1E10	1E10	1E-30	1E10	1E10	1E-30	1E10	1E10	1E-30	1E10	1E10	1E-30	1E10	1E10	1E-30	1E10	1E10
135	4.38E-14	1E-30	1E-10	1E10	5.56E-9	0.033	1E10	1E-30	14200	1E10	1.45E-7	36.2	1E10	2.24E-7	632	1E-30	1E10	1E10	1E-30	1E10	1E10	1E-30	1E10	1E10	1E-30	1E10	1E10	1E-30	1E10	1E10	1E-30	1E10	1E10	1E-30	1E10	1E10	1E-30	1E10	1E10	1E-30	1E10	1E10	1E-30	1E10	1E10	1E-30	1E10	1E10
136	4.38E-14	1E-30	1E-10	1E10	5.56E-9	0.033	1E10	1E-30	14200	1E10	1.45E-7	36.2	1E10	2.24E-7	632	1E-30	1E10	1E10	1E-30	1E10	1E10	1E-30	1E10	1E10	1E-30	1E10	1E10	1E-30	1E10	1E10	1E-30	1E10	1E10	1E-30	1E10	1E10	1E-30	1E10	1E10	1E-30	1E10	1E10	1E-30	1E10	1E10	1E-30	1E10	1E10
137	4.69E-14	1E-30	1E-10	1E10	5.69E-9	0.033	1E10	1E-30	14200	1E10	6.65E-8	15.1	1E10	2.35E-7	662	1E-30	1E10	1E10	1E-30	1E10	1E10	1E-30	1E10	1E10	1E-30	1E10	1E10	1E-30	1E10	1E10	1E-30	1E10	1E10	1E-30	1E10	1E10	1E-30	1E10	1E10	1E-30	1E10	1E10	1E-30	1E10	1E10	1E-30	1E10	1E10
138	4.69E-14	1E-30	1E-10	1E10	5.69E-9	0.033	1E10	1E-30	14200	1E10	6.65E-8	15.1	1E10	2.35E-7	662	1E-30	1E10	1E10	1E-30	1E10	1E10	1E-30	1E10	1E10	1E-30	1E10	1E10	1E-30	1E10	1E10	1E-30	1E10	1E10	1E-30	1E10	1E10	1E-30	1E10	1E10	1E-30	1E10	1E10	1E-30	1E10	1E10	1E-30	1E10	1E10
139	4.69E-14	1E-30	1E-10	1E10	5.69E-9	0.033	1E10	1E-30	14200	1E10	6.65E-8	15.1	1E10	2.35E-7	662	1E-30	1E10	1E10	1E-30	1E10	1E10	1E-30	1E10	1E10	1E-30	1E10	1E10	1E-30	1E10	1E10	1E-30	1E10	1E10	1E-30	1E10	1E10	1E-30	1E10	1E10	1E-30	1E10	1E10	1E-30	1E10	1E10	1E-30	1E10	1E10
140	4.69E-14	1E-30	1E-10	1E10	5.69E-9	0.033	1E10	1E-30	14200	1E10	6.65E-8	15.1	1E10	2.35E-7	662	1E-30	1E10	1E10	1E-30	1E10	1E10	1E-30	1E10	1E10	1E-30	1E10	1E10	1E-30	1E10	1E10	1E-30	1E10	1E10	1E-30	1E10	1E10	1E-30	1E10	1E10	1E-30	1E10	1E10	1E-30	1E10	1E10	1E-30	1E10	1E10
141	4.38E-14	1E-30	1E-10	1E10	6.1E-9	0.033	1E10	1E-30	14200	1E10	6.35E-8	15.1	1E10	2.14E-7	662	1E-30	1E10	1E10	1E-30	1E10	1E10	1E-30	1E10	1E10	1E-30	1E10	1E10	1E-30	1E10	1E10	1E-30	1E10	1E10	1E-30	1E10	1E10	1E-30	1E10	1E10	1E-30	1E10	1E10	1E-30	1E10	1E10	1E-30	1E10	1E10
142	4.38E-14	1E-30	1E-10	1E10	6.1E-9	0.033	1E10	1E-30	14200	1E10	6.35E-8	15.1	1E10	2.14E-7	662	1E-30	1E10	1E10	1E-30	1E10	1E10	1E-30	1E10	1E10	1E-30	1E10	1E10	1E-30	1E10	1E10	1E-30	1E10	1E10	1E-30	1E10	1E10	1E-30	1E10	1E10	1E-30	1E10	1E10	1E-30	1E10	1E10	1E-30	1E10	1E10
143	4.38E-14	1E-30	1E-10	1E10	6.1E-9	0.033	1E10	1E-30	14200	1E10	6.35E-8	15.1	1E10	2.14E-7	662	1E-30	1E10	1E10	1E-30	1E10	1E10	1E-30	1E10	1E10	1E-30	1E10	1E10	1E-30	1E10	1E10	1E-30	1E10	1E10	1E-30	1E10	1E10	1E-30	1E10	1E10	1E-30	1E10	1E10	1E-30	1E10	1E10	1E-30	1E10	1E10
144	4.38E-14	1E-30	1E-10	1E10	6.1E-9	0.033	1E10	1E-30	14200	1E10	6.35E-8	15.1	1E10	2.14E-7	662	1E-30	1E10	1E10	1E-30	1E10	1E10	1E-30	1E10	1E10	1E-30	1E10	1E10	1E-30	1E10	1E10	1E-30	1E10	1E10	1E-30	1E10	1E10	1E-30	1E10	1E10	1E-30	1E10	1E10	1E-30	1E10	1E10	1E-30	1E10	1E10
145	4.92E-14	1E-30	1E-10	1E10	5.83E-9	0.033	1E10	1E-30	14200	1E10	5.79E-8	13.5	1E10	2.29E-7	632	1E-30	1E10	1E10	1E-30	1E10	1E10	1E-30	1E10	1E10	1E-30	1E10	1E10	1E-30	1E10	1E10	1E-30	1E10	1E10	1E-30	1E10	1E10	1E-30	1E10	1E10	1E-30	1E10	1E10	1E-30	1E10	1E10	1E-30	1E10	1E10
146	4.92E-14	1E-30	1E-10	1E10	5.83E-9	0.033	1E10	1E-30	14200	1E10	5.79E-8	13.5	1E10	2.29E-7	632	1E-30	1E10	1E10	1E-30	1E10	1E10	1E-30	1E10	1E10	1E-30	1E10	1E10	1E-30	1E10	1E10	1E-30	1E10	1E10	1E-30	1E10	1E10	1E-30	1E10	1E10	1E-30	1E10	1E10	1E-30	1E10	1E10	1E-30	1E10	1E10
147	4.92E-14	1E-30	1E-10	1E10	5.83E-9	0.033	1E10	1E-30	14200	1E10	5.79E-8	13.5	1E10	2.29E-7	632	1E-30	1E10	1E10	1E-30	1E10	1E10	1E-30	1E10	1E10	1E-30	1E10	1E10	1E-30	1E10	1E10	1E-30	1E10	1E10	1E-30	1E10	1E10	1E-30	1E10	1E10	1E-30	1E10	1E10	1E-30	1E10	1E10	1E-30	1E10	1E10
148	4.92E-14	1E-30	1E-10	1E10	5.83E-9	0.033	1E10	1E-30	14200	1E10	5.79E-8	13.5	1E10	2.29E-7	632	1E-30	1E10	1E10	1E-30	1E10	1E10	1E-30	1E10	1E10	1E-30	1E10	1E10	1E-30	1E10	1E10	1E-30	1E10	1E10	1E-30	1E10	1E10	1E-30	1E10	1E10	1E-30	1E10	1E10	1E-30	1E10	1E10	1E-30	1E10	1E10
149	4.81E-14	1E-30	1E-10	1E10	5.97E-9	0.033	1E10	1E-30	14200	1E10	8.71E-8	20.9	1E10	2.45E-7	709	1E-30	1E10	1E10	1E-30	1E10	1E10	1E-30	1E10	1E10	1E-30	1E10	1E10	1E-30	1E10	1E10	1E-30	1E10	1E10	1E-30	1E10	1E10	1E-30	1E10	1E10	1E-30	1E10	1E10	1E-30	1E10	1E10	1E-30	1E10	1E10
150	4.81E-14	1E-30	1E-10	1E10	5.97E-9	0.033	1E10	1E-30	14200	1E10	8.71E-8	20.9	1E10	2.45E-7	709	1E-30	1E10	1E10	1E-30	1E10	1E10	1E-30	1E10	1E10	1E-30	1E10	1E10	1E-30	1E10	1E10	1E-30	1E10	1E10	1E-30	1E10	1E10	1E-30	1E10	1E10	1E-30	1E10	1E10	1E-30	1E10	1E10	1E-30	1E10	1E10
151	4.81E-14	1E-30	1E-10	1E10	5.97E-9	0.033	1E10	1E-30	14200	1E10	8.71E-8	20.9	1E10	2.45E-7	709	1E-30	1E10	1E10	1E-30	1E10	1E10	1E-30	1E10	1E10	1E-30	1E10	1E10	1E-30	1E10	1E10	1E-30	1E10	1E10	1E-30	1E10	1E10	1E-30	1E10	1E10	1E-30	1E10	1E10	1E-30	1E10	1E10	1E-30	1E10	1E10
152	4.81E-14	1E-30	1E-10	1E10	5.97E-9	0.033	1E10	1E-30	14200	1E10	8.71E-8	20.9	1E10	2.45E-7	709	1E-30	1E10	1E10	1E-30	1E10	1E10	1E-30	1E10	1E10	1E-30	1E10	1E10	1E-30	1E10	1E10	1E-30	1E10	1E10	1E-30	1E10	1E10	1E-30	1E10	1E10	1E-30	1E10	1E10	1E-30	1E10	1E10	1E-30	1E10	1E10
153	4.39E-14	1E-30	1E-10	1E10	6.11E-9	0.046	1E10	1E-30	14200	1E10	1.14E-7	28.3	1E10	2.34E-7	662	1E-30	1E10	1E10	1E-30	1E10	1E10	1E-30	1E10	1E10	1E-30	1E10	1E10	1E-30	1E10	1E10	1E-30	1E10	1E10	1E-30	1E10	1E10	1E-30	1E10	1E10	1E-30	1E10	1E10	1E-30	1E10	1E10	1E-30	1E10	1E10
154	4.39E-14	1E-30	1E-10	1E10	6.11E-9	0.046	1E10	1E-30	14200	1E10	1.14E-7	28.3	1E10	2.34E-7	662	1E-30	1E10	1E10	1E-30	1E10	1E10	1E-30	1E10	1E10	1E-30	1E10	1E10	1E-30	1E10	1E10	1E-30	1E10	1E10	1E-30	1E10	1E10	1E-30	1E10	1E10	1E-30	1E10	1E10	1E-30	1E10	1E10	1E-30	1E10	1E10
155	4.39E-14	1E-30	1E-10	1E10	6.11E-9	0.046	1E10	1E-30	14200	1E10	1.14E-7	28.3	1E10	2.34E-7	662	1E-30	1E10	1E10	1E-30	1E10	1E10	1E-30	1E10	1E10	1E-30	1E10	1E10	1E-30	1E10	1E10	1E-30	1E10	1E10	1E-30	1E10	1E10	1E-30	1E10	1E10	1E-30	1E10	1E10	1E-30	1E10	1E10	1E-30	1E10	1E10
156	4.39E-14	1E-30	1E-10	1E10	6.11E-9	0.046	1E10	1E-30	14200	1E10	1.14E-7	28.3	1E10	2.34E-7	662	1E-30	1E10	1E10	1E-30	1E10	1E10	1E-30	1E10	1E10	1E-30	1E10	1E10	1E-30	1E10	1E10	1E-30	1E10	1E10	1E-30	1E10	1E10	1E-30	1E10	1E10	1E-30	1E10	1E10	1E-30	1E10	1E10	1E-30	1E10	1E10
157	4.39E-14	1E-30	1E-10	1E10	6.25E-9	0.046	1E10	1E-30	14200	1E10	8.66E-8	18.3	1E10	2.51E-7	693	1E-30	1E10	1E10	1E-30	1E10	1E10	1E-30	1E10	1E10	1E-30	1E10	1E10	1E-30	1E10	1E10	1E-30	1E10	1E10	1E-30	1E10	1E10	1E-30	1E10	1E10	1E-30	1E10	1E10	1E-30	1E10	1E10	1E-30	1E10	1E10
158	4.39E-14	1E-30	1E-10	1E10	6.25E-9	0.046	1E10	1E-30	14200	1E10	8.66E-8	18.3	1E10	2.51E-7	693	1E-30	1E10	1E10	1E-30	1E10	1E10	1E-30	1E10	1E10	1E-30	1E10	1E10	1E-30	1E10	1E10	1E-30	1E10	1E10	1E-30	1E10	1E10	1E-30	1E10	1E10	1E-30	1E10	1E10	1E-30	1E10	1E10	1E-30	1E10	1E10
159	4.39E-14	1E-30	1E-10	1E10	6.25E-9	0.046	1E10	1E-30	14200	1E10	8.66E-8	18.3	1E10	2.51E-7	693	1E-30	1E10	1E10	1E-30	1E10	1E10	1E-30	1E10	1E10	1E-30	1E10	1E10	1E-30	1E10	1E10	1E-30	1E10	1E10	1E-30	1E10	1E10	1E-30	1E10	1E10	1E-30	1E10	1E10	1E-30	1E10	1E10	1E-30	1E10	1E10
160	4.39E-14	1E-30	1E-10	1E10	6.25E-9	0.046	1E10	1E-30	14200	1E10	8.66E-8	18.3	1E10	2.51E-7	693	1E-30	1E10	1E10	1E-30	1E10	1E10	1E-30	1E10	1E10	1E-30	1E10	1E10	1E-30	1E10	1E10	1E-30	1E10	1E10	1E-30	1E10	1E10	1E-30	1E10	1E10	1E-30	1E10	1E10	1E-30	1E10	1E10	1E-30	1E10	1E10
161	4.29E-14	1E-30	1E-10	1E10	6.4E-9	0.046	1E10	1E-30	14200	1E10	6.42E-8	15.9	1E10	2.29E-7	647	1E-30	1E10	1E10	1E-30	1E10	1E10	1E-30	1E10	1E10	1E-30	1E10	1E10	1E-30	1E10	1E10	1E-30	1E10	1E10	1E-30	1E10	1E10	1E-30	1E10	1E10	1E-30	1E10	1E10	1E-30	1E10	1E10	1E-30	1E10	1E10
162	4.29E-14	1E-30	1E-10	1E10	6.4E-9	0.046	1E10	1E-30	14200	1E10	6.42E-8	15.9	1E10	2.29E-7	647	1E-30	1E10	1E10	1E-30	1E10	1E10	1E-30	1E10	1E10	1E-30	1E10	1E10	1E-30	1E10	1E10	1E-30	1E10	1E10	1E-30	1E10	1E10	1E-30	1E10	1E10	1E-30	1E10	1E10	1E-30	1E10	1E10	1E-30	1E10	1E10
163	4.29E-14	1E-30	1E-10	1E10	6.4E-9	0.046	1E10	1E-30	14200	1E10	6.42E-8	15.9	1E10	2.29E-7	647	1E-30	1E10	1E10	1E-30	1E10	1E10	1E-30	1E10	1E10	1E-30	1E10	1E10	1E-30	1E10	1E10	1E-30	1E10	1E10	1E-30	1E10	1E10	1E-30	1E10	1E10	1E-30	1E10	1E10	1E-30	1E10	1E10	1E-30	1E10	1E10
164	4.29E-14	1E-30	1E-10	1E10	6.4E-9	0.046	1E10	1E-30	14200	1E10	6.42E-8	15.9	1E10	2.29E-7	647	1E-30	1E10	1E10	1E-30	1E10	1E10	1E-30	1E10	1E10	1E-30	1E10	1E10	1E-30	1E10	1E10	1E-30	1E10	1E10	1E-30	1E10	1E10	1E-30	1E10	1E10	1E-30	1E10	1E10	1E-30	1E10	1E10	1E-30	1E10	1E10
165	4.6E-14	1E-30	1E-10	1E10	6.4E-9	0.047	1E10	1E-30	14200	1E10	7.37E-8	17.8	1E10	2.4E-7	678	1E-30	1E10	1E10	1E-30	1E10	1E10	1E-30	1E10	1E10	1E-30	1E10	1E10	1E-30	1E10	1E10	1E-30	1E10	1E10	1E-30	1E10	1E10	1E-30	1E10	1E10	1E-30	1E10	1E10	1E-30	1E10	1E10	1E-30	1E10	1E10
166	4.6E-14	1E-30	1E-10	1E10	6.4E-9	0.047	1E10	1E-30	14200	1E10	7.37E-8	17.8	1E10	2.4E-7	678	1E-30	1E10	1E10	1E-30	1E10	1E10	1E-30	1E10	1E10	1E-30	1E10	1E10	1E-30	1E10	1E10	1E-30	1E10	1E10	1E-30	1E10	1E10	1E-30	1E10	1E10	1E-30	1E10	1E10	1E-30	1E10	1E10	1E-30	1E10	1E10
167	4.29E-14	1E-30	1E-10	1E10	6.4E-9	0.054	1E10	1E-30	14200	1E10	1.21E-7	30.8	1E10	2.32E-7	645	1E-30	1E10	1E10	1E-30	1E10	1E10	1E-30	1E10	1E10	1E-30	1E10	1E10	1E-30	1E10	1E10	1E-30	1E10	1E10	1E-30	1E10	1E10	1E-30	1E10	1E10	1E-30	1E10	1E10	1E-30	1E10	1E10	1E-30	1E10	1E10
168	4.29E-14	1E-30	1E-10	1E10	6.4E-9	0.054	1E10	1E-30	14200	1E10	1.21E-7	30.8	1E10	2.32E-7	645	1E-30	1E10	1E10	1E-30	1E10	1E10	1E-30	1E10	1E10	1E-30	1E10	1E10	1E-30	1E10	1E10	1E-30	1E10	1E10	1E-30	1E10	1E10	1E-30	1E10	1E10	1E-30	1E10	1E10	1E-30	1E10	1E10	1E-30	1E10	1E10
169	4.49E-14	1E-30	1E-10	1E10	6.55E-9	0.054	1E10	1E-30	14200	1E10	1.16E-7	34.6	1E10	2.54E-7	741	1E-30	1E10	1E10	1E-30	1E10	1E10	1E-30	1E10	1E10	1E-30	1E10	1E10	1E-30	1E10	1E10	1E-30	1E10	1E10	1E-30	1E10	1E10	1E-30	1E10	1E10	1E-30	1E10	1E10	1E-30	1E10	1E10	1E-30	1E10	1E10
170	4.49E-14	1E-30	1E-10	1E10	6.55E-9	0.054	1E10	1E-30	14200	1E10	1.16E-7	34.6	1E10	2.54E-7	741	1E-30	1E10	1E10	1E-30	1E10	1E10	1E-30	1E10	1E10	1E-30	1E10	1E10	1E-30	1E10	1E10	1E-30	1E10	1E10	1E-30	1E10	1E10	1E-30	1E10	1E10	1E-30	1E10	1E10	1E-30	1E10	1E10	1E-30	1E10	1E10
171	3.82E-14	1E-30	1E-10	1E10	6.7E-9	0.065	1E10	1E-30	14200	1E10	1.39E-7	37.1	1E10	2.43E-7	631	1E-30	1E10	1E10	1E-30	1E10	1E10	1E-30	1E10	1E10	1E-30	1E10	1E10	1E-30	1E10	1E10	1E-30	1E10	1E10	1E-30	1E10	1E10	1E-30	1E10	1E10	1E-30	1E10	1E10	1E-30	1E10	1E10	1E-30	1E10	1E10
172	3.82E-14	1E-30	1E-10	1E10	6.7E-9	0.065	1E10	1E-30	14200	1E10	1.39E-7	37.1	1E10	2.43E-7	631	1E-30	1E10	1E10	1E-30	1E10	1E10	1E-30	1E10	1E10	1E-30	1E10	1E10	1E-30	1E10	1E10	1E-30	1E10	1E10	1E-30	1E10	1E10	1E-30	1E10	1E10	1E-30	1E10	1E10	1E-30	1E10	1E10	1E-30	1E10	1E10
173	4E-14	1E-30	1E-10	1E10	7.02E-9	0.065	1E10	1E-30	14200	1E10	7.81E-8	22.6	1E10	2.51E-7	651	1E-30	1E10	1E10	1E-30	1E10	1E10	1E-30	1E10	1E10	1E-30	1E10	1E10	1E-30	1E10	1E10	1E-30	1E10	1E10	1E-30	1E10	1E10	1E-30	1E10	1E10	1E-30	1E10	1E10	1E-30	1E10	1E10	1E-30	1E10	1E10
174	4E-14	1E-30	1E-10	1E10	7.02E-9	0.065	1E10	1E-30	14200	1E10	7.81E-8	22.6	1E10	2.51E-7	651	1E-30	1E10	1E10	1E-30	1E10	1E10	1E-30	1E10	1E10	1E-30	1E10	1E10	1E-30	1E10	1E10	1E-30	1E10	1E10	1E-30	1E10	1E10	1E-30	1E10	1E10	1E-30	1E10	1E10	1E-30	1E10	1E10	1E-30	1E10	1E10
175	4.19E-14	1E-30	1E-10	1E10	6.86E-9	0.056	1E10	1E-30	14200	1E10	1.03E-7	22.6	1E10	2.63E-7	820	1E-30	1E10	1E10	1E-30	1E10	1E10	1E-30	1E10	1E10	1E-30	1E10	1E10	1E-30	1E10	1E10	1E-30	1E10	1E10	1E-30	1E10	1E10	1E-30	1E10	1E10	1E-30	1E10	1E10	1E-30	1E10	1E10	1E-30	1E10	1E10
176	4.19E-14	1E-30	1E-10	1E10	6.86E-9	0.056	1E10	1E-30	14200	1E10	1.03E-7	22.6	1E10	2.63E-7	820	1E-30	1E10	1E10	1E-30	1E10	1E10	1E-30	1E10	1E10	1E-30	1E10	1E10	1E-30	1E10	1E10	1E-30	1E10	1E10	1E-30	1E10	1E10	1E-30	1E10	1E10	1E-30	1E10	1E10	1E-30	1E10	1E10	1E-30	1E10	1E10
177	1.52E-14	1E-30	1E-10	1E10	7.02E-9	0.057	1E10	1E-30	14200	1E10	8.93E-8	20.1	1E10	2.63E-7	765	1E-30	1E10	1E10	1E-30	1E10	1E10	1E-30	1E10	1E10	1E-30	1E10	1E10	1E-30	1E10	1E10	1E-30	1E10	1E10	1E-30	1E10	1E10	1E-30	1E10	1E10	1E-30	1E10	1E10	1E-30	1E10	1E10	1E-30	1E10	1E10
178	1.52E-14	1E-30	1E-10	1E10	7.02E-9	0.057	1E10	1E-30	14200	1E10	8.93E-8	20.1	1E10	2.63E-7	765	1E-30	1E10	1E10	1E-30	1E10	1E10	1E-30	1E10	1E10	1E-30	1E10	1E10	1E-30	1E10	1E10	1E-30	1E10	1E10	1E-30	1E10	1E10	1E-30	1E10	1E10	1E-30	1E10	1E10	1E-30	1E10	1E10	1E-30	1E10	1E10
179	3.41E-14	1E-30	1E-10	1E10	7.35E-9	0.057	1E10	1E-30	14200	1E10	8.52E-8	22.9	1E10	3.15E-7	997	1E-30	1E10	1E10	1E-30	1E10	1E10	1E-30	1E10	1E10	1E-30	1E10	1E10	1E-30	1E10	1E10	1E-30	1E10	1E10	1E-30	1E10	1E10	1E-30	1E10	1E10	1E-30	1E10	1E10	1E-30	1E10	1E10	1E-30	1E10	1E10
180	3.41E-14	1E-30	1E-10	1E10	7.35E-9	0.057	1E10	1E-30	14200	1E10	8.52E-8	22.9	1E10	3.15E-7	997	1E-30	1E10	1E10	1E-30	1E10	1E10	1E-30	1E10	1E10	1E-30	1E10	1E10	1E-30	1E10	1E10	1E-30	1E10	1E10	1E-30	1E10	1E10	1E-30	1E10	1E10	1E-30	1E10	1E10	1E-30	1E10	1E10	1E-30	1E10	1E10
181	1.42E-14	1E-30	1E-10	1E10	7.35E-9	0.057	1E10	1E-30	14200	1E10	7.59E-8	19.5	1E10	3.18E-7	961	1E-30	1E10	1E10	1E-30	1E10	1E10	1E-30	1E10	1E10	1E-30	1E10	1E10	1E-30	1E10	1E10	1E-30	1E10	1E10	1E-30	1E10	1E10	1E-30	1E10	1E10	1E-30	1E10	1E10	1E-30	1E10	1E10	1E-30	1E10	1E10
182	1.42E-14	1E-30	1E-10	1E10	7.35E-9	0.057	1E10	1E-30	14200	1E10	7.59E-8	19.5	1E10	3.18E-7	961	1E-30	1E10	1E10	1E-30	1E10	1E10	1E-30	1E10	1E10	1E-30	1E10	1E10	1E-30	1E10	1E10	1E-30	1E10	1E10	1E-30	1E10	1E10	1E-30	1E10	1E10	1E-30	1E10	1E10	1E-30	1E10	1E10	1E-30	1E10	1E10
183	4.18E-14	1E-30	1E-10	1E10	7.52E-9	0.041	1E10	1E-30	14200	1E10	8.72E-8	19.5	1E10	3.18E-7	961	1E-30	1E10	1E10	1E-30	1E10	1E10	1E-30	1E10	1E10	1E-30	1E10	1E10	1E-30	1E10	1E10	1E-30	1E10	1E10	1E-30	1E10	1E10	1E-30	1E10	1E10	1E-30	1E10	1E10	1E-30	1E10	1E10	1E-30	1E10	1E10
184	4.18E-14	1E-30	1E-10	1E10	7.52E-9	0.041	1E10	1E-30	14200	1E10	8.72E-8	19.5	1E10	3.18E-7	961	1E-30	1E10	1E10	1E-30	1E10	1E10	1E-30	1E10	1E10	1E-30	1E10	1E10	1E-30	1E10	1E10	1E-30	1E10	1E10	1E-30	1E10	1E10	1E-30	1E10	1E10	1E-30	1E10	1E10	1E-30	1E10	1E10	1E-30	1E10	1E10
185	3.64E-14	1E-30	1E-10	1E10	7.52E-9	0.041	1E10	1E-30	14200	1E10	9.34E-8	19.5	1E10	3.18E-7	961	1E-30	1E10	1E10	1E-30	1E10	1E10	1E-30	1E10	1E10	1E-30	1E10	1E10	1E-30	1E10	1E10	1E-30	1E10	1E10	1E-30	1E10	1E10	1E-30	1E10	1E10	1E-30	1E10	1E10	1E-30	1E10	1E10	1E-30	1E10	1E10
186	3.64E-14	1E-30	1E-10	1E10	7.52E-9	0.041	1E10	1E-30	14200	1E10	9.34E-8	19.5	1E10	3.18E-7	961	1E-30	1E10	1E10	1E-30	1E10	1E10	1E-30	1E10	1E10	1E-30	1E10	1E10	1E-30	1E10	1E10	1E-30	1E10	1E10	1E-30	1E10	1E10	1E-30	1E10	1E10	1E-30	1E10	1E10	1E-30	1E10	1E10	1E-30	1E10	1E10
187	3.99E-14	1E-30	1E-10	1E10	7.7E-9	0.041	1E10	1E-30	14200	1E10	8.52E-8	19.5	1E10	3.18E-7	961	1E-30	1E10	1E10	1E-30	1E10	1E10	1E-30	1E10	1E10	1E-30	1E10	1E10	1E-30	1E10	1E10	1E-30	1E10	1E10	1E-30	1E10	1E10	1E-30	1E10	1E10	1E-30	1E10	1E10	1E-30	1E10	1E10	1E-30	1E10	1E10
188	3.99E-14	1E-30	1E-10	1E10	7.7E-9	0.041	1E10	1E-30	14200	1E10	8.52E-8	19.5	1E10	3.18E-7	961	1E-30	1E10	1E10	1E-30	1E10	1E10	1E-30	1E10	1E10	1E-30	1E10	1E10	1E-30	1E10	1E10	1E-30	1E10	1E10	1E-30	1E10	1E10	1E-30	1E10	1E10	1E-30	1E10	1E10	1E-30	1E10	1E10	1E-30	1E10	1E10
189	5.26E-14	1E-30	1E-10	1E10	7.88E-9	0.041	1E10	1E-30	14200	1E10	9.34E-8	19.5	1E10	3.11E-7	961	1E-30	1E10	1E10	1E-30	1E10	1E10	1E-30	1E10	1E10	1E-30	1E10	1E10	1E-30	1E10	1E10	1E-30	1E10	1E10	1E-30	1E10	1E10	1E-30	1E10	1E10	1E-30	1E10	1E10	1E-30	1E10	1E10	1E-30	1E10	1E10
190	5.26E-14	1E-30	1E-10	1E10	7.88E-9	0.041	1E10	1E-30	14200	1E10	9.34E-8	19.5	1E10	3.11E-7	961	1E-30	1E10	1E10	1E-30	1E10	1E10	1E-30	1E10	1E10	1E-30	1E10	1E10	1E-30	1E10	1E10	1E-30	1E10	1E10	1E-30	1E10	1E10	1E-30	1E10	1E10	1E-30	1E10	1E10	1E-30	1E10	1E10	1E-30	1E10	1E10
191	3.81E-14	1E-30	1E-10	1E10	7.88E-9	0.041	1E10	1E-30	14200	1E10	1.12E-7	19.5	1E10	2.53E-7	606	1E-30	1E10	1E10	1E-30	1E10	1E10	1E-30	1E10	1E10	1E-30	1E10	1E10	1E-30	1E10	1E10	1E-30	1E10	1E10	1E-30	1E10	1E10	1E-30	1E10	1E10	1E-30	1E10	1E10	1E-30	1E10	1E10	1E-30	1E10	1E10
192	3.81E-14	1E-30	1E-10	1E10	7.88E-9	0.041	1E10	1E-30	14200	1E10	1.12E-7	19.5	1E10	2.53E-7	606	1E-30	1E10	1E10	1E-30	1E10	1E10	1E-30	1E10	1E10	1E-30	1E10	1E10	1E-30	1E10	1E10	1E-30	1E10	1E10	1E-30	1E10	1E10	1E-30	1E10	1E10	1E-30	1E10	1E10	1E-30	1E10	1E10	1E-30	1E10	1E10
193	4.91E-14	1E-30	1E-10	1E10	7.88E-9	0.041	1E10	1E-30	14200	1E10	9.1E-8	26.3	1E10	2.97E-7	746	1E-30	1E10	1E10	1E-30	1E10	1E10	1E-30	1E10	1E10	1E-30	1E10	1E10	1E-30	1E10	1E10	1E-30	1E10	1E10	1E-30	1E10	1E10	1E-30	1E10	1E10	1E-30	1E10	1E10	1E-30	1E10	1E10	1E-30	1E10	1E10
194	4.91E-14	1E-30	1E-10	1E10	7.88E-9	0.041	1E10	1E-30	14200	1E10	9.1E-8	26.3	1E10	2.97E-7	746	1E-30	1E10	1E10	1E-30	1E10	1E10	1E-30	1E10	1E10	1E-30	1E10	1E10	1E-30	1E10	1E10	1E-30	1E10	1E10	1E-30	1E10	1E10	1E-30	1E10	1E10	1E-30	1E10	1E10	1E-30	1E10	1E10	1E-30	1E10	1E10
195	4.91E-14	1E-30	1E-10	1E10	8.06E-9	0.041	1E10	1E-30	14200	1E10	1.23E-7	26.3	1E10	2.84E-7	746	2.87E-17	2.23E-6	7030	1E-30	1E10	1E10	1E-30	1E10	1E10	1E-30	1E10	1E10	1E-30	1E10	1E10	1E-30	1E10	1E10	1E-30	1E10	1E10	1E-30	1E10	1E10	1E-30	1E10	1E10	1E-30	1E10	1E10	1E-30	1E10	1E10
196	4.91E-14	1E-30	1E-10	1E10	8.06E-9	0.041	1E10	1E-30	14200	1E10	1.23E-7	26.3	1E10	2.84E-7	746	2.87E-17	2.23E-6	7030	1E-30	1E10	1E10	1E-30	1E10	1E10	1E-30	1E10	1E10	1E-30	1E10	1E10	1E-30	1E10	1E10	1E-30	1E10	1E10	1E-30	1E10	1E10	1E-30	1E10	1E10	1E-30	1E10	1E10	1E-30	1E10	1E10
197	4.58E-14	1E-30	1E-10	1E10	8.06E-9	0.041	1E10	1E-30	14200	1E10	1.12E-7	26.3	1E10	2.97E-7	746	2.87E-17	2.23E-6	7030	1E-30	1E10	1E10	1E-30	1E10	1E10	1E-30	1E10	1E10	1E-30	1E10	1E10	1E-30	1E10	1E10	1E-30	1E10	1E10	1E-30	1E10	1E10	1E-30	1E10	1E10	1E-30	1E10	1E10	1E-30	1E10	1E10
198	4.58E-14	1E-30	1E-10	1E10	8.06E-9	0.041	1E10	1E-30	14200	1E10	1.12E-7	26.3	1E10	2.97E-7	746	2.87E-17	2.23E-6	7030	1E-30	1E10	1E10	1E-30	1E10	1E10	1E-30	1E10	1E10	1E-30	1E10	1E10	1E-30	1E10	1E10	1E-30	1E10	1E10	1E-30	1E10	1E10	1E-30	1E10	1E10	1E-30	1E10	1E10	1E-30	1E10	1E10
199	5.02E-14	1E-30	1E-10	1E10	8.25E-9	0.041	1E10	1E-30	14200	1E10	1.02E-7	26.3	1E10	3.33E-7	1030	2.87E-17	2.23E-6	7030	1E-30	1E10	1E10	1E-30	1E10	1E10	1E-30	1E10	1E10	1E-30	1E10	1E10	1E-30	1E10	1E10	1E-30	1E10	1E10	1E-30	1E10	1E10	1E-30	1E10	1E10	1E-30	1E10	1E10	1E-30	1E10	1E10
200	5.02E-14	1E-30	1E-10	1E10	8.25E-9	0.041	1E10	1E-30	14200	1E10	1.02E-7	26.3	1E10	3.33E-7	1030	2.87E-17	2.23E-6	7030	1E-30	1E10	1E10	1E-30	1E10	1E10	1E-30	1E10	1E10	1E-30	1E10	1E10	1E-30	1E10	1E10	1E-30	1E10	1E10	1E-30	1E10	1E10	1E-30	1E10	1E10	1E-30	1E10	1E10	1E-30	1E10	1E10
201	4.47E-14	1E-30	1E-10	1E10	8.44E-9	0.057	1E10	1E-30	14200	1E10	1.09E-7	30.2	1E10	3.33E-7	1030	2.87E-17	2.23E-6	7030	1E-30	1E10	1E10	1E-30	1E10	1E10	1E-30	1E10	1E10	1E-30	1E10	1E10	1E-30	1E10	1E10	1E-30	1E10	1E10	1E-30	1E10	1E10	1E-30	1E10	1E10	1E-30	1E10	1E10	1E-30	1E10	1E10
202	4.47E-14	1E-30	1E-10	1E10	8.44E-9	0.057	1E10	1E-30	14200	1E10	1.09E-7	30.2	1E10	3.33E-7	1030	2.87E-17	2.23E-6	7030	1E-30	1E10	1E10	1E-30	1E10	1E10	1E-30	1E10	1E10	1E-30	1E10	1E10	1E-30	1E10	1E10	1E-30	1E10	1E10	1E-30	1E10	1E10	1E-30	1E10	1E10	1E-30	1E10	1E10	1E-30	1E10	1E10
203	4.57E-14	1E-30	1E-10	1E10	8.64E-9	0.057	1E10	1E-30	14200	1E10	1.25E-7	34.7	1E10	3.49E-7	1030	2.87E-17	2.23E-6	7030	1E-30	1E10	1E10	1E-30	1E10	1E10	1E-30	1E10	1E10	1E-30	1E10	1E10	1E-30	1E10	1E10	1E-30	1E10	1E10	1E-30	1E10	1E10	1E-30	1E10	1E10	1E-30	1E10	1E10	1E-30	1E10	1E10
204	4.57E-14	1E-30	1E-10	1E10	8.64E-9	0.057	1E10	1E-30	14200	1E10	1.25E-7	34.7	1E10	3.49E-7	1030	2.87E-17	2.23E-6	7030	1E-30	1E10	1E10	1E-30	1E10	1E10	1E-30	1E10	1E10	1E-30	1E10	1E10	1E-30	1E10	1E10	1E-30	1E10	1E10	1E-30	1E10	1E10	1E-30	1E10	1E10	1E-30	1E10	1E10	1E-30	1E10	1E10
205	4.57E-14	1E-30	1E-10	1E10	8.44E-9	0.057	1E10	1E-30	14200	1E10	1.09E-7	34.7	1E10	3.33E-7	1030	2.87E-17	2.23E-6	7030	1E-30	1E10	1E10	1E-30	1E10	1E10	1E-30	1E10	1E10	1E-30	1E10	1E10	1E-30	1E10	1E10	1E-30	1E10	1E10	1E-30	1E10	1E10	1E-30	1E10	1E10	1E-30	1E10	1E10	1E-30	1E10	1E10
206	4.57E-14	1E-30	1E-10	1E10	8.44E-9	0.057	1E10	1E-30	14200	1E10	1.09E-7	34.7	1E10	3.33E-7	1030	2.87E-17	2.23E-6	7030	1E-30	1E10	1E10	1E-30	1E10	1E10	1E-30	1E10	1E10	1E-30	1E10	1E10	1E-30	1E10	1E10	1E-30	1E10	1E10	1E-30	1E10	1E10	1E-30	1E10	1E10	1E-30	1E10	1E10	1E-30	1E10	1E10
207	4.68E-14	1E-30	1E-10	1E10	8.64E-9	0.057	1E10	1E-30	14200	1E10	1.14E-7	34.7	1E10	3.41E-7	1030	2.94E-17	2.23E-6	7030	1E-30	1E10	1E10	1E-30	1E10	1E10	1E-30	1E10	1E10	1E-30	1E10	1E10	1E-30	1E10	1E10	1E-30	1E10	1E10	1E-30	1E10	1E10	1E-30	1E10	1E10	1E-30	1E10	1E10	1E-30	1E10	1E10
208	4.68E-14	1E-30	1E-10	1E10	8.64E-9	0.057	1E10	1E-30	14200	1E10	1.14E-7	34.7	1E10	3.41E-7	1030	2.94E-17	2.23E-6	7030	1E-30	1E10	1E10	1E-30	1E10	1E10	1E-30	1E10	1E10	1E-30	1E10	1E10	1E-30	1E10	1E10	1E-30	1E10	1E10	1E-30	1E10	1E10	1E-30	1E10	1E10	1E-30	1E10	1E10	1E-30	1E10	1E10
209	4.37E-14	1E-30	1E-10	1E10	8.84E-9	0.057	1E10	1E-30	14200	1E10	1.19E-7	34.7	1E10	3.41E-7	1030	2.94E-17	2.23E-6	7030	1E-30	1E10	1E10	1E-30	1E10	1E10	1E-30	1E10	1E10	1E-30	1E10	1E10	1E-30	1E10	1E10	1E-30	1E10	1E10	1E-30	1E10	1E10	1E-30	1E10	1E10	1E-30	1E10	1E10	1E-30	1E10	1E10
210	4.37E-14	1E-30	1E-10	1E10	8.84E-9	0.057	1E10	1E-30	14200	1E10	1.19E-7	34.7	1E10	3.41E-7	1030	2.94E-17	2.23E-6	7030	1E-30	1E10	1E10	1E-30	1E10	1E10	1E-30	1E10	1E10	1E-30	1E10	1E10	1E-30	1E10	1E10	1E-30	1E10	1E10	1E-30	1E10	1E10	1E-30	1E10	1E10	1E-30	1E10	1E10	1E-30	1E10	1E10
211	4.08E-14	1E-30	1E-10	1E10	9.05E-9	0.058	1E10	1E-30	14200	1E10	1.28E-7	34.7	1E10	3.65E-7	1030	2.94E-17	2.23E-6	7030	1E-30	1E10	1E10	1E-30	1E10	1E10	1E-30	1E10	1E10	1E-30	1E10	1E10	1E-30	1E10	1E10	1E-30	1E10	1E10	1E-30	1E10	1E10	1E-30	1E10	1E10	1E-30	1E10	1E10	1E-30	1E10	1E10
212	4.08E-14	1E-30	1E-10	1E10	9.05E-9	0.058	1E10	1E-30	14200	1E10	1.28E-7	34.7	1E10	3.65E-7	1030	2.94E-17	2.23E-6	7030	1E-30	1E10	1E10	1E-30	1E10	1E10	1E-30	1E10	1E10	1E-30	1E10	1E10	1E-30	1E10	1E10	1E-30	1E10	1E10	1E-30	1E10	1E10	1E-30	1E10	1E10	1E-30	1E10	1E10	1E-30	1E10	1E10
213	4.58E-14	1E-30	1E-10	1E10	9.26E-9	0.058	1E10	1E-30	14200	1E10	1.19E-7	34.7	1E10	3.65E-7	1030	2.94E-17	2.23E-6	7030	1E-30	1E10	1E10	1E-30	1E10	1E10	1E-30	1E10	1E10	1E-30	1E10	1E10	1E-30	1E10	1E10	1E-30	1E10	1E10	1E-30	1E10	1E10	1E-30	1E10	1E10	1E-30	1E10	1E10	1E-30	1E10	1E10
214	4.58E-14	1E-30	1E-10	1E10	9.26E-9	0.058	1E10	1E-30	14200	1E10	1.19E-7	34.7	1E10	3.65E-7	1030	2.94E-17	2.23E-6	7030	1E-30	1E10	1E10	1E-30	1E10	1E10	1E-30	1E10	1E10	1E-30	1E10	1E10	1E-30	1E10	1E10	1E-30	1E10	1E10	1E-30	1E10	1E10	1E-30	1E10	1E10	1E-30	1E10	1E10	1E-30	1E10	1E10
215	4.58E-14	1E-30	1E-10	1E10	9.26E-9	0.058	1E10	1E-30	14200	1E10	1.25E-7	32.4	1E10	3.65E-7	1030	2.94E-17	2.23E-6	7030	1E-30	1E10	1E10	1E-30	1E10	1E10	1E-30	1E10	1E10	1E-30	1E10	1E10	1E-30	1E10	1E10	1E-30	1E10	1E10	1E-30	1E10	1E10	1E-30	1E10	1E10	1E-30	1E10	1E10	1E-30	1E10	1E10
216	4.58E-14	1E-30	1E-10	1E10	9.26E-9	0.058	1E10	1E-30	14200	1E10	1.25E-7	32.4	1E10	3.65E-7	1030	2.94E-17	2.23E-6	7030	1E-30	1E10	1E10	1E-30	1E10	1E10	1E-30	1E10	1E10	1E-30	1E10	1E10	1E-30	1E10	1E10	1E-30	1E10	1E10	1E-30	1E10	1E10	1E-30	1E10	1E10	1E-30	1E10	1E10	1E-30	1E10	1E10
217	4.69E-14	1E-30	1E-10	1E10	9.26E-9	0.058	1E10	1E-30	14200	1E10	1.17E-7	32.4	1E10	3.65E-7	1030	2.94E-17	2.23E-6	7030	1E-30	1E10	1E10	1E-30	1E10	1E10	1E-30	1E10	1E10	1E-30	1E10	1E10	1E-30	1E10	1E10	1E-30	1E10	1E10	1E-30	1E10	1E10	1E-30	1E10	1E10	1E-30	1E10	1E10	1E-30	1E10	1E10
218	4.69E-14	1E-30	1E-10	1E10	9.26E-9	0.058	1E10	1E-30	14200	1E10	1.17E-7	32.4	1E10	3.65E-7	1030	2.94E-17	2.23E-6	7030	1E-30	1E10	1E10	1E-30	1E10	1E10	1E-30	1E10	1E10	1E-30	1E10	1E10	1E-30	1E10	1E10	1E-30	1E10	1E10	1E-30	1E10	1E10	1E-30	1E10	1E10	1E-30	1E10	1E10	1E-30	1E10	1E10
219	5.26E-14	1E-30	1E-10	1E10	9.48E-9	0.058	1E10	1E-30	14200	1E10	1.2E-7	32.4	1E10	3.57E-7	984	2.94E-17	2.23E-6	7030	1E-30	1E10	1E10	1E-30	1E10	1E10	1E-30	1E10	1E10	1E-30	1E10	1E10	1E-30	1E10	1E10	1E-30	1E10	1E10	1E-30	1E10	1E10	1E-30	1E10	1E10	1E-30	1E10	1E10	1E-30	1E10	1E10
220	5.26E-14	1E-30	1E-10	1E10	9.48E-9	0.058	1E10	1E-30	14200	1E10	1.2E-7	32.4	1E10	3.57E-7	984	2.94E-17	2.23E-6	7030	1E-30	1E10	1E10	1E-30	1E10	1E10	1E-30	1E10	1E10	1E-30	1E10	1E10	1E-30	1E10	1E10	1E-30	1E10	1E10	1E-30	1E10	1E10	1E-30	1E10	1E10	1E-30	1E10	1E10	1E-30	1E10	1E10
221	5.02E-14	1E-30	1E-10	1E10	9.48E-9	0.066	1E10	1E-30	14200	1E10	1.2E-7	32.4	1E10	3.41E-7	984	2.94E-17	2.23E-6	7030	1E-30	1E10	1E10	1E-30	1E10	1E10	1E-30	1E10	1E10	1E-30	1E10	1E10	1E-30	1E10	1E10	1E-30	1E10	1E10	1E-30	1E10	1E10	1E-30	1E10	1E10	1E-30	1E10	1E10	1E-30	1E10	1E10
222	5.02E-14	1E-30	1E-10	1E10	9.48E-9	0.066	1E10	1E-30	14200	1E10	1.2E-7	32.4	1E10	3.41E-7	984	2.94E-17	2.23E-6	7030	1E-30	1E10	1E10	1E-30	1E10	1E10	1E-30	1E10	1E10	1E-30	1E10	1E10	1E-30	1E10	1E10	1E-30	1E10	1E10	1E-30	1E10	1E10	1E-30	1E10	1E10	1E-30	1E10	1E10	1E-30	1E10	1E10
223	2.76E-14	1E-30	1E-10	1E10	9.48E-9	0.066	1E10	1E-30	14200	1E10	1.2E-7	32.4	1E10	3.57E-7	984	3.79E-17	2.23E-6	7030	1E-30	1E10	1E10	1E-30	1E10	1E10	1E-30	1E10	1E10	1E-30	1E10	1E10	1E-30	1E10	1E10	1E-30	1E10	1E10	1E-30	1E10	1E10	1E-30	1E10	1E10	1E-30	1E10	1E10	1E-30	1E10	1E10
224	2.76E-14	1E-30	1E-10	1E10	9.48E-9	0.066	1E10	1E-30	14200	1E10	1.2E-7	32.4	1E10	3.57E-7	984	3.79E-17	2.23E-6	7030	1E-30	1E10	1E10	1E-30	1E10	1E10	1E-30	1E10	1E10	1E-30	1E10	1E10	1E-30	1E10	1E10	1E-30	1E10	1E10	1E-30	1E10	1E10	1E-30	1E10	1E10	1E-30	1E10	1E10	1E-30	1E10	1E10
225	2.96E-14	1E-30	1E-10	1E10	9.7E-9	0.067	1E10	1E-30	14200	1E10	1.15E-7	30.2	1E10	3.65E-7	1030	3.88E-17	2.23E-6	7030	1E-30	1E10	1E10	1E-30	1E10	1E10	1E-30	1E10	1E10	1E-30	1E10	1E10	1E-30	1E10	1E10	1E-30	1E10	1E10	1E-30	1E10	1E10	1E-30	1E10	1E10	1E-30	1E10	1E10	1E-30	1E10	1E10
226	2.96E-14	1E-30	1E-10	1E10	9.7E-9	0.067	1E10	1E-30	14200	1E10	1.15E-7	30.2	1E10	3.65E-7	1030	3.88E-17	2.23E-6	7030	1E-30	1E10	1E10	1E-30	1E10	1E10	1E-30	1E10	1E10	1E-30	1E10	1E10	1E-30	1E10	1E10	1E-30	1E10	1E10	1E-30	1E10	1E10	1E-30	1E10	1E10	1E-30	1E10	1E10	1E-30	1E10	1E10
227	2.83E-14	1E-30	1E-10	1E10	9.93E-9	0.067	1E10	1E-30	14200	1E10	1.15E-7	30.2	1E10	4E-7	1030	4.16E-17	2.23E-6	7030	1E-30	1E10	1E10	1E-30	1E10	1E10	1E-30	1E10	1E10	1E-30	1E10	1E10	1E-30	1E10	1E10	1E-30	1E10	1E10	1E-30	1E10	1E10	1E-30	1E10	1E10	1E-30	1E10	1E10	1E-30	1E10	1E10
228	2.83E-14	1E-30	1E-10	1E10	9.93E-9	0.067	1E10	1E-30	14200	1E10	1.15E-7	30.2	1E10	4E-7	1030	4.16E-17	2.23E-6	7030	1E-30	1E10	1E10	1E-30	1E10	1E10	1E-30	1E10	1E10	1E-30	1E10	1E10	1E-30	1E10	1E10	1E-30	1E10	1E10	1E-30	1E10	1E10	1E-30	1E10	1E10	1E-30	1E10	1E10	1E-30	1E10	1E10
229	2.9E-14	1E-30	1E-10	1E10	9.93E-9	0.067	1E10	1E-30	14200	1E10	1.29E-7	30.9	1E10	4E-7	1030	4.26E-17	2.23E-6	7030	1E-30	1E10	1E10	1E-30	1E10	1E10	1E-30	1E10	1E10	1E-30	1E10	1E10	1E-30	1E10	1E10	1E-30	1E10	1E10	1E-30	1E10	1E10	1E-30	1E10	1E10	1E-30	1E10	1E10	1E-30	1E10	1E10
230	2.9E-14	1E-30	1E-10	1E10	9.93E-9	0.067	1E10	1E-30	14200	1E10	1.29E-7	30.9	1E10	4E-7	1030	4.26E-17	2.23E-6	7030	1E-30	1E10	1E10	1E-30	1E10	1E10	1E-30	1E10	1E10	1E-30	1E10	1E10	1E-30	1E10	1E10	1E-30	1E10	1E10	1E-30	1E10	1E10	1E-30	1E10	1E10	1E-30	1E10	1E10	1E-30	1E10	1E10
231	2.77E-14	1E-30	1E-10	1E10	1.02E-8	0.067	1E10	1E-30	14200	1E10	1.18E-7	30.9	1E10	4E-7	1030	4.26E-17	2.23E-6	7030	1E-30	1E10	1E10	1E-30	1E10	1E10	1E-30	1E10	1E10	1E-30	1E10	1E10	1E-30	1E10	1E10	1E-30	1E10	1E10	1E-30	1E10	1E10	1E-30	1E10	1E10	1E-30	1E10	1E10	1E-30	1E10	1E10
232	2.77E-14	1E-30	1E-10	1E10	1.02E-8	0.067	1E10	1E-30	14200	1E10	1.18E-7	30.9	1E10	4E-7	1030	4.26E-17	2.23E-6	7030	1E-30	1E10	1E10	1E-30	1E10	1E10	1E-30	1E10	1E10	1E-30	1E10	1E10	1E-30	1E10	1E10	1E-30	1E10	1E10	1E-30	1E10	1E10	1E-30	1E10	1E10	1E-30	1E10	1E10	1E-30	1E10	1E10
233	3.04E-14	1E-30	1E-10	1E10	1.02E-8	0.067	1E10	1E-30	14200	1E10	1.18E-7	28.2	1E10	4E-7	1100	4.26E-17	2.23E-6	7030	1E-30	1E10	1E10	1E-30	1E10	1E10	1E-30	1E10	1E10	1E-30	1E10	1E10	1E-30	1E10	1E10	1E-30	1E10	1E10	1E-30	1E10	1E10	1E-30	1E10	1E10	1E-30	1E10	1E10	1E-30	1E10	1E10
234	3.04E-14	1E-30	1E-10	1E10	1.02E-8	0.067	1E10	1E-30	14200	1E10	1.18E-7	28.2	1E10	4E-7	1100	4.26E-17	2.23E-6	7030	1E-30	1E10	1E10	1E-30	1E10	1E10	1E-30	1E10	1E10	1E-30	1E10	1E10	1E-30	1E10	1E10	1E-30	1E10	1E10	1E-30	1E10	1E10	1E-30	1E10	1E10	1E-30	1E10	1E10	1E-30	1E10	1E10
235	2.97E-14	1E-30	1E-10	1E10	1.02E-8	0.067	1E10	1E-30	14200	1E10	1.15E-7	28.2	1E10	4.09E-7	1100	4.26E-17	2.23E-6	7030	1E-30	1E10	1E10	1E-30	1E10	1E10	1E-30	1E10	1E10	1E-30	1E10	1E10	1E-30	1E10	1E10	1E-30	1E10	1E10	1E-30	1E10	1E10	1E-30	1E10	1E10	1E-30	1E10	1E10	1E-30	1E10	1E10
236	2.97E-14	1E-30	1E-10	1E10	1.02E-8	0.067	1E10	1E-30	14200	1E10	1.15E-7	28.2	1E10	4.09E-7	1100	4.26E-17	2.23E-6	7030	1E-30	1E10	1E10	1E-30	1E10	1E10	1E-30	1E10	1E10	1E-30	1E10	1E10	1E-30	1E10	1E10	1E-30	1E10	1E10	1E-30	1E10	1E10	1E-30	1E10	1E10	1E-30	1E10	1E10	1E-30	1E10	1E10
237	2.9E-14	1E-30	1E-10	1E10	1.04E-8	0.067	1E10	1E-30	14200	1E10	1.1E-7	28.2	1E10	4.09E-7	1100	5.01E-17	2.23E-6	7030	1E-30	1E10	1E10	1E-30	1E10	1E10	1E-30	1E10	1E10	1E-30	1E10	1E10	1E-30	1E10	1E10	1E-30	1E10	1E10	1E-30	1E10	1E10	1E-30	1E10	1E10	1E-30	1E10	1E10	1E-30	1E10	1E10
238	2.9E-14	1E-30	1E-10	1E10	1.04E-8	0.067	1E10	1E-30	14200	1E10	1.1E-7	28.2	1E10	4.09E-7	1100	5.01E-17	2.23E-6	7030	1E-30	1E10	1E10	1E-30	1E10	1E10	1E-30	1E10	1E10	1E-30	1E10	1E10	1E-30	1E10	1E10	1E-30	1E10	1E10	1E-30	1E10	1E10	1E-30	1E10	1E10	1E-30	1E10	1E10	1E-30	1E10	1E10
239	4E-14	1E-30	1E-10	1E10	1.06E-8	0.067	1E10	1E-30	14200	1E10	1.13E-7	28.2	1E10	4.19E-7	1100	3.89E-17	2.23E-6	7030	1E-30	1E10	1E10	1E-30	1E10	1E10	1E-30	1E10	1E10	1E-30	1E10	1E10	1E-30	1E10	1E10	1E-30	1E10	1E10	1E-30	1E10	1E10	1E-30	1E10	1E10	1E-30	1E10	1E10	1E-30	1E10	1E10
240	4E-14	1E-30	1E-10	1E10	1.06E-8	0.067	1E10	1E-30	14200	1E10	1.13E-7	28.2	1E10	4.19E-7	1100	3.89E-17	2.23E-6	7030	1E-30	1E10	1E10	1E-30	1E10	1E10	1E-30	1E10	1E10	1E-30	1E10	1E10	1E-30	1E10	1E10	1E-30	1E10	1E10	1E-30	1E10	1E10	1E-30	1E10	1E10	1E-30	1E10	1E10	1E-30	1E10	1E10
241	3.73E-14	1E-30	1E-10	1E10	1.19E-8	0.069	1E10	1E-30	14200	1E10	1.21E-7	28.2	1E10	4.7E-7	1150	4.57E-17	2.23E-6	7030	1E-30	1E10	1E10	1E-30	1E10	1E10	1E-30	1E10	1E10	1E-30	1E10	1E10	1E-30	1E10	1E10	1E-30	1E10	1E10	1E-30	1E10	1E10	1E-30	1E10	1E10	1E-30	1E10	1E10	1E-30	1E10	1E10
242	3.73E-14	1E-30	1E-10	1E10	1.19E-8	0.069	1E10	1E-30	14200	1E10	1.21E-7	28.2	1E10	4.7E-7	1150	4.57E-17	2.23E-6	7030	1E-30	1E10	1E10	1E-30	1E10	1E10	1E-30	1E10	1E10	1E-30	1E10	1E10	1E-30	1E10	1E10	1E-30	1E10	1E10	1E-30	1E10	1E10	1E-30	1E10	1E10	1E-30	1E10	1E10	1E-30	1E10	1E10
243	3.4E-14	1E-30	1E-10	1E10	1.28E-8	0.077	1E10	1E-30	14200	1E10	1.3E-7	28.2	1E10	4.7E-7	1120	5.49E-17	2.23E-6	7030	1E-30	1E10	1E10	1E-30	1E10	1E10	1E-30	1E10	1E10	1E-30	1E10	1E10	1E-30	1E10	1E10	1E-30	1E10	1E10	1E-30	1E10	1E10	1E-30	1E10	1E10	1E-30	1E10	1E10	1E-30	1E10	1E10
244	3.4E-14	1E-30	1E-10	1E10	1.28E-8	0.077	1E10	1E-30	14200	1E10	1.3E-7	28.2	1E10	4.7E-7	1120	5.49E-17	2.23E-6	7030	1E-30	1E10	1E10	1E-30	1E10	1E10	1E-30	1E10	1E10	1E-30	1E10	1E10	1E-30	1E10	1E10	1E-30	1E10	1E10	1E-30	1E10	1E10	1E-30	1E10	1E10	1E-30	1E10	1E10	1E-30	1E10	1E10
245	3.64E-14	1E-30	1E-10	1E10	1.37E-8	0.077	1E10	1E-30	14200	1E10	1.53E-7	33.9	1E10	5.04E-7	1120	5.49E-17	2.23E-6	7030	1E-30	1E10	1E10	1E-30	1E10	1E10	1E-30	1E10	1E10	1E-30	1E10	1E10	1E-30	1E10	1E10	1E-30	1E10	1E10	1E-30	1E10	1E10	1E-30	1E10	1E10	1E-30	1E10	1E10	1E-30	1E10	1E10
246	3.64E-14	1E-30	1E-10	1E10	1.37E-8	0.077	1E10	1E-30	14200	1E10	1.53E-7	33.9	1E10	5.04E-7	1120	5.49E-17	2.23E-6	7030	1E-30	1E10	1E10	1E-30	1E10	1E10	1E-30	1E10	1E10	1E-30	1E10	1E10	1E-30	1E10	1E10	1E-30	1E10	1E10	1E-30	1E10	1E10	1E-30	1E10	1E10	1E-30	1E10	1E10	1E-30	1E10	1E10
247	3.56E-14	1E-30	1E-10	1E10	1.5E-8	0.092	1E10	1E-30	14200	1E10	1.53E-7	37.2	1E10	6.2E-7	1700	6.45E-17	2.28E-6	7030	1E-30	1E10	1E10	1E-30	1E10	1E10	1E-30	1E10	1E10	1E-30	1E10	1E10	1E-30	1E10	1E10	1E-30	1E10	1E10	1E-30	1E10	1E10	1E-30	1E10	1E10	1E-30	1E10	1E10	1E-30	1E10	1E10
248	3.56E-14	1E-30	1E-10	1E10	1.5E-8	0.092	1E10	1E-30	14200	1E10	1.53E-7	37.2	1E10	6.2E-7	1700	6.45E-17	2.28E-6	7030	1E-30	1E10	1E10	1E-30	1E10	1E10	1E-30	1E10	1E10	1E-30	1E10	1E10	1E-30	1E10	1E10	1E-30	1E10	1E10	1E-30	1E10	1E10	1E-30	1E10	1E10	1E-30	1E10	1E10	1E-30	1E10	1E10
249	3.9E-14	1E-30	1E-10	1E10	1.61E-8	0.095	1E10	1E-30	14200	1E10	1.72E-7	42.7	1E10	6.8E-7	1700	6.6E-17	2.28E-6	7030	1E-30	1E10	1E10	1E-30	1E10	1E10	1E-30	1E10	1E10	1E-30	1E10	1E10	1E-30	1E10	1E10	1E-30	1E10	1E10	1E-30	1E10	1E10	1E-30	1E10	1E10	1E-30	1E10	1E10	1E-30	1E10	1E10
250	3.9E-14	1E-30	1E-10	1E10	1.61E-8	0.095	1E10	1E-30	14200	1E10	1.72E-7	42.7	1E10	6.8E-7	1700	6.6E-17	2.28E-6	7030	1E-30	1E10	1E10	1E-30	1E10	1E10	1E-30	1E10	1E10	1E-30	1E10	1E10	1E-30	1E10	1E10	1E-30	1E10	1E10	1E-30	1E10	1E10	1E-30	1E10	1E10	1E-30	1E10	1E10	1E-30	1E10	1E10
251	3.24E-14	1E-30	1E-10	1E10	1.69E-8	0.105	1E10	1E-30	14200	1E10	2.02E-7	55	1E10	6.8E-7	1550	7.24E-17	2.28E-6	7030	1E-30	1E10	1E10	1E-30	1E10	1E10	1E-30	1E10	1E10	1E-30	1E10	1E10	1E-30	1E10	1E10	1E-30	1E10	1E10	1E-30	1E10	1E10	1E-30	1E10	1E10	1E-30	1E10	1E10	1E-30	1E10	1E10
252	3.24E-14	1E-30	1E-10	1E10	1.69E-8	0.105	1E10	1E-30	14200	1E10	2.02E-7	55	1E10	6.8E-7	1550	7.24E-17	2.28E-6	7030	1E-30	1E10	1E10	1E-30	1E10	1E10	1E-30	1E10	1E10	1E-30	1E10	1E10	1E-30	1E10	1E10	1E-30	1E10	1E10	1E-30	1E10	1E10	1E-30	1E10	1E10	1E-30	1E10	1E10	1E-30	1E10	1E10
253	3.17E-14	1E-30	1E-10	1E10	1.81E-8	0.105	1E10	1E-30	14200	1E10	2.02E-7	55	1E10	7.99E-7	2040	8.12E-17	2.28E-6	7030	1E-30	1E10	1E10	1E-30	1E10	1E10	1E-30	1E10	1E10	1E-30	1E10	1E10	1E-30	1E10	1E10	1E-30	1E10	1E10	1E-30	1E10	1E10	1E-30	1E10	1E10	1E-30	1E10	1E10	1E-30	1E10	1E10
254	3.17E-14	1E-30	1E-10	1E10	1.81E-8	0.105	1E10	1E-30	14200	1E10	2.02E-7	55	1E10	7.99E-7	2040	8.12E-17	2.28E-6	7030	1E-30	1E10	1E10	1E-30	1E10	1E10	1E-30	1E10	1E10	1E-30	1E10	1E10	1E-30	1E10	1E10	1E-30	1E10	1E10	1E-30	1E10	1E10	1E-30	1E10	1E10	1E-30	1E10	1E10	1E-30	1E10	1E10
255	3.56E-14	1E-30	1E-10	1E10	1.94E-8	0.108	1E10	1E-30	14200	1E10	2.12E-7	50.2	1E10	7.99E-7	2040	8.7E-17	2.28E-6	7030	1E-30	1E10	1E10	1E-30	1E10	1E10	1E-30	1E10	1E10	1E-30	1E10	1E10	1E-30	1E10	1E10	1E-30	1E10	1E10	1E-30	1E10	1E10	1E-30	1E10	1E10	1E-30	1E10	1E10	1E-30	1E10	1E10
256	3.56E-14	1E-30	1E-10	1E10	1.94E-8	0.108	1E10	1E-30	14200	1E10	2.12E-7	50.2	1E10	7.99E-7	2040	8.7E-17	2.28E-6	7030	1E-30	1E10	1E10	1E-30	1E10	1E10	1E-30	1E10	1E10	1E-30	1E10	1E10	1E-30	1E10	1E10	1E-30	1E10	1E10	1E-30	1E10	1E10	1E-30	1E10	1E10	1E-30	1E10	1E10	1E-30	1E10	1E10
257	3.64E-14	1E-30	1E-10	1E10	2.03E-8	0.108	1E10	1E-30	14200	1E10	2.02E-7	50.2	1E10	7.99E-7	1700	8.7E-17	2.28E-6	7030	1E-30	1E10	1E10	1E-30	1E10	1E10	1E-30	1E10	1E10	1E-30	1E10	1E10	1E-30	1E10	1E10	1E-30	1E10	1E10	1E-30	1E10	1E10	1E-30	1E10	1E10	1E-30	1E10	1E10	1E-30	1E10	1E10
258	3.64E-14	1E-30	1E-10	1E10	2.03E-8	0.108	1E10	1E-30	14200	1E10	2.02E-7	50.2	1E10	7.99E-7	1700	8.7E-17	2.28E-6	7030	1E-30	1E10	1E10	1E-30	1E10	1E10	1E-30	1E10	1E10	1E-30	1E10	1E10	1E-30	1E10	1E10	1E-30	1E10	1E10	1E-30	1E10	1E10	1E-30	1E10	1E10	1E-30	1E10	1E10	1E-30	1E10	1E10
259	3.64E-14	1E-30	1E-10	1E10	2.13E-8	0.155	1E10	1E-30	14200	1E10	2.49E-7	61.8	1E10	8.18E-7	1700	8.7E-17	2.28E-6	7030	1E-30	1E10	1E10	1E-30	1E10	1E10	1E-30	1E10	1E10	1E-30	1E10	1E10	1E-30	1E10	1E10	1E-30	1E10	1E10	1E-30	1E10	1E10	1E-30	1E10	1E10	1E-30	1E10	1E10	1E-30	1E10	1E10
260	3.64E-14	1E-30	1E-10	1E10	2.13E-8	0.155	1E10	1E-30	14200	1E10	2.49E-7	61.8	1E10	8.18E-7	1700	8.7E-17	2.28E-6	7030	1E-30	1E10	1E10	1E-30	1E10	1E10	1E-30	1E10	1E10	1E-30	1E10	1E10	1E-30	1E10	1E10	1E-30	1E10	1E10	1E-30	1E10	1E10	1E-30	1E10	1E10	1E-30	1E10	1E10	1E-30	1E10	1E10
261	2.96E-14	1E-30	1E-10	1E10	2.23E-8	0.168	1E10	1E-30	14200	1E10	2.61E-7	61.8	1E10	8.18E-7	1620	8.7E-17	2.28E-6	7030	1E-30	1E10	1E10	1E-30	1E10	1E10	1E-30	1E10	1E10	1E-30	1E10	1E10	1E-30	1E10	1E10	1E-30	1E10	1E10	1E-30	1E10	1E10	1E-30	1E10	1E10	1E-30	1E10	1E10	1E-30	1E10	1E10
262	2.96E-14	1E-30	1E-10	1E10	2.23E-8	0.168	1E10	1E-30	14200	1E10	2.61E-7	61.8	1E10	8.18E-7	1620	8.7E-17	2.28E-6	7030	1E-30	1E10	1E10	1E-30	1E10	1E10	1E-30	1E10	1E10	1E-30	1E10	1E10	1E-30	1E10	1E10	1E-30	1E10	1E10	1E-30	1E10	1E10	1E-30	1E10	1E10	1E-30	1E10	1E10	1E-30	1E10	1E10
263	2.96E-14	1E-30	1E-10	1E10	2.34E-8	0.168	1E10	1E-30	14200	1E10	2.8E-7	61.8	1E10	8.18E-7	1620	9.54E-17	2.28E-6	7030	1E-30	1E10	1E10	1E-30	1E10	1E10	1E-30	1E10	1E10	1E-30	1E10	1E10	1E-30	1E10	1E10	1E-30	1E10	1E10	1E-30	1E10	1E10	1E-30	1E10	1E10	1E-30	1E10	1E10	1E-30	1E10	1E10
264	2.96E-14	1E-30	1E-10	1E10	2.34E-8	0.168	1E10	1E-30	14200	1E10	2.8E-7	61.8	1E10	8.18E-7	1620	9.54E-17	2.28E-6	7030	1E-30	1E10	1E10	1E-30	1E10	1E10	1E-30	1E10	1E10	1E-30	1E10	1E10	1E-30	1E10	1E10	1E-30	1E10	1E10	1E-30	1E10	1E10	1E-30	1E10	1E10	1E-30	1E10	1E10	1E-30	1E10	1E10
265	3.32E-14	1E-30	1E-10	1E10	2.45E-8	0.167	1E10	1E-30	14200	1E10	2.8E-7	61.8	1E10	8.57E-7	1620	1.12E-16	2.28E-6	7030	1E-30	1E10	1E10	1E-30	1E10	1E10	1E-30	1E10	1E10	1E-30	1E10	1E10	1E-30	1E10	1E10	1E-30	1E10	1E10	1E-30	1E10	1E10	1E-30	1E10	1E10	1E-30	1E10	1E10	1E-30	1E10	1E10
266	3.32E-14	1E-30	1E-10	1E10	2.45E-8	0.167	1E10	1E-30	14200	1E10	2.8E-7	61.8	1E10	8.57E-7	1620	1.12E-16	2.28E-6	7030	1E-30	1E10	1E10	1E-30	1E10	1E10	1E-30	1E10	1E10	1E-30	1E10	1E10	1E-30	1E10	1E10	1E-30	1E10	1E10	1E-30	1E10	1E10	1E-30	1E10	1E10	1E-30	1E10	1E10	1E-30	1E10	1E10
267	3.32E-14	1E-30	1E-10	1E10	2.63E-8	0.176	1E10	1E-30	14200	1E10	2.8E-7	61.8	1E10	8.97E-7	1620	1.2E-16	2.28E-6	7030	1E-30	1E10	1E10	1E-30	1E10	1E10	1E-30	1E10	1E10	1E-30	1E10	1E10	1E-30	1E10	1E10	1E-30	1E10	1E10	1E-30	1E10	1E10	1E-30	1E10	1E10	1E-30	1E10	1E10	1E-30	1E10	1E10
268	3.32E-14	1E-30	1E-10	1E10	2.63E-8	0.176	1E10	1E-30	14200	1E10	2.8E-7	61.8	1E10	8.97E-7	1620	1.2E-16	2.28E-6	7030	1E-30	1E10	1E10	1E-30	1E10	1E10	1E-30	1E10	1E10	1E-30	1E10	1E10	1E-30	1E10	1E10	1E-30	1E10	1E10	1E-30	1E10	1E10	1E-30	1E10	1E10	1E-30	1E10	1E10	1E-30	1E10	1E10
269	2.89E-14	1E-30	1E-10	1E10	2.69E-8	0.184	1E10	1E-30	14200	1E10	3.07E-7	61.8	1E10	9.18E-7	1620	1.2E-16	2.28E-6	7030	1E-30	1E10	1E10	1E-30	1E10	1E10	1E-30	1E10	1E10	1E-30	1E10	1E10	1E-30	1E10	1E10	1E-30	1E10	1E10	1E-30	1E10	1E10	1E-30	1E10	1E10	1E-30	1E10	1E10	1E-30	1E10	1E10
270	2.89E-14	1E-30	1E-10	1E10	2.69E-8	0.184	1E10	1E-30	14200	1E10	3.07E-7	61.8	1E10	9.18E-7	1620	1.2E-16	2.28E-6	7030	1E-30	1E10	1E10	1E-30	1E10	1E10	1E-30	1E10	1E10	1E-30	1E10	1E10	1E-30	1E10	1E10	1E-30	1E10	1E10	1E-30	1E10	1E10	1E-30	1E10	1E10	1E-30	1E10	1E10	1E-30	1E10	1E10
271	2.96E-14	1E-30	1E-10	1E10	2.75E-8	0.235	1E10	1E-30	14200	1E10	3.69E-7	81.5	1E10	9.39E-7	1620	1.2E-16	2.28E-6	7030	1E-30	1E10	1E10	1E-30	1E10	1E10	1E-30	1E10	1E10	1E-30	1E10	1E10	1E-30	1E10	1E10	1E-30	1E10	1E10	1E-30	1E10	1E10	1E-30	1E10	1E10	1E-30	1E10	1E10	1E-30	1E10	1E10
272	2.96E-14	1E-30	1E-10	1E10	2.75E-8	0.235	1E10	1E-30	14200	1E10	3.69E-7	81.5	1E10	9.39E-7	1620	1.2E-16	2.28E-6	7030	1E-30	1E10	1E10	1E-30	1E10	1E10	1E-30	1E10	1E10	1E-30	1E10	1E10	1E-30	1E10	1E10	1E-30	1E10	1E10	1E-30	1E10	1E10	1E-30	1E10	1E10	1E-30	1E10	1E10	1E-30	1E10	1E10
273	3.03E-14	1E-30	1E-10	1E10	2.95E-8	0.24	1E10	1E-30	14200	1E10	3.52E-7	81.5	1E10	9.83E-7	1620	1.2E-16	2.28E-6	7030	1E-30	1E10	1E10	1E-30	1E10	1E10	1E-30	1E10	1E10	1E-30	1E10	1E10	1E-30	1E10	1E10	1E-30	1E10	1E10	1E-30	1E10	1E10	1E-30	1E10	1E10	1E-30	1E10	1E10	1E-30	1E10	1E10
274	3.03E-14	1E-30	1E-10	1E10	2.95E-8	0.24	1E10	1E-30	14200	1E10	3.52E-7	81.5	1E10	9.83E-7	1620	1.2E-16	2.28E-6	7030	1E-30	1E10	1E10	1E-30	1E10	1E10	1E-30	1E10	1E10	1E-30	1E10	1E10	1E-30	1E10	1E10	1E-30	1E10	1E10	1E-30	1E10	1E10	1E-30	1E10	1E10	1E-30	1E10	1E10	1E-30	1E10	1E10
275	2.64E-14	1E-30	1E-10	1E10	3.16E-8	0.257	1E10	1E-30	14200	1E10	4.14E-7	81.5	1E10	1.03E-6	1620	1.2E-16	2.28E-6	7030	1E-30	1E10	1E10	1E-30	1E10	1E10	1E-30	1E10	1E10	1E-30	1E10	1E10	1E-30	1E10	1E10	1E-30	1E10	1E10	1E-30	1E10	1E10	1E-30	1E10	1E10	1E-30	1E10	1E10	1E-30	1E10	1E10
276	2.64E-14	1E-30	1E-10	1E10	3.16E-8	0.257	1E10	1E-30	14200	1E10	4.14E-7	81.5	1E10	1.03E-6	1620	1.2E-16	2.28E-6	7030	1E-30	1E10	1E10	1E-30	1E10	1E10	1E-30	1E10	1E10	1E-30	1E10	1E10	1E-30	1E10	1E10	1E-30	1E10	1E10	1E-30	1E10	1E10	1E-30	1E10	1E10	1E-30	1E10	1E10	1E-30	1E10	1E10
277	2.83E-14	1E-30	1E-10	1E10	3.55E-8	0.28	1E10	1E-30	14200	1E10	5.33E-7	115	1E10	1.18E-6	1620	1.7E-16	2.28E-6	7030	7.41E-17	2.02E-6	6320	1E-30	1E10	1E10	1E-30	1E10	1E10	1E-30	1E10	1E10	1E-30	1E10	1E10	1E-30	1E10	1E10	1E-30	1E10	1E10	1E-30	1E10	1E10	1E-30	1E10	1E10	1E-30	1E10	1E10
278	2.83E-14	1E-30	1E-10	1E10	3.55E-8	0.28	1E10	1E-30	14200	1E10	5.33E-7	115	1E10	1.18E-6	1620	1.7E-16	2.28E-6	7030	7.41E-17	2.02E-6	6320	1E-30	1E10	1E10	1E-30	1E10	1E10	1E-30	1E10	1E10	1E-30	1E10	1E10	1E-30	1E10	1E10	1E-30	1E10	1E10	1E-30	1E10	1E10	1E-30	1E10	1E10	1E-30	1E10	1E10
279	2.64E-14	1E-30	1E-10	1E10	3.89E-8	0.359	1E10	1E-30	14200	1E10	6.26E-7	115	1E10	1.21E-6	1620	1.7E-16	2.28E-6	7030	6.16E-17	2.02E-6	6320	1E-30	1E10	1E10	1E-30	1E10	1E10	1E-30	1E10	1E10	1E-30	1E10	1E10	1E-30	1E10	1E10	1E-30	1E10	1E10	1E-30	1E10	1E10	1E-30	1E10	1E10	1E-30	1E10	1E10
280	2.64E-14	1E-30	1E-10	1E10	3.89E-8	0.359	1E10	1E-30	14200	1E10	6.26E-7	115	1E10	1.21E-6	1620	1.7E-16	2.28E-6	7030	6.16E-17	2.02E-6	6320	1E-30	1E10	1E10	1E-30	1E10	1E10	1E-30	1E10	1E10	1E-30	1E10	1E10	1E-30	1E10	1E10	1E-30	1E10	1E10	1E-30	1E10	1E10	1E-30	1E10	1E10	1E-30	1E10	1E10
281	2.64E-14	1E-30	1E-10	1E10	4.07E-8	0.38	1E10	1E-30	14200	1E10	6.56E-7	115	1E10	1.3E-6	1620	2.04E-16	2.28E-6	7030	7.75E-17	2.02E-6	6320	1E-30	1E10	1E10	1E-30	1E10	1E10	1E-30	1E10	1E10	1E-30	1E10	1E10	1E-30	1E10	1E10	1E-30	1E10	1E10	1E-30	1E10	1E10	1E-30	1E10	1E10	1E-30	1E10	1E10
282	2.64E-14	1E-30	1E-10	1E10	4.07E-8	0.38	1E10	1E-30	14200	1E10	6.56E-7	115	1E10	1.3E-6	1620	2.04E-16	2.28E-6	7030	7.75E-17	2.02E-6	6320	1E-30	1E10	1E10	1E-30	1E10	1E10	1E-30	1E10	1E10	1E-30	1E10	1E10	1E-30	1E10	1E10	1E-30	1E10	1E10	1E-30	1E10	1E10	1E-30	1E10	1E10	1E-30	1E10	1E10
283	2.64E-14	1E-30	1E-10	1E10	4.57E-8	0.43	1E10	1E-30	14200	1E10	9.7E-7	235	1E10	1.49E-6	1660	2.4E-16	2.28E-6	7030	8.9E-17	2.02E-6	6320	1E-30	1E10	1E10	1E-30	1E10	1E10	1E-30	1E10	1E10	1E-30	1E10	1E10	1E-30	1E10	1E10	1E-30	1E10	1E10	1E-30	1E10	1E10	1E-30	1E10	1E10	1E-30	1E10	1E10
284	2.64E-14	1E-30	1E-10	1E10	4.57E-8	0.43	1E10	1E-30	14200	1E10	9.7E-7	235	1E10	1.49E-6	1660	2.4E-16	2.28E-6	7030	8.9E-17	2.02E-6	6320	1E-30	1E10	1E10	1E-30	1E10	1E10	1E-30	1E10	1E10	1E-30	1E10	1E10	1E-30	1E10	1E10	1E-30	1E10	1E10	1E-30	1E10	1E10	1E-30	1E10	1E10	1E-30	1E10	1E10
285	2.76E-14	1E-30	1E-10	1E10	4.9E-8	0.54	1E10	1E-30	14200	1E10	1.14E-6	235	1E10	1.49E-6	1660	2.14E-16	2.28E-6	7030	8.9E-17	2.02E-6	6320	1E-30	1E10	1E10	1E-30	1E10	1E10	1E-30	1E10	1E10	1E-30	1E10	1E10	1E-30	1E10	1E10	1E-30	1E10	1E10	1E-30	1E10	1E10	1E-30	1E10	1E10	1E-30	1E10	1E10
286	2.76E-14	1E-30	1E-10	1E10	4.9E-8	0.54	1E10	1E-30	14200	1E10	1.14E-6	235	1E10	1.49E-6	1660	2.14E-16	2.28E-6	7030	8.9E-17	2.02E-6	6320	1E-30	1E10	1E10	1E-30	1E10	1E10	1E-30	1E10	1E10	1E-30	1E10	1E10	1E-30	1E10	1E10	1E-30	1E10	1E10	1E-30	1E10	1E10	1E-30	1E10	1E10	1E-30	1E10	1E10
287	2.76E-14	1E-30	1E-10	1E10	5.37E-8	0.58	1E10	1E-30	14200	1E10	1.31E-6	235	1E10	1.63E-6	1660	1.15E-16	2.28E-6	7030	4.67E-17	2.02E-6	6320	1E-30	1E10	1E10	1E-30	1E10	1E10	1E-30	1E10	1E10	1E-30	1E10	1E10	1E-30	1E10	1E10	1E-30	1E10	1E10	1E-30	1E10	1E10	1E-30	1E10	1E10	1E-30	1E10	1E10
288	2.76E-14	1E-30	1E-10	1E10	5.37E-8	0.58	1E10	1E-30	14200	1E10	1.31E-6	235	1E10	1.63E-6	1660	1.15E-16	2.28E-6	7030	4.67E-17	2.02E-6	6320	1E-30	1E10	1E10	1E-30	1E10	1E10	1E-30	1E10	1E10	1E-30	1E10	1E10	1E-30	1E10	1E10	1E-30	1E10	1E10	1E-30	1E10	1E10	1E-30	1E10	1E10	1E-30	1E10	1E10
289	2.58E-14	1E-30	1E-10	1E10	5.5E-8	0.58	1E10	1E-30	14200	1E10	1.31E-6	235	1E10	1.63E-6	1660	2.76E-16	2.28E-6	7030	1.02E-16	2.02E-6	6320	1E-30	1E10	1E10	1E-30	1E10	1E10	1E-30	1E10	1E10	1E-30	1E10	1E10	1E-30	1E10	1E10	1E-30	1E10	1E10	1E-30	1E10	1E10	1E-30	1E10	1E10	1E-30	1E10	1E10
290	2.58E-14	1E-30	1E-10	1E10	5.5E-8	0.58	1E10	1E-30	14200	1E10	1.31E-6	235	1E10	1.63E-6	1660	2.76E-16	2.28E-6	7030	1.02E-16	2.02E-6	6320	1E-30	1E10	1E10	1E-30	1E10	1E10	1E-30	1E10	1E10	1E-30	1E10	1E10	1E-30	1E10	1E10	1E-30	1E10	1E10	1E-30	1E10	1E10	1E-30	1E10	1E10	1E-30	1E10	1E10
291	2.83E-14	1E-30	1E-10	1E10	5.89E-8	0.83	1E10	1E-30	14200	1E10	1.69E-6	235	1E10	1.75E-6	1660	2.76E-16	2.28E-6	7030	1.02E-16	2.02E-6	6320	1E-30	1E10	1E10	1E-30	1E10	1E10	1E-30	1E10	1E10	1E-30	1E10	1E10	1E-30	1E10	1E10	1E-30	1E10	1E10	1E-30	1E10	1E10	1E-30	1E10	1E10	1E-30	1E10	1E10
292	2.83E-14	1E-30	1E-10	1E10	5.89E-8	0.83	1E10	1E-30	14200	1E10	1.69E-6	235	1E10	1.75E-6	1660	2.76E-16	2.28E-6	7030	1.02E-16	2.02E-6	6320	1E-30	1E10	1E10	1E-30	1E10	1E10	1E-30	1E10	1E10	1E-30	1E10	1E10	1E-30	1E10	1E10	1E-30	1E10	1E10	1E-30	1E10	1E10	1E-30	1E10	1E10	1E-30	1E10	1E10
293	2.52E-14	1E-30	1E-10	1E10	6.92E-8	0.94	1E10	1E-30	14200	1E10	2.18E-6	235	1E10	2.06E-6	1660	3.64E-16	2.28E-6	7030	1.65E-16	2.02E-6	6320	6.22E-16	1.73E-7	960	1E-30	1E10	1E10	1E-30	1E10	1E10	1E-30	1E10	1E10	1E-30	1E10	1E10	1E-30	1E10	1E10	1E-30	1E10	1E10	1E-30	1E10	1E10	1E-30	1E10	1E10
294	2.52E-14	1E-30	1E-10	1E10	6.92E-8	0.94	1E10	1E-30	14200	1E10	2.18E-6	235	1E10	2.06E-6	1660	3.64E-16	2.28E-6	7030	1.65E-16	2.02E-6	6320	6.22E-16	1.73E-7	960	1E-30	1E10	1E10	1E-30	1E10	1E10	1E-30	1E10	1E10	1E-30	1E10	1E10	1E-30	1E10	1E10	1E-30	1E10	1E10	1E-30	1E10	1E10	1E-30	1E10	1E10
295	2.41E-14	1E-30	1E-10	1E10	7.95E-8	1.02	1E10	1E-30	14200	1E10	2.34E-6	235	1E10	2.31E-6	1660	3.9E-16	2.28E-6	7030	1.61E-16	2.02E-6	6320	1.08E-15	1.73E-7	960	1E-30	1E10	1E10	1E-30	1E10	1E10	1E-30	1E10	1E10	1E-30	1E10	1E10	1E-30	1E10	1E10	1E-30	1E10	1E10	1E-30	1E10	1E10	1E-30	1E10	1E10
296	2.41E-14	1E-30	1E-10	1E10	7.95E-8	1.02	1E10	1E-30	14200	1E10	2.34E-6	235	1E10	2.31E-6	1660	3.9E-16	2.28E-6	7030	1.61E-16	2.02E-6	6320	1.08E-15	1.73E-7	960	1E-30	1E10	1E10	1E-30	1E10	1E10	1E-30	1E10	1E10	1E-30	1E10	1E10	1E-30	1E10	1E10	1E-30	1E10	1E10	1E-30	1E10	1E10	1E-30	1E10	1E10
END DSCRDATA
