BEGIN DSCRDATA
% INDEX	K01	L01	M01	K02	L02	M02	K03	L03	M03	K04	L04	M04	K05	L05	M05	K06	L06	M06	K07	L07	M07	K08	L08	M08	K09	L09	M09	K10	L10	M10	K11	L11	M11	K12	L12	M12	K13	L13	M13	K14	L14	M14	K15	L15	M15	K16	L16	M16
0	0	0	0	0	0	0	0	0	0	0	0	0	0	0	0	0	0	0	0	0	0	0	0	0	0	0	0	0	0	0	0	0	0	0	0	0	0	0	0	0	0	0	0	0	0	0	0	0
1	8.82E-14	1E-30	1E-10	1E10	1.22E-8	0.053	1E10	1E-30	24500	1E10	1.65E-7	25	1E10	6.11E-7	1620	1E-30	1E10	1E10	1E-30	1E10	1E10	1E-30	1E10	1E10	1E-30	1E10	1E10	1E-30	1E10	1E10	1E-30	1E10	1E10	1E-30	1E10	1E10	1E-30	1E10	1E10	1E-30	1E10	1E10	1E-30	1E10	1E10	1E-30	1E10	1E10
2	8.82E-14	1E-30	1E-10	1E10	1.22E-8	0.053	1E10	1E-30	24500	1E10	1.65E-7	25	1E10	6.11E-7	1620	1E-30	1E10	1E10	1E-30	1E10	1E10	1E-30	1E10	1E10	1E-30	1E10	1E10	1E-30	1E10	1E10	1E-30	1E10	1E10	1E-30	1E10	1E10	1E-30	1E10	1E10	1E-30	1E10	1E10	1E-30	1E10	1E10	1E-30	1E10	1E10
3	6.54E-14	1E-30	1E-10	1E10	1.93E-8	0.048	1E10	1E-30	24500	1E10	2.94E-7	39.7	1E10	1.26E-6	2370	1.21E-15	1.19E-7	125	1.79E-16	3.59E-7	1130	1E-30	1E10	1E10	1E-30	1E10	1E10	1E-30	1E10	1E10	1E-30	1E10	1E10	1E-30	1E10	1E10	1E-30	1E10	1E10	1E-30	1E10	1E10	1E-30	1E10	1E10	1E-30	1E10	1E10
4	6.54E-14	1E-30	1E-10	1E10	1.93E-8	0.048	1E10	1E-30	24500	1E10	2.94E-7	39.7	1E10	1.26E-6	2370	1.21E-15	1.19E-7	125	1.79E-16	3.59E-7	1130	1E-30	1E10	1E10	1E-30	1E10	1E10	1E-30	1E10	1E10	1E-30	1E10	1E10	1E-30	1E10	1E10	1E-30	1E10	1E10	1E-30	1E10	1E10	1E-30	1E10	1E10	1E-30	1E10	1E10
5	8.62E-14	1E-30	1E-10	1E10	2.22E-8	0.079	1E10	1E-30	24500	1E10	3.97E-7	52.3	1E10	1.45E-6	2370	2.59E-15	2.54E-7	125	2.84E-16	5.69E-7	1130	1E-30	1E10	1E10	1E-30	1E10	1E10	1E-30	1E10	1E10	1E-30	1E10	1E10	1E-30	1E10	1E10	1E-30	1E10	1E10	1E-30	1E10	1E10	1E-30	1E10	1E10	1E-30	1E10	1E10
6	8.62E-14	1E-30	1E-10	1E10	2.22E-8	0.079	1E10	1E-30	24500	1E10	3.97E-7	52.3	1E10	1.45E-6	2370	2.59E-15	2.54E-7	125	2.84E-16	5.69E-7	1130	1E-30	1E10	1E10	1E-30	1E10	1E10	1E-30	1E10	1E10	1E-30	1E10	1E10	1E-30	1E10	1E10	1E-30	1E10	1E10	1E-30	1E10	1E10	1E-30	1E10	1E10	1E-30	1E10	1E10
7	8.62E-14	1E-30	1E-10	1E10	2.22E-8	0.079	1E10	1E-30	24500	1E10	3.97E-7	52.3	1E10	1.45E-6	2370	2.59E-15	2.54E-7	125	2.84E-16	5.69E-7	1130	1E-30	1E10	1E10	1E-30	1E10	1E10	1E-30	1E10	1E10	1E-30	1E10	1E10	1E-30	1E10	1E10	1E-30	1E10	1E10	1E-30	1E10	1E10	1E-30	1E10	1E10	1E-30	1E10	1E10
8	1.43E-13	1E-30	1E-10	1E10	2.79E-8	0.098	1E10	1E-30	24500	1E10	4.56E-7	52.3	1E10	1.63E-6	2370	2.31E-15	2.54E-7	125	2.71E-16	5.69E-7	1130	1E-30	1E10	1E10	1E-30	1E10	1E10	1E-30	1E10	1E10	1E-30	1E10	1E10	1E-30	1E10	1E10	1E-30	1E10	1E10	1E-30	1E10	1E10	1E-30	1E10	1E10	1E-30	1E10	1E10
9	1.43E-13	1E-30	1E-10	1E10	2.79E-8	0.098	1E10	1E-30	24500	1E10	4.56E-7	52.3	1E10	1.63E-6	2370	2.31E-15	2.54E-7	125	2.71E-16	5.69E-7	1130	1E-30	1E10	1E10	1E-30	1E10	1E10	1E-30	1E10	1E10	1E-30	1E10	1E10	1E-30	1E10	1E10	1E-30	1E10	1E10	1E-30	1E10	1E10	1E-30	1E10	1E10	1E-30	1E10	1E10
10	8.62E-14	1E-30	1E-10	1E10	3.35E-8	0.103	1E10	1E-30	24500	1E10	5.36E-7	52.3	1E10	2.25E-6	2370	5.05E-15	2.54E-7	125	5.41E-16	5.69E-7	1130	3.33E-17	3.67E-6	6290	1E-30	1E10	1E10	1E-30	1E10	1E10	1E-30	1E10	1E10	1E-30	1E10	1E10	1E-30	1E10	1E10	1E-30	1E10	1E10	1E-30	1E10	1E10	1E-30	1E10	1E10
11	8.62E-14	1E-30	1E-10	1E10	3.35E-8	0.103	1E10	1E-30	24500	1E10	5.36E-7	52.3	1E10	2.25E-6	2370	5.05E-15	2.54E-7	125	5.41E-16	5.69E-7	1130	3.33E-17	3.67E-6	6290	1E-30	1E10	1E10	1E-30	1E10	1E10	1E-30	1E10	1E10	1E-30	1E10	1E10	1E-30	1E10	1E10	1E-30	1E10	1E10	1E-30	1E10	1E10	1E-30	1E10	1E10
12	8.62E-14	1E-30	1E-10	1E10	3.35E-8	0.103	1E10	1E-30	24500	1E10	5.36E-7	52.3	1E10	2.25E-6	2370	5.05E-15	2.54E-7	125	5.41E-16	5.69E-7	1130	3.33E-17	3.67E-6	6290	1E-30	1E10	1E10	1E-30	1E10	1E10	1E-30	1E10	1E10	1E-30	1E10	1E10	1E-30	1E10	1E10	1E-30	1E10	1E10	1E-30	1E10	1E10	1E-30	1E10	1E10
13	1.43E-13	1E-30	1E-10	1E10	4.12E-8	0.103	1E10	1E-30	24500	1E10	1.11E-6	144	1E10	2.97E-6	2160	4.2E-15	2.54E-7	125	4.93E-16	5.69E-7	1130	3.33E-17	3.67E-6	6290	1E-30	1E10	1E10	1E-30	1E10	1E10	1E-30	1E10	1E10	1E-30	1E10	1E10	1E-30	1E10	1E10	1E-30	1E10	1E10	1E-30	1E10	1E10	1E-30	1E10	1E10
14	1.43E-13	1E-30	1E-10	1E10	4.12E-8	0.103	1E10	1E-30	24500	1E10	1.11E-6	144	1E10	2.97E-6	2160	4.2E-15	2.54E-7	125	4.93E-16	5.69E-7	1130	3.33E-17	3.67E-6	6290	1E-30	1E10	1E10	1E-30	1E10	1E10	1E-30	1E10	1E10	1E-30	1E10	1E10	1E-30	1E10	1E10	1E-30	1E10	1E10	1E-30	1E10	1E10	1E-30	1E10	1E10
15	1.43E-13	1E-30	1E-10	1E10	4.12E-8	0.103	1E10	1E-30	24500	1E10	1.11E-6	144	1E10	2.97E-6	2160	4.2E-15	2.54E-7	125	4.93E-16	5.69E-7	1130	3.33E-17	3.67E-6	6290	1E-30	1E10	1E10	1E-30	1E10	1E10	1E-30	1E10	1E10	1E-30	1E10	1E10	1E-30	1E10	1E10	1E-30	1E10	1E10	1E-30	1E10	1E10	1E-30	1E10	1E10
16	8.42E-14	1E-30	1E-10	1E10	4.73E-8	0.103	1E10	1E-30	24500	1E10	8.63E-7	79.3	1E10	3.31E-6	2050	8.98E-15	2.54E-7	125	8.97E-16	5.69E-7	1130	4.1E-17	3.67E-6	6290	1E-30	1E10	1E10	1E-30	1E10	1E10	1E-30	1E10	1E10	1E-30	1E10	1E10	1E-30	1E10	1E10	1E-30	1E10	1E10	1E-30	1E10	1E10	1E-30	1E10	1E10
17	8.42E-14	1E-30	1E-10	1E10	4.73E-8	0.103	1E10	1E-30	24500	1E10	8.63E-7	79.3	1E10	3.31E-6	2050	8.98E-15	2.54E-7	125	8.97E-16	5.69E-7	1130	4.1E-17	3.67E-6	6290	1E-30	1E10	1E10	1E-30	1E10	1E10	1E-30	1E10	1E10	1E-30	1E10	1E10	1E-30	1E10	1E10	1E-30	1E10	1E10	1E-30	1E10	1E10	1E-30	1E10	1E10
18	8.42E-14	1E-30	1E-10	1E10	4.73E-8	0.103	1E10	1E-30	24500	1E10	8.63E-7	79.3	1E10	3.31E-6	2050	8.98E-15	2.54E-7	125	8.97E-16	5.69E-7	1130	4.1E-17	3.67E-6	6290	1E-30	1E10	1E10	1E-30	1E10	1E10	1E-30	1E10	1E10	1E-30	1E10	1E10	1E-30	1E10	1E10	1E-30	1E10	1E10	1E-30	1E10	1E10	1E-30	1E10	1E10
19	1.3E-13	1E-30	1E-10	1E10	5.56E-8	0.13	1E10	1E-30	24500	1E10	1.68E-6	297	1E10	9.84E-6	7050	8.19E-15	2.54E-7	125	8.97E-16	5.69E-7	1130	4.1E-17	3.67E-6	6290	1E-30	1E10	1E10	1E-30	1E10	1E10	1E-30	1E10	1E10	1E-30	1E10	1E10	1E-30	1E10	1E10	1E-30	1E10	1E10	1E-30	1E10	1E10	1E-30	1E10	1E10
20	1.3E-13	1E-30	1E-10	1E10	5.56E-8	0.13	1E10	1E-30	24500	1E10	1.68E-6	297	1E10	9.84E-6	7050	8.19E-15	2.54E-7	125	8.97E-16	5.69E-7	1130	4.1E-17	3.67E-6	6290	1E-30	1E10	1E10	1E-30	1E10	1E10	1E-30	1E10	1E10	1E-30	1E10	1E10	1E-30	1E10	1E10	1E-30	1E10	1E10	1E-30	1E10	1E10	1E-30	1E10	1E10
21	1.3E-13	1E-30	1E-10	1E10	5.56E-8	0.13	1E10	1E-30	24500	1E10	1.68E-6	297	1E10	9.84E-6	7050	8.19E-15	2.54E-7	125	8.97E-16	5.69E-7	1130	4.1E-17	3.67E-6	6290	1E-30	1E10	1E10	1E-30	1E10	1E10	1E-30	1E10	1E10	1E-30	1E10	1E10	1E-30	1E10	1E10	1E-30	1E10	1E10	1E-30	1E10	1E10	1E-30	1E10	1E10
22	9.64E-14	1E-30	1E-10	1E10	6.84E-8	0.156	1E10	1E-30	24500	1E10	2.11E-6	297	1E10	8.97E-6	4770	1.3E-14	2.54E-7	125	1.49E-15	5.69E-7	1130	6.5E-17	3.67E-6	6290	6.14E-17	2.05E-6	5730	1E-30	1E10	1E10	1E-30	1E10	1E10	1E-30	1E10	1E10	1E-30	1E10	1E10	1E-30	1E10	1E10	1E-30	1E10	1E10	1E-30	1E10	1E10
23	9.64E-14	1E-30	1E-10	1E10	6.84E-8	0.156	1E10	1E-30	24500	1E10	2.11E-6	297	1E10	8.97E-6	4770	1.3E-14	2.54E-7	125	1.49E-15	5.69E-7	1130	6.5E-17	3.67E-6	6290	6.14E-17	2.05E-6	5730	1E-30	1E10	1E10	1E-30	1E10	1E10	1E-30	1E10	1E10	1E-30	1E10	1E10	1E-30	1E10	1E10	1E-30	1E10	1E10	1E-30	1E10	1E10
24	9.64E-14	1E-30	1E-10	1E10	6.84E-8	0.156	1E10	1E-30	24500	1E10	2.11E-6	297	1E10	8.97E-6	4770	1.3E-14	2.54E-7	125	1.49E-15	5.69E-7	1130	6.5E-17	3.67E-6	6290	6.14E-17	2.05E-6	5730	1E-30	1E10	1E10	1E-30	1E10	1E10	1E-30	1E10	1E10	1E-30	1E10	1E10	1E-30	1E10	1E10	1E-30	1E10	1E10	1E-30	1E10	1E10
25	1.49E-13	1E-30	1E-10	1E10	7.67E-8	0.155	1E10	1E-30	24500	1E10	2.31E-6	297	1E10	9.18E-6	4770	1.13E-14	2.54E-7	125	1.16E-15	5.69E-7	1130	6.21E-17	3.67E-6	6290	5.86E-17	2.05E-6	5730	1E-30	1E10	1E10	1E-30	1E10	1E10	1E-30	1E10	1E10	1E-30	1E10	1E10	1E-30	1E10	1E10	1E-30	1E10	1E10	1E-30	1E10	1E10
26	1.49E-13	1E-30	1E-10	1E10	7.67E-8	0.155	1E10	1E-30	24500	1E10	2.31E-6	297	1E10	9.18E-6	4770	1.13E-14	2.54E-7	125	1.16E-15	5.69E-7	1130	6.21E-17	3.67E-6	6290	5.86E-17	2.05E-6	5730	1E-30	1E10	1E10	1E-30	1E10	1E10	1E-30	1E10	1E10	1E-30	1E10	1E10	1E-30	1E10	1E10	1E-30	1E10	1E10	1E-30	1E10	1E10
27	1.49E-13	1E-30	1E-10	1E10	7.67E-8	0.155	1E10	1E-30	24500	1E10	2.31E-6	297	1E10	9.18E-6	4770	1.13E-14	2.54E-7	125	1.16E-15	5.69E-7	1130	6.21E-17	3.67E-6	6290	5.86E-17	2.05E-6	5730	1E-30	1E10	1E10	1E-30	1E10	1E10	1E-30	1E10	1E10	1E-30	1E10	1E10	1E-30	1E10	1E10	1E-30	1E10	1E10	1E-30	1E10	1E10
28	9.4E-14	1E-30	1E-10	1E10	9.88E-8	0.449	1E10	1E-30	24500	1E10	3.5E-6	297	1E10	8.77E-6	5110	1.92E-14	2.54E-7	125	1.8E-15	5.69E-7	1130	8.19E-17	3.67E-6	6290	5.34E-17	2.05E-6	5730	1E-30	1E10	1E10	1E-30	1E10	1E10	1E-30	1E10	1E10	1E-30	1E10	1E10	1E-30	1E10	1E10	1E-30	1E10	1E10	1E-30	1E10	1E10
29	9.4E-14	1E-30	1E-10	1E10	9.88E-8	0.449	1E10	1E-30	24500	1E10	3.5E-6	297	1E10	8.77E-6	5110	1.92E-14	2.54E-7	125	1.8E-15	5.69E-7	1130	8.19E-17	3.67E-6	6290	5.34E-17	2.05E-6	5730	1E-30	1E10	1E10	1E-30	1E10	1E10	1E-30	1E10	1E10	1E-30	1E10	1E10	1E-30	1E10	1E10	1E-30	1E10	1E10	1E-30	1E10	1E10
30	9.4E-14	1E-30	1E-10	1E10	9.88E-8	0.449	1E10	1E-30	24500	1E10	3.5E-6	297	1E10	8.77E-6	5110	1.92E-14	2.54E-7	125	1.8E-15	5.69E-7	1130	8.19E-17	3.67E-6	6290	5.34E-17	2.05E-6	5730	1E-30	1E10	1E10	1E-30	1E10	1E10	1E-30	1E10	1E10	1E-30	1E10	1E10	1E-30	1E10	1E10	1E-30	1E10	1E10	1E-30	1E10	1E10
31	1.08E-13	1E-30	1E-10	1E10	1.19E-7	0.529	1E10	1E-30	24500	1E10	7.48E-6	1050	1E10	1.16E-5	5110	2.7E-16	1.86E-5	5010	6.28E-18	2.36E-4	77700	1.99E-17	2.19E-5	13300	4.19E-15	4.49E-8	41.5	4.99E-17	1.33E-6	2070	1E-30	1E10	1E10	1E-30	1E10	1E10	1E-30	1E10	1E10	1E-30	1E10	1E10	1E-30	1E10	1E10	1E-30	1E10	1E10
32	1.08E-13	1E-30	1E-10	1E10	1.19E-7	0.529	1E10	1E-30	24500	1E10	7.48E-6	1050	1E10	1.16E-5	5110	2.7E-16	1.86E-5	5010	6.28E-18	2.36E-4	77700	1.99E-17	2.19E-5	13300	4.19E-15	4.49E-8	41.5	4.99E-17	1.33E-6	2070	1E-30	1E10	1E10	1E-30	1E10	1E10	1E-30	1E10	1E10	1E-30	1E10	1E10	1E-30	1E10	1E10	1E-30	1E10	1E10
33	1.08E-13	1E-30	1E-10	1E10	1.19E-7	0.529	1E10	1E-30	24500	1E10	7.48E-6	1050	1E10	1.16E-5	5110	2.7E-16	1.86E-5	5010	6.28E-18	2.36E-4	77700	1.99E-17	2.19E-5	13300	4.19E-15	4.49E-8	41.5	4.99E-17	1.33E-6	2070	1E-30	1E10	1E10	1E-30	1E10	1E10	1E-30	1E10	1E10	1E-30	1E10	1E10	1E-30	1E10	1E10	1E-30	1E10	1E10
34	1.08E-13	1E-30	1E-10	1E10	1.46E-7	0.596	1E10	1E-30	24500	1E10	9.64E-6	1050	1E10	1.16E-5	2870	3.4E-16	1.86E-5	5010	8.09E-18	2.36E-4	77700	5E-17	2.19E-5	13300	1.45E-14	4.49E-8	41.5	1.99E-16	1.33E-6	2070	1E-30	1E10	1E10	1E-30	1E10	1E10	1E-30	1E10	1E10	1E-30	1E10	1E10	1E-30	1E10	1E10	1E-30	1E10	1E10
35	1.08E-13	1E-30	1E-10	1E10	1.46E-7	0.596	1E10	1E-30	24500	1E10	9.64E-6	1050	1E10	1.16E-5	2870	3.4E-16	1.86E-5	5010	8.09E-18	2.36E-4	77700	5E-17	2.19E-5	13300	1.45E-14	4.49E-8	41.5	1.99E-16	1.33E-6	2070	1E-30	1E10	1E10	1E-30	1E10	1E10	1E-30	1E10	1E10	1E-30	1E10	1E10	1E-30	1E10	1E10	1E-30	1E10	1E10
36	1.08E-13	1E-30	1E-10	1E10	1.46E-7	0.596	1E10	1E-30	24500	1E10	9.64E-6	1050	1E10	1.16E-5	2870	3.4E-16	1.86E-5	5010	8.09E-18	2.36E-4	77700	5E-17	2.19E-5	13300	1.45E-14	4.49E-8	41.5	1.99E-16	1.33E-6	2070	1E-30	1E10	1E10	1E-30	1E10	1E10	1E-30	1E10	1E10	1E-30	1E10	1E10	1E-30	1E10	1E10	1E-30	1E10	1E10
37	1.03E-13	1E-30	1E-10	1E10	1.76E-7	0.657	1E10	1E-30	24500	1E10	1.39E-5	1050	1E10	1.16E-5	2280	4.18E-16	1.86E-5	5010	1.02E-17	2.36E-4	77700	6.15E-17	2.19E-5	13300	1.87E-14	4.49E-8	41.5	2.45E-16	1.33E-6	2070	5.88E-16	2.72E-7	410	1E-30	1E10	1E10	1E-30	1E10	1E10	1E-30	1E10	1E10	1E-30	1E10	1E10	1E-30	1E10	1E10
38	1.03E-13	1E-30	1E-10	1E10	1.76E-7	0.657	1E10	1E-30	24500	1E10	1.39E-5	1050	1E10	1.16E-5	2280	4.18E-16	1.86E-5	5010	1.02E-17	2.36E-4	77700	6.15E-17	2.19E-5	13300	1.87E-14	4.49E-8	41.5	2.45E-16	1.33E-6	2070	5.88E-16	2.72E-7	410	1E-30	1E10	1E10	1E-30	1E10	1E10	1E-30	1E10	1E10	1E-30	1E10	1E10	1E-30	1E10	1E10
39	1.03E-13	1E-30	1E-10	1E10	1.76E-7	0.657	1E10	1E-30	24500	1E10	1.39E-5	1050	1E10	1.16E-5	2280	4.18E-16	1.86E-5	5010	1.02E-17	2.36E-4	77700	6.15E-17	2.19E-5	13300	1.87E-14	4.49E-8	41.5	2.45E-16	1.33E-6	2070	5.88E-16	2.72E-7	410	1E-30	1E10	1E10	1E-30	1E10	1E10	1E-30	1E10	1E10	1E-30	1E10	1E10	1E-30	1E10	1E10
40	1.03E-13	1E-30	1E-10	1E10	2.22E-7	0.719	1E10	1E-30	24500	1E10	2.15E-5	1050	1E10	1.16E-5	1810	5.26E-16	1.86E-5	5010	1.28E-17	2.36E-4	77700	7.74E-17	2.19E-5	13300	2.3E-14	4.49E-8	41.5	2.88E-16	1.33E-6	2070	8.31E-16	2.72E-7	410	5.57E-17	2.59E-6	4090	1E-30	1E10	1E10	1E-30	1E10	1E10	1E-30	1E10	1E10	1E-30	1E10	1E10
41	1.03E-13	1E-30	1E-10	1E10	2.22E-7	0.719	1E10	1E-30	24500	1E10	2.15E-5	1050	1E10	1.16E-5	1810	5.26E-16	1.86E-5	5010	1.28E-17	2.36E-4	77700	7.74E-17	2.19E-5	13300	2.3E-14	4.49E-8	41.5	2.88E-16	1.33E-6	2070	8.31E-16	2.72E-7	410	5.57E-17	2.59E-6	4090	1E-30	1E10	1E10	1E-30	1E10	1E10	1E-30	1E10	1E10	1E-30	1E10	1E10
42	1.03E-13	1E-30	1E-10	1E10	2.22E-7	0.719	1E10	1E-30	24500	1E10	2.15E-5	1050	1E10	1.16E-5	1810	5.26E-16	1.86E-5	5010	1.28E-17	2.36E-4	77700	7.74E-17	2.19E-5	13300	2.3E-14	4.49E-8	41.5	2.88E-16	1.33E-6	2070	8.31E-16	2.72E-7	410	5.57E-17	2.59E-6	4090	1E-30	1E10	1E10	1E-30	1E10	1E10	1E-30	1E10	1E10	1E-30	1E10	1E10
43	1.03E-13	1E-30	1E-10	1E10	2.67E-7	0.788	1E10	1E-30	24500	1E10	8.56E-5	1050	1E10	1.16E-5	1410	6.62E-16	1.86E-5	5010	1.47E-17	2.36E-4	77700	9.31E-17	2.19E-5	13300	3.1E-14	4.49E-8	41.5	3.31E-16	1.33E-6	2070	9.32E-16	2.72E-7	410	5.57E-17	2.59E-6	4090	1E-30	1E10	1E10	1E-30	1E10	1E10	1E-30	1E10	1E10	1E-30	1E10	1E10
44	1.03E-13	1E-30	1E-10	1E10	2.67E-7	0.788	1E10	1E-30	24500	1E10	8.56E-5	1050	1E10	1.16E-5	1410	6.62E-16	1.86E-5	5010	1.47E-17	2.36E-4	77700	9.31E-17	2.19E-5	13300	3.1E-14	4.49E-8	41.5	3.31E-16	1.33E-6	2070	9.32E-16	2.72E-7	410	5.57E-17	2.59E-6	4090	1E-30	1E10	1E10	1E-30	1E10	1E10	1E-30	1E10	1E10	1E-30	1E10	1E10
45	1.03E-13	1E-30	1E-10	1E10	2.67E-7	0.788	1E10	1E-30	24500	1E10	8.56E-5	1050	1E10	1.16E-5	1410	6.62E-16	1.86E-5	5010	1.47E-17	2.36E-4	77700	9.31E-17	2.19E-5	13300	3.1E-14	4.49E-8	41.5	3.31E-16	1.33E-6	2070	9.32E-16	2.72E-7	410	5.57E-17	2.59E-6	4090	1E-30	1E10	1E10	1E-30	1E10	1E10	1E-30	1E10	1E10	1E-30	1E10	1E10
46	5.41E-14	1E-30	1E-10	1E10	3.21E-7	0.913	1E10	1E-30	24500	1E10	1.42E-4	1030	1E10	1.3E-5	1350	9.14E-16	1.86E-5	5010	1.98E-17	2.36E-4	77700	1.32E-16	2.19E-5	13300	5.03E-14	4.49E-8	41.5	4.9E-16	1.33E-6	2070	1.41E-15	2.72E-7	410	9.24E-17	2.59E-6	4090	1E-30	1E10	1E10	1E-30	1E10	1E10	1E-30	1E10	1E10	1E-30	1E10	1E10
47	5.41E-14	1E-30	1E-10	1E10	3.21E-7	0.913	1E10	1E-30	24500	1E10	1.42E-4	1030	1E10	1.3E-5	1350	9.14E-16	1.86E-5	5010	1.98E-17	2.36E-4	77700	1.32E-16	2.19E-5	13300	5.03E-14	4.49E-8	41.5	4.9E-16	1.33E-6	2070	1.41E-15	2.72E-7	410	9.24E-17	2.59E-6	4090	1E-30	1E10	1E10	1E-30	1E10	1E10	1E-30	1E10	1E10	1E-30	1E10	1E10
48	5.41E-14	1E-30	1E-10	1E10	3.21E-7	0.913	1E10	1E-30	24500	1E10	1.42E-4	1030	1E10	1.3E-5	1350	9.14E-16	1.86E-5	5010	1.98E-17	2.36E-4	77700	1.32E-16	2.19E-5	13300	5.03E-14	4.49E-8	41.5	4.9E-16	1.33E-6	2070	1.41E-15	2.72E-7	410	9.24E-17	2.59E-6	4090	1E-30	1E10	1E10	1E-30	1E10	1E10	1E-30	1E10	1E10	1E-30	1E10	1E10
49	1.13E-13	1E-30	1E-10	1E10	3.77E-7	0.978	1E10	1E-30	24500	1E10	2.2E-4	635	1E10	1.64E-5	1820	4.92E-16	3.95E-5	3590	1.95E-16	3.3E-5	13100	9.17E-16	2.14E-6	612	6.56E-16	1.28E-6	560	7.89E-16	5.64E-7	677	6.66E-16	3.01E-7	668	1.12E-16	1.19E-6	2600	1E-30	1E10	1E10	1E-30	1E10	1E10	1E-30	1E10	1E10	1E-30	1E10	1E10
50	1.13E-13	1E-30	1E-10	1E10	3.77E-7	0.978	1E10	1E-30	24500	1E10	2.2E-4	635	1E10	1.64E-5	1820	4.92E-16	3.95E-5	3590	1.95E-16	3.3E-5	13100	9.17E-16	2.14E-6	612	6.56E-16	1.28E-6	560	7.89E-16	5.64E-7	677	6.66E-16	3.01E-7	668	1.12E-16	1.19E-6	2600	1E-30	1E10	1E10	1E-30	1E10	1E10	1E-30	1E10	1E10	1E-30	1E10	1E10
51	1.13E-13	1E-30	1E-10	1E10	3.77E-7	0.978	1E10	1E-30	24500	1E10	2.2E-4	635	1E10	1.64E-5	1820	4.92E-16	3.95E-5	3590	1.95E-16	3.3E-5	13100	9.17E-16	2.14E-6	612	6.56E-16	1.28E-6	560	7.89E-16	5.64E-7	677	6.66E-16	3.01E-7	668	1.12E-16	1.19E-6	2600	1E-30	1E10	1E10	1E-30	1E10	1E10	1E-30	1E10	1E10	1E-30	1E10	1E10
52	1.24E-13	1E-30	1E-10	1E10	4.53E-7	1.05	1E10	1E-30	24500	1E10	2.25E-4	635	1E10	1.84E-5	1780	5.03E-16	3.95E-5	3590	1.95E-16	3.3E-5	13100	8.96E-16	2.14E-6	612	6.56E-16	1.28E-6	560	7.89E-16	5.64E-7	677	8.58E-16	3.01E-7	668	1.12E-16	1.19E-6	2600	1E-30	1E10	1E10	1E-30	1E10	1E10	1E-30	1E10	1E10	1E-30	1E10	1E10
53	1.24E-13	1E-30	1E-10	1E10	4.53E-7	1.05	1E10	1E-30	24500	1E10	2.25E-4	635	1E10	1.84E-5	1780	5.03E-16	3.95E-5	3590	1.95E-16	3.3E-5	13100	8.96E-16	2.14E-6	612	6.56E-16	1.28E-6	560	7.89E-16	5.64E-7	677	8.58E-16	3.01E-7	668	1.12E-16	1.19E-6	2600	1E-30	1E10	1E10	1E-30	1E10	1E10	1E-30	1E10	1E10	1E-30	1E10	1E10
54	1.24E-13	1E-30	1E-10	1E10	4.53E-7	1.05	1E10	1E-30	24500	1E10	2.25E-4	635	1E10	1.84E-5	1780	5.03E-16	3.95E-5	3590	1.95E-16	3.3E-5	13100	8.96E-16	2.14E-6	612	6.56E-16	1.28E-6	560	7.89E-16	5.64E-7	677	8.58E-16	3.01E-7	668	1.12E-16	1.19E-6	2600	1E-30	1E10	1E10	1E-30	1E10	1E10	1E-30	1E10	1E10	1E-30	1E10	1E10
55	1.42E-13	1E-30	1E-10	1E10	5.57E-7	1.05	1E10	1E-30	24500	1E10	2.3E-4	493	1E10	1.97E-5	1780	5.78E-16	3.95E-5	3590	2.24E-16	3.3E-5	13100	9.82E-16	2.14E-6	612	7.89E-16	1.28E-6	560	9.49E-16	5.64E-7	677	9.41E-16	3.01E-7	668	1.15E-16	1.19E-6	2600	1E-30	1E10	1E10	1E-30	1E10	1E10	1E-30	1E10	1E10	1E-30	1E10	1E10
56	1.42E-13	1E-30	1E-10	1E10	5.57E-7	1.05	1E10	1E-30	24500	1E10	2.3E-4	493	1E10	1.97E-5	1780	5.78E-16	3.95E-5	3590	2.24E-16	3.3E-5	13100	9.82E-16	2.14E-6	612	7.89E-16	1.28E-6	560	9.49E-16	5.64E-7	677	9.41E-16	3.01E-7	668	1.15E-16	1.19E-6	2600	1E-30	1E10	1E10	1E-30	1E10	1E10	1E-30	1E10	1E10	1E-30	1E10	1E10
57	1.42E-13	1E-30	1E-10	1E10	5.57E-7	1.05	1E10	1E-30	24500	1E10	2.3E-4	493	1E10	1.97E-5	1780	5.78E-16	3.95E-5	3590	2.24E-16	3.3E-5	13100	9.82E-16	2.14E-6	612	7.89E-16	1.28E-6	560	9.49E-16	5.64E-7	677	9.41E-16	3.01E-7	668	1.15E-16	1.19E-6	2600	1E-30	1E10	1E10	1E-30	1E10	1E10	1E-30	1E10	1E10	1E-30	1E10	1E10
58	1.27E-13	1E-30	1E-10	1E10	5.97E-7	1.23	1E10	1E-30	24500	1E10	9.01E-3	3680	1E10	2.11E-5	1410	8.16E-16	3.95E-5	3590	3.24E-16	3.3E-5	13100	1.56E-15	2.14E-6	612	1.14E-15	1.28E-6	560	1.34E-15	5.64E-7	677	1.3E-15	3.01E-7	668	1.29E-16	1.19E-6	2600	1E-30	1E10	1E10	1E-30	1E10	1E10	1E-30	1E10	1E10	1E-30	1E10	1E10
59	1.27E-13	1E-30	1E-10	1E10	5.97E-7	1.23	1E10	1E-30	24500	1E10	9.01E-3	3680	1E10	2.11E-5	1410	8.16E-16	3.95E-5	3590	3.24E-16	3.3E-5	13100	1.56E-15	2.14E-6	612	1.14E-15	1.28E-6	560	1.34E-15	5.64E-7	677	1.3E-15	3.01E-7	668	1.29E-16	1.19E-6	2600	1E-30	1E10	1E10	1E-30	1E10	1E10	1E-30	1E10	1E10	1E-30	1E10	1E10
60	1.27E-13	1E-30	1E-10	1E10	5.97E-7	1.23	1E10	1E-30	24500	1E10	9.01E-3	3680	1E10	2.11E-5	1410	8.16E-16	3.95E-5	3590	3.24E-16	3.3E-5	13100	1.56E-15	2.14E-6	612	1.14E-15	1.28E-6	560	1.34E-15	5.64E-7	677	1.3E-15	3.01E-7	668	1.29E-16	1.19E-6	2600	1E-30	1E10	1E10	1E-30	1E10	1E10	1E-30	1E10	1E10	1E-30	1E10	1E10
61	1.19E-13	1E-30	1E-10	1E10	6.4E-7	1.29	1E10	1E-30	24500	1E10	2.44E-3	8010	1E10	2.16E-5	1480	9.16E-16	3.95E-5	3590	3.55E-16	3.3E-5	13100	1.75E-15	2.14E-6	612	1.19E-15	1.28E-6	560	1.57E-15	5.64E-7	677	1.84E-15	3.01E-7	668	2.04E-16	1.19E-6	2600	1E-30	1E10	1E10	1E-30	1E10	1E10	1E-30	1E10	1E10	1E-30	1E10	1E10
62	1.19E-13	1E-30	1E-10	1E10	6.4E-7	1.29	1E10	1E-30	24500	1E10	2.44E-3	8010	1E10	2.16E-5	1480	9.16E-16	3.95E-5	3590	3.55E-16	3.3E-5	13100	1.75E-15	2.14E-6	612	1.19E-15	1.28E-6	560	1.57E-15	5.64E-7	677	1.84E-15	3.01E-7	668	2.04E-16	1.19E-6	2600	1E-30	1E10	1E10	1E-30	1E10	1E10	1E-30	1E10	1E10	1E-30	1E10	1E10
63	1.19E-13	1E-30	1E-10	1E10	6.4E-7	1.29	1E10	1E-30	24500	1E10	2.44E-3	8010	1E10	2.16E-5	1480	9.16E-16	3.95E-5	3590	3.55E-16	3.3E-5	13100	1.75E-15	2.14E-6	612	1.19E-15	1.28E-6	560	1.57E-15	5.64E-7	677	1.84E-15	3.01E-7	668	2.04E-16	1.19E-6	2600	1E-30	1E10	1E10	1E-30	1E10	1E10	1E-30	1E10	1E10	1E-30	1E10	1E10
64	1.22E-13	1E-30	1E-10	1E10	7.35E-7	1.36	1E10	1E-30	24500	1E10	2.5E-3	8010	1E10	3.42E-5	3090	1.03E-15	3.95E-5	3590	3.8E-16	3.3E-5	13100	1.79E-15	2.14E-6	612	1.37E-15	1.28E-6	560	1.68E-15	5.64E-7	677	1.97E-15	3.01E-7	668	2.82E-16	1.19E-6	2600	1E-30	1E10	1E10	1E-30	1E10	1E10	1E-30	1E10	1E10	1E-30	1E10	1E10
65	1.22E-13	1E-30	1E-10	1E10	7.35E-7	1.36	1E10	1E-30	24500	1E10	2.5E-3	8010	1E10	3.42E-5	3090	1.03E-15	3.95E-5	3590	3.8E-16	3.3E-5	13100	1.79E-15	2.14E-6	612	1.37E-15	1.28E-6	560	1.68E-15	5.64E-7	677	1.97E-15	3.01E-7	668	2.82E-16	1.19E-6	2600	1E-30	1E10	1E10	1E-30	1E10	1E10	1E-30	1E10	1E10	1E-30	1E10	1E10
66	1.22E-13	1E-30	1E-10	1E10	7.35E-7	1.36	1E10	1E-30	24500	1E10	2.5E-3	8010	1E10	3.42E-5	3090	1.03E-15	3.95E-5	3590	3.8E-16	3.3E-5	13100	1.79E-15	2.14E-6	612	1.37E-15	1.28E-6	560	1.68E-15	5.64E-7	677	1.97E-15	3.01E-7	668	2.82E-16	1.19E-6	2600	1E-30	1E10	1E10	1E-30	1E10	1E10	1E-30	1E10	1E10	1E-30	1E10	1E10
67	1.19E-13	1E-30	1E-10	1E10	7.7E-7	1.41	1E10	1E-30	24500	1E10	2.5E-3	8010	1E10	3.42E-5	3090	1.08E-15	3.95E-5	3590	4.26E-16	3.3E-5	13100	2.01E-15	2.14E-6	612	1.47E-15	1.28E-6	560	1.8E-15	5.64E-7	677	2.26E-15	3.01E-7	668	2.4E-16	1.19E-6	2600	1E-30	1E10	1E10	1E-30	1E10	1E10	1E-30	1E10	1E10	1E-30	1E10	1E10
68	1.19E-13	1E-30	1E-10	1E10	7.7E-7	1.41	1E10	1E-30	24500	1E10	2.5E-3	8010	1E10	3.42E-5	3090	1.08E-15	3.95E-5	3590	4.26E-16	3.3E-5	13100	2.01E-15	2.14E-6	612	1.47E-15	1.28E-6	560	1.8E-15	5.64E-7	677	2.26E-15	3.01E-7	668	2.4E-16	1.19E-6	2600	1E-30	1E10	1E10	1E-30	1E10	1E10	1E-30	1E10	1E10	1E-30	1E10	1E10
69	1.19E-13	1E-30	1E-10	1E10	7.7E-7	1.41	1E10	1E-30	24500	1E10	2.5E-3	8010	1E10	3.42E-5	3090	1.08E-15	3.95E-5	3590	4.26E-16	3.3E-5	13100	2.01E-15	2.14E-6	612	1.47E-15	1.28E-6	560	1.8E-15	5.64E-7	677	2.26E-15	3.01E-7	668	2.4E-16	1.19E-6	2600	1E-30	1E10	1E10	1E-30	1E10	1E10	1E-30	1E10	1E10	1E-30	1E10	1E10
70	1.28E-13	1E-30	1E-10	1E10	8.64E-7	1.49	1E10	1E-30	24500	1E10	2.56E-3	8010	1E10	3.75E-5	3090	1.27E-15	3.95E-5	3590	4.78E-16	3.3E-5	13100	2.2E-15	2.14E-6	612	1.77E-15	1.28E-6	560	2.11E-15	5.64E-7	677	2.37E-15	3.01E-7	668	2.51E-16	1.19E-6	2600	1E-30	1E10	1E10	1E-30	1E10	1E10	1E-30	1E10	1E10	1E-30	1E10	1E10
71	1.28E-13	1E-30	1E-10	1E10	8.64E-7	1.49	1E10	1E-30	24500	1E10	2.56E-3	8010	1E10	3.75E-5	3090	1.27E-15	3.95E-5	3590	4.78E-16	3.3E-5	13100	2.2E-15	2.14E-6	612	1.77E-15	1.28E-6	560	2.11E-15	5.64E-7	677	2.37E-15	3.01E-7	668	2.51E-16	1.19E-6	2600	1E-30	1E10	1E10	1E-30	1E10	1E10	1E-30	1E10	1E10	1E-30	1E10	1E10
72	1.28E-13	1E-30	1E-10	1E10	8.64E-7	1.49	1E10	1E-30	24500	1E10	2.56E-3	8010	1E10	3.75E-5	3090	1.27E-15	3.95E-5	3590	4.78E-16	3.3E-5	13100	2.2E-15	2.14E-6	612	1.77E-15	1.28E-6	560	2.11E-15	5.64E-7	677	2.37E-15	3.01E-7	668	2.51E-16	1.19E-6	2600	1E-30	1E10	1E10	1E-30	1E10	1E10	1E-30	1E10	1E10	1E-30	1E10	1E10
73	6.73E-14	1E-30	1E-10	1E10	1.01E-6	1.56	1E10	1E-30	153E3	1E10	3.31E-5	5640	1E10	3.31E-4	292E3	1.13E-14	4.85E-6	4190	2.1E-15	8.48E-6	3660	1.33E-14	4.05E-7	853	1.03E-14	2.14E-7	590	7.18E-15	1.73E-7	474	5.39E-15	1.52E-7	376	6.49E-15	8.68E-8	298	1E-30	1E10	1E10	1E-30	1E10	1E10	1E-30	1E10	1E10	1E-30	1E10	1E10
74	6.73E-14	1E-30	1E-10	1E10	1.01E-6	1.56	1E10	1E-30	153E3	1E10	3.31E-5	5640	1E10	3.31E-4	292E3	1.13E-14	4.85E-6	4190	2.1E-15	8.48E-6	3660	1.33E-14	4.05E-7	853	1.03E-14	2.14E-7	590	7.18E-15	1.73E-7	474	5.39E-15	1.52E-7	376	6.49E-15	8.68E-8	298	1E-30	1E10	1E10	1E-30	1E10	1E10	1E-30	1E10	1E10	1E-30	1E10	1E10
75	6.73E-14	1E-30	1E-10	1E10	1.01E-6	1.56	1E10	1E-30	153E3	1E10	3.31E-5	5640	1E10	3.31E-4	292E3	1.13E-14	4.85E-6	4190	2.1E-15	8.48E-6	3660	1.33E-14	4.05E-7	853	1.03E-14	2.14E-7	590	7.18E-15	1.73E-7	474	5.39E-15	1.52E-7	376	6.49E-15	8.68E-8	298	1E-30	1E10	1E10	1E-30	1E10	1E10	1E-30	1E10	1E10	1E-30	1E10	1E10
76	2.56E-13	1E-30	1E-10	1E10	1.16E-6	1.7	1E10	1E-30	153E3	1E10	3.31E-5	5640	1E10	3.31E-4	292E3	2.01E-14	8.05E-6	4190	3.33E-15	1.34E-5	3660	8.34E-15	8.22E-7	1080	1.69E-14	2.33E-7	578	1.75E-14	1.18E-7	656	2.39E-15	2.81E-7	627	2.83E-16	5.16E-7	1360	1E-30	1E10	1E10	1E-30	1E10	1E10	1E-30	1E10	1E10	1E-30	1E10	1E10
77	2.18E-13	1E-30	1E-10	1E10	1.43E-6	1.9	1E10	1E-30	153E3	1E10	3.8E-5	5640	1E10	3.31E-4	292E3	1.27E-14	5.08E-6	4190	1.75E-15	7.03E-6	3660	8.15E-15	8.03E-7	1080	9.5E-15	1.31E-7	578	8.57E-15	5.78E-8	656	1.58E-15	1.86E-7	627	2.7E-16	4.93E-7	1360	1E-30	1E10	1E10	1E-30	1E10	1E10	1E-30	1E10	1E10	1E-30	1E10	1E10
78	2.62E-13	1E-30	1E-10	1E10	1.8E-6	2.1	1E10	1E-30	153E3	1E10	4.07E-5	5640	1E10	3.16E-4	306E3	2.48E-14	9.91E-6	4190	4.4E-15	1.77E-5	3660	2.05E-14	2.02E-6	1080	2.39E-14	3.29E-7	578	1.63E-14	1.1E-7	656	1.65E-15	1.95E-7	627	2.7E-16	4.93E-7	1360	1E-30	1E10	1E10	1E-30	1E10	1E10	1E-30	1E10	1E10	1E-30	1E10	1E10
79	3.15E-13	1E-30	1E-10	1E10	2.16E-6	2.31	1E10	1E-30	153E3	1E10	4.57E-5	5640	1E10	3.16E-4	306E3	1.76E-14	7.02E-6	4190	3.75E-15	1.51E-5	3660	8.95E-15	8.82E-7	1080	1.81E-14	2.5E-7	578	1.75E-14	1.18E-7	656	2.23E-15	2.63E-7	627	2.46E-16	4.5E-7	1360	1E-30	1E10	1E10	1E-30	1E10	1E10	1E-30	1E10	1E10	1E-30	1E10	1E10
80	3.3E-13	1E-30	1E-10	1E10	2.6E-6	2.58	1E10	1E-30	153E3	1E10	5.01E-5	5640	1E10	3.16E-4	306E3	2.02E-14	8.06E-6	4190	4.61E-15	1.86E-5	3660	9.81E-15	9.67E-7	1080	1.94E-14	2.68E-7	578	2.01E-14	1.35E-7	656	3.62E-15	4.27E-7	627	3.1E-16	5.67E-7	1360	1E-30	1E10	1E10	1E-30	1E10	1E10	1E-30	1E10	1E10	1E-30	1E10	1E10
81	3.38E-13	1E-30	1E-10	1E10	3.2E-6	2.92	1E10	1E-30	153E3	1E10	6.84E-5	8620	1E10	1.1E-3	306E3	3.68E-14	1.47E-5	4190	7.31E-15	2.95E-5	3660	1.05E-14	1.04E-6	1080	1.58E-14	2.18E-7	578	1.36E-14	9.13E-8	656	1.73E-15	2.04E-7	627	3.25E-16	5.94E-7	1360	1E-30	1E10	1E10	1E-30	1E10	1E10	1E-30	1E10	1E10	1E-30	1E10	1E10
82	4.77E-13	1E-30	1E-10	1E10	3.76E-6	3.12	1E10	1E-30	153E3	1E10	7.16E-5	8620	1E10	1.1E-3	306E3	4.63E-14	1.85E-5	4190	5.67E-15	2.29E-5	3660	1.18E-14	1.17E-6	1080	1.44E-14	1.99E-7	578	1.36E-14	9.13E-8	656	2.03E-15	2.4E-7	627	3.48E-16	6.36E-7	1360	1E-30	1E10	1E10	1E-30	1E10	1E10	1E-30	1E10	1E10	1E-30	1E10	1E10
83	3.88E-13	1E-30	1E-10	1E10	4.52E-6	3.45	1E10	1E-30	153E3	1E10	8.41E-5	9670	1E10	1.15E-3	306E3	4.85E-14	1.85E-5	4190	1.42E-14	2.29E-5	3660	1.96E-14	1.17E-6	1080	4.55E-14	1.99E-7	578	2.53E-14	9.13E-8	656	2.13E-15	2.4E-7	627	3.48E-16	6.36E-7	1360	1E-30	1E10	1E10	1E-30	1E10	1E10	1E-30	1E10	1E10	1E-30	1E10	1E10
END DSCRDATA
