UNITS MM,10000;
EDIT proj;
ADD P2 :W0.000000  -0.7904,-2.4500 -0.7904,-43.0600 2.1696,-43.0600 2.1696,-2.4500;
ADD P2 :W0.000000  2.1696,-47.0750 2.1696,-43.0600 -0.7904,-43.0600 -0.7904,-48.1300 0.6896,-48.1300 0.6896,-47.0750;
ADD P2 :W0.000000  12.1696,-44.1150 2.1696,-44.1150 2.1696,-47.0750 12.1696,-47.0750;
ADD P2 :W0.000000  -40.3904,-48.1300 -0.7904,-48.1300 -0.7904,-43.0600 -40.3904,-43.0600;
ADD P2 :W0.000000  -40.3904,-48.1300 -40.3904,-43.0600 -43.3504,-43.0600 -43.3504,-47.0750 -41.8704,-47.0750 -41.8704,-48.1300;
ADD P2 :W0.000000  -43.3504,-2.4500 -43.3504,-43.0600 -40.3904,-43.0600 -40.3904,-2.4500;
ADD P2 :W0.000000  -43.3504,1.5650 -43.3504,-2.4500 -40.3904,-2.4500 -40.3904,2.6200 -41.8704,2.6200 -41.8704,1.5650;
ADD P2 :W0.000000  -43.3504,1.5650 -53.3504,1.5650 -53.3504,-1.3950 -43.3504,-1.3950;
ADD P2 :W0.000000  -40.3904,-2.4500 -0.7904,-2.4500 -0.7904,2.6200 -40.3904,2.6200;
ADD P2 :W0.000000  -0.7904,2.6200 -0.7904,-2.4500 2.1696,-2.4500 2.1696,1.5650 0.6896,1.5650 0.6896,2.6200;
ADD P2 :W0.000000  12.1696,1.5650 2.1696,1.5650 2.1696,-1.3950 12.1696,-1.3950;
ADD P2 :W0.000000  -43.3504,-44.1150 -53.3504,-44.1150 -53.3504,-47.0750 -43.3504,-47.0750;
ADD P2 :W0.000000  12.1696,-44.1150 12.1696,-47.0750 15.5548,-43.6898 12.5948,-43.6898 12.5948,-44.1150;
ADD P2 :W0.000000  12.5948,-23.2898 12.5948,-43.6898 15.5548,-43.6898 15.5548,-23.2898;
ADD P2 :W0.000000  15.5548,-22.0202 15.5548,-1.8202 12.5948,-1.8202 12.5948,-22.0202;
ADD P2 :W0.000000  12.5948,-1.8202 15.5548,-1.8202 12.1696,1.5650 12.1696,-1.3950 12.5948,-1.3950;
ADD P1 :W0.000000  15.4748,-22.9398 16.2748,-22.9398 16.2748,-22.3398 15.4748,-22.3398;
ADD P1 :W0.000000  13.8748,-22.2898 14.6748,-22.2898 14.6748,-21.6898 13.8748,-21.6898;
ADD P1 :W0.000000  13.8748,-23.5898 14.6748,-23.5898 14.6748,-22.9898 13.8748,-22.9898;
ADD P2 :W0.000000  33.6561,-17.4898 31.1284,-17.4898 31.1284,-18.4898 33.6561,-18.4898;
  BEGIN_ASSOC
    ADD N2 :F1.000000 :R0 :T12345 'net=N__14' 0.00, 0.00;
  END_ASSOC
ADD P2 :W0.000000  21.0000,-30.4000 25.7000,-30.4000 25.7000,-25.7000 21.0000,-25.7000;
SAVE;
